1.6160e+01 3.3000e-01 6.4000e+00 1.3300e+01 4.1000e+00 2.8411e+01 1.4532e+01 5.1000e-02 7.6000e+00 1.2900e+01 4.1000e+00 5.4474e+01 9.8370e+00 2.6300e-01 7.3000e+00 1.0600e+01 2.4000e+00 4.1045e+01 9.8280e+00 1.7400e-01 7.4000e+00 1.3300e+01 2.8000e+00 3.7400e+01 1.0580e+01 2.5200e-01 7.4000e+00 1.2100e+01 1.0900e+01 5.9588e+01
1.6576e+01 5.8600e-01 8.8000e+00 1.4100e+01 6.7000e+00 5.0496e+01 1.8974e+01 4.5000e-02 7.3000e+00 1.9500e+01 7.6000e+00 6.6181e+01 9.8280e+00 1.7400e-01 7.4000e+00 1.3300e+01 2.8000e+00 3.7400e+01 1.0580e+01 2.5200e-01 7.4000e+00 1.2100e+01 1.0900e+01 5.9588e+01 1.2574e+01 1.1700e-01 7.4000e+00 1.0900e+01 4.8000e+00 4.5782e+01
1.5316e+01 2.8300e-01 7.6000e+00 1.1700e+01 7.6000e+00 5.1121e+01 1.4502e+01 6.4000e-02 7.5000e+00 1.1500e+01 5.8000e+00 5.8845e+01 1.0580e+01 2.5200e-01 7.4000e+00 1.2100e+01 1.0900e+01 5.9588e+01 1.2574e+01 1.1700e-01 7.4000e+00 1.0900e+01 4.8000e+00 4.5782e+01 1.3080e+01 6.6000e-02 7.5000e+00 1.3000e+01 7.5000e+00 4.9112e+01
1.6710e+01 3.8000e-01 7.2000e+00 1.2900e+01 8.5000e+00 5.8101e+01 9.5080e+00 1.3200e-01 7.5000e+00 1.0000e+01 4.5000e+00 5.8394e+01 1.2574e+01 1.1700e-01 7.4000e+00 1.0900e+01 4.8000e+00 4.5782e+01 1.3080e+01 6.6000e-02 7.5000e+00 1.3000e+01 7.5000e+00 4.9112e+01 1.2746e+01 2.7600e-01 7.4000e+00 8.3000e+00 7.3000e+00 5.5912e+01
5.9750e+00 2.3700e-01 7.2000e+00 9.3000e+00 5.6000e+00 5.4895e+01 7.7240e+00 4.0700e-01 7.4000e+00 9.3000e+00 4.3000e+00 5.8678e+01 1.3080e+01 6.6000e-02 7.5000e+00 1.3000e+01 7.5000e+00 4.9112e+01 1.2746e+01 2.7600e-01 7.4000e+00 8.3000e+00 7.3000e+00 5.5912e+01 1.2394e+01 2.3000e-01 7.4000e+00 8.5000e+00 5.7000e+00 5.6559e+01
9.9600e+00 2.2100e-01 6.9000e+00 1.0100e+01 5.4000e+00 6.4096e+01 9.8200e+00 2.7300e-01 8.3000e+00 1.1000e+01 5.1000e+00 7.7442e+01 1.2746e+01 2.7600e-01 7.4000e+00 8.3000e+00 7.3000e+00 5.5912e+01 1.2394e+01 2.3000e-01 7.4000e+00 8.5000e+00 5.7000e+00 5.6559e+01 6.9340e+00 2.0600e-01 7.0000e+00 8.4000e+00 2.5000e+00 4.8962e+01
3.6270e+00 1.2800e-01 7.5000e+00 7.0000e+00 2.8000e+00 3.2389e+01 3.2170e+00 2.3300e-01 7.4000e+00 9.0000e+00 1.8000e+00 4.3166e+01 1.2394e+01 2.3000e-01 7.4000e+00 8.5000e+00 5.7000e+00 5.6559e+01 6.9340e+00 2.0600e-01 7.0000e+00 8.4000e+00 2.5000e+00 4.8962e+01 2.0160e+00 7.7000e-02 8.1000e+00 8.2000e+00 1.4000e+00 3.8771e+01
5.2130e+00 2.6700e-01 7.4000e+00 7.4000e+00 3.1000e+00 3.7400e+01 2.8780e+00 2.1000e-01 7.2000e+00 7.9000e+00 6.8000e+00 4.5355e+01 6.9340e+00 2.0600e-01 7.0000e+00 8.4000e+00 2.5000e+00 4.8962e+01 2.0160e+00 7.7000e-02 8.1000e+00 8.2000e+00 1.4000e+00 3.8771e+01 4.4400e+00 1.1500e-01 8.0000e+00 5.4000e+00 2.5000e+00 5.0999e+01
1.0588e+01 3.5400e-01 7.5000e+00 9.3000e+00 3.1000e+00 5.9588e+01 4.1940e+00 1.9200e-01 7.5000e+00 9.8000e+00 1.6000e+00 4.0344e+01 2.0160e+00 7.7000e-02 8.1000e+00 8.2000e+00 1.4000e+00 3.8771e+01 4.4400e+00 1.1500e-01 8.0000e+00 5.4000e+00 2.5000e+00 5.0999e+01 8.9400e+00 1.3400e-01 7.7000e+00 6.3000e+00 2.3000e+00 5.5912e+01
1.0248e+01 5.5700e-01 7.3000e+00 8.5000e+00 2.2000e+00 4.5988e+01 5.9100e+00 2.2400e-01 7.4000e+00 8.0000e+00 2.8000e+00 4.5782e+01 4.4400e+00 1.1500e-01 8.0000e+00 5.4000e+00 2.5000e+00 5.0999e+01 8.9400e+00 1.3400e-01 7.7000e+00 6.3000e+00 2.3000e+00 5.5912e+01 1.0788e+01 1.4400e-01 7.7000e+00 5.9000e+00 3.9000e+00 5.2263e+01
1.0948e+01 3.9000e-01 7.6000e+00 9.0000e+00 2.9000e+00 4.4678e+01 9.8370e+00 2.6300e-01 7.3000e+00 1.0600e+01 2.4000e+00 4.1045e+01 8.9400e+00 1.3400e-01 7.7000e+00 6.3000e+00 2.3000e+00 5.5912e+01 1.0788e+01 1.4400e-01 7.7000e+00 5.9000e+00 3.9000e+00 5.2263e+01 1.4592e+01 6.7000e-02 7.7000e+00 9.1000e+00 5.8000e+00 4.1377e+01
1.3762e+01 9.8000e-02 7.3000e+00 1.4400e+01 2.3000e+00 4.0344e+01 9.8280e+00 1.7400e-01 7.4000e+00 1.3300e+01 2.8000e+00 3.7400e+01 1.0788e+01 1.4400e-01 7.7000e+00 5.9000e+00 3.9000e+00 5.2263e+01 1.4592e+01 6.7000e-02 7.7000e+00 9.1000e+00 5.8000e+00 4.1377e+01 1.8696e+01 7.7000e-02 7.2000e+00 1.2100e+01 5.9000e+00 4.5571e+01
1.4532e+01 5.1000e-02 7.6000e+00 1.2900e+01 4.1000e+00 5.4474e+01 1.0580e+01 2.5200e-01 7.4000e+00 1.2100e+01 1.0900e+01 5.9588e+01 1.4592e+01 6.7000e-02 7.7000e+00 9.1000e+00 5.8000e+00 4.1377e+01 1.8696e+01 7.7000e-02 7.2000e+00 1.2100e+01 5.9000e+00 4.5571e+01 2.1936e+01 7.2000e-02 6.7000e+00 1.5600e+01 7.4000e+00 4.7674e+01
1.8974e+01 4.5000e-02 7.3000e+00 1.9500e+01 7.6000e+00 6.6181e+01 1.2574e+01 1.1700e-01 7.4000e+00 1.0900e+01 4.8000e+00 4.5782e+01 1.8696e+01 7.7000e-02 7.2000e+00 1.2100e+01 5.9000e+00 4.5571e+01 2.1936e+01 7.2000e-02 6.7000e+00 1.5600e+01 7.4000e+00 4.7674e+01 1.9584e+01 5.8000e-02 6.6000e+00 1.3500e+01 9.2000e+00 5.7166e+01
1.4502e+01 6.4000e-02 7.5000e+00 1.1500e+01 5.8000e+00 5.8845e+01 1.3080e+01 6.6000e-02 7.5000e+00 1.3000e+01 7.5000e+00 4.9112e+01 2.1936e+01 7.2000e-02 6.7000e+00 1.5600e+01 7.4000e+00 4.7674e+01 1.9584e+01 5.8000e-02 6.6000e+00 1.3500e+01 9.2000e+00 5.7166e+01 2.2032e+01 1.0000e-01 6.8000e+00 1.0200e+01 1.1300e+01 5.3760e+01
9.5080e+00 1.3200e-01 7.5000e+00 1.0000e+01 4.5000e+00 5.8394e+01 1.2746e+01 2.7600e-01 7.4000e+00 8.3000e+00 7.3000e+00 5.5912e+01 1.9584e+01 5.8000e-02 6.6000e+00 1.3500e+01 9.2000e+00 5.7166e+01 2.2032e+01 1.0000e-01 6.8000e+00 1.0200e+01 1.1300e+01 5.3760e+01 1.9949e+01 8.6000e-02 7.0000e+00 9.3000e+00 4.1000e+00 4.9689e+01
7.7240e+00 4.0700e-01 7.4000e+00 9.3000e+00 4.3000e+00 5.8678e+01 1.2394e+01 2.3000e-01 7.4000e+00 8.5000e+00 5.7000e+00 5.6559e+01 2.2032e+01 1.0000e-01 6.8000e+00 1.0200e+01 1.1300e+01 5.3760e+01 1.9949e+01 8.6000e-02 7.0000e+00 9.3000e+00 4.1000e+00 4.9689e+01 1.5379e+01 9.1000e-02 7.0000e+00 6.3000e+00 9.6000e+00 5.6132e+01
9.8200e+00 2.7300e-01 8.3000e+00 1.1000e+01 5.1000e+00 7.7442e+01 6.9340e+00 2.0600e-01 7.0000e+00 8.4000e+00 2.5000e+00 4.8962e+01 1.9949e+01 8.6000e-02 7.0000e+00 9.3000e+00 4.1000e+00 4.9689e+01 1.5379e+01 9.1000e-02 7.0000e+00 6.3000e+00 9.6000e+00 5.6132e+01 5.2450e+00 1.7100e-01 7.1000e+00 5.5000e+00 5.1000e+00 5.9329e+01
3.2170e+00 2.3300e-01 7.4000e+00 9.0000e+00 1.8000e+00 4.3166e+01 2.0160e+00 7.7000e-02 8.1000e+00 8.2000e+00 1.4000e+00 3.8771e+01 1.5379e+01 9.1000e-02 7.0000e+00 6.3000e+00 9.6000e+00 5.6132e+01 5.2450e+00 1.7100e-01 7.1000e+00 5.5000e+00 5.1000e+00 5.9329e+01 8.4990e+00 1.3800e-01 7.1000e+00 3.2000e+00 6.3000e+00 6.6259e+01
2.8780e+00 2.1000e-01 7.2000e+00 7.9000e+00 6.8000e+00 4.5355e+01 4.4400e+00 1.1500e-01 8.0000e+00 5.4000e+00 2.5000e+00 5.0999e+01 5.2450e+00 1.7100e-01 7.1000e+00 5.5000e+00 5.1000e+00 5.9329e+01 8.4990e+00 1.3800e-01 7.1000e+00 3.2000e+00 6.3000e+00 6.6259e+01 5.6910e+00 1.0900e-01 7.5000e+00 4.0000e+00 2.4000e+00 5.6833e+01
4.1940e+00 1.9200e-01 7.5000e+00 9.8000e+00 1.6000e+00 4.0344e+01 8.9400e+00 1.3400e-01 7.7000e+00 6.3000e+00 2.3000e+00 5.5912e+01 8.4990e+00 1.3800e-01 7.1000e+00 3.2000e+00 6.3000e+00 6.6259e+01 5.6910e+00 1.0900e-01 7.5000e+00 4.0000e+00 2.4000e+00 5.6833e+01 9.0060e+00 7.2000e-02 7.6000e+00 4.9000e+00 1.7000e+00 5.5610e+01
5.9100e+00 2.2400e-01 7.4000e+00 8.0000e+00 2.8000e+00 4.5782e+01 1.0788e+01 1.4400e-01 7.7000e+00 5.9000e+00 3.9000e+00 5.2263e+01 5.6910e+00 1.0900e-01 7.5000e+00 4.0000e+00 2.4000e+00 5.6833e+01 9.0060e+00 7.2000e-02 7.6000e+00 4.9000e+00 1.7000e+00 5.5610e+01 7.9450e+00 5.3000e-02 7.8000e+00 6.5000e+00 1.0000e+00 5.1121e+01
9.8370e+00 2.6300e-01 7.3000e+00 1.0600e+01 2.4000e+00 4.1045e+01 1.4592e+01 6.7000e-02 7.7000e+00 9.1000e+00 5.8000e+00 4.1377e+01 9.0060e+00 7.2000e-02 7.6000e+00 4.9000e+00 1.7000e+00 5.5610e+01 7.9450e+00 5.3000e-02 7.8000e+00 6.5000e+00 1.0000e+00 5.1121e+01 9.4380e+00 8.1000e-02 7.7000e+00 6.7000e+00 2.7000e+00 4.5988e+01
9.8280e+00 1.7400e-01 7.4000e+00 1.3300e+01 2.8000e+00 3.7400e+01 1.8696e+01 7.7000e-02 7.2000e+00 1.2100e+01 5.9000e+00 4.5571e+01 7.9450e+00 5.3000e-02 7.8000e+00 6.5000e+00 1.0000e+00 5.1121e+01 9.4380e+00 8.1000e-02 7.7000e+00 6.7000e+00 2.7000e+00 4.5988e+01 1.2956e+01 3.0000e-02 7.6000e+00 9.4000e+00 2.2000e+00 4.5988e+01
1.0580e+01 2.5200e-01 7.4000e+00 1.2100e+01 1.0900e+01 5.9588e+01 2.1936e+01 7.2000e-02 6.7000e+00 1.5600e+01 7.4000e+00 4.7674e+01 9.4380e+00 8.1000e-02 7.7000e+00 6.7000e+00 2.7000e+00 4.5988e+01 1.2956e+01 3.0000e-02 7.6000e+00 9.4000e+00 2.2000e+00 4.5988e+01 1.6732e+01 3.5000e-02 7.1000e+00 1.1200e+01 3.4000e+00 4.7500e+01
1.2574e+01 1.1700e-01 7.4000e+00 1.0900e+01 4.8000e+00 4.5782e+01 1.9584e+01 5.8000e-02 6.6000e+00 1.3500e+01 9.2000e+00 5.7166e+01 1.2956e+01 3.0000e-02 7.6000e+00 9.4000e+00 2.2000e+00 4.5988e+01 1.6732e+01 3.5000e-02 7.1000e+00 1.1200e+01 3.4000e+00 4.7500e+01 1.7325e+01 4.4000e-02 7.6000e+00 9.7000e+00 7.8000e+00 4.7324e+01
1.3080e+01 6.6000e-02 7.5000e+00 1.3000e+01 7.5000e+00 4.9112e+01 2.2032e+01 1.0000e-01 6.8000e+00 1.0200e+01 1.1300e+01 5.3760e+01 1.6732e+01 3.5000e-02 7.1000e+00 1.1200e+01 3.4000e+00 4.7500e+01 1.7325e+01 4.4000e-02 7.6000e+00 9.7000e+00 7.8000e+00 4.7324e+01 1.6596e+01 5.2000e-02 7.6000e+00 1.1200e+01 7.8000e+00 4.5355e+01
1.2746e+01 2.7600e-01 7.4000e+00 8.3000e+00 7.3000e+00 5.5912e+01 1.9949e+01 8.6000e-02 7.0000e+00 9.3000e+00 4.1000e+00 4.9689e+01 1.7325e+01 4.4000e-02 7.6000e+00 9.7000e+00 7.8000e+00 4.7324e+01 1.6596e+01 5.2000e-02 7.6000e+00 1.1200e+01 7.8000e+00 4.5355e+01 1.2325e+01 7.9000e-02 7.5000e+00 5.8000e+00 5.1000e+00 5.6697e+01
1.2394e+01 2.3000e-01 7.4000e+00 8.5000e+00 5.7000e+00 5.6559e+01 1.5379e+01 9.1000e-02 7.0000e+00 6.3000e+00 9.6000e+00 5.6132e+01 1.6596e+01 5.2000e-02 7.6000e+00 1.1200e+01 7.8000e+00 4.5355e+01 1.2325e+01 7.9000e-02 7.5000e+00 5.8000e+00 5.1000e+00 5.6697e+01 9.4130e+00 9.2000e-02 7.1000e+00 4.6000e+00 3.1000e+00 4.8499e+01
6.9340e+00 2.0600e-01 7.0000e+00 8.4000e+00 2.5000e+00 4.8962e+01 5.2450e+00 1.7100e-01 7.1000e+00 5.5000e+00 5.1000e+00 5.9329e+01 1.2325e+01 7.9000e-02 7.5000e+00 5.8000e+00 5.1000e+00 5.6697e+01 9.4130e+00 9.2000e-02 7.1000e+00 4.6000e+00 3.1000e+00 4.8499e+01 8.5420e+00 7.6000e-02 7.8000e+00 7.3000e+00 3.0000e+00 6.2138e+01
2.0160e+00 7.7000e-02 8.1000e+00 8.2000e+00 1.4000e+00 3.8771e+01 8.4990e+00 1.3800e-01 7.1000e+00 3.2000e+00 6.3000e+00 6.6259e+01 9.4130e+00 9.2000e-02 7.1000e+00 4.6000e+00 3.1000e+00 4.8499e+01 8.5420e+00 7.6000e-02 7.8000e+00 7.3000e+00 3.0000e+00 6.2138e+01 7.2230e+00 7.7000e-02 7.5000e+00 6.8000e+00 5.9000e+00 6.9075e+01
4.4400e+00 1.1500e-01 8.0000e+00 5.4000e+00 2.5000e+00 5.0999e+01 5.6910e+00 1.0900e-01 7.5000e+00 4.0000e+00 2.4000e+00 5.6833e+01 8.5420e+00 7.6000e-02 7.8000e+00 7.3000e+00 3.0000e+00 6.2138e+01 7.2230e+00 7.7000e-02 7.5000e+00 6.8000e+00 5.9000e+00 6.9075e+01 6.6900e+00 1.3100e-01 7.3000e+00 4.1000e+00 3.7000e+00 4.6190e+01
8.9400e+00 1.3400e-01 7.7000e+00 6.3000e+00 2.3000e+00 5.5912e+01 9.0060e+00 7.2000e-02 7.6000e+00 4.9000e+00 1.7000e+00 5.5610e+01 7.2230e+00 7.7000e-02 7.5000e+00 6.8000e+00 5.9000e+00 6.9075e+01 6.6900e+00 1.3100e-01 7.3000e+00 4.1000e+00 3.7000e+00 4.6190e+01 8.6840e+00 1.1300e-01 7.4000e+00 4.7000e+00 2.3000e+00 5.3667e+01
1.0788e+01 1.4400e-01 7.7000e+00 5.9000e+00 3.9000e+00 5.2263e+01 7.9450e+00 5.3000e-02 7.8000e+00 6.5000e+00 1.0000e+00 5.1121e+01 6.6900e+00 1.3100e-01 7.3000e+00 4.1000e+00 3.7000e+00 4.6190e+01 8.6840e+00 1.1300e-01 7.4000e+00 4.7000e+00 2.3000e+00 5.3667e+01 1.0820e+01 4.2000e-02 7.2000e+00 5.6000e+00 2.2000e+00 5.2476e+01
1.4592e+01 6.7000e-02 7.7000e+00 9.1000e+00 5.8000e+00 4.1377e+01 9.4380e+00 8.1000e-02 7.7000e+00 6.7000e+00 2.7000e+00 4.5988e+01 8.6840e+00 1.1300e-01 7.4000e+00 4.7000e+00 2.3000e+00 5.3667e+01 1.0820e+01 4.2000e-02 7.2000e+00 5.6000e+00 2.2000e+00 5.2476e+01 1.0825e+01 4.9000e-02 7.5000e+00 7.6000e+00 5.2000e+00 4.5135e+01
1.8696e+01 7.7000e-02 7.2000e+00 1.2100e+01 5.9000e+00 4.5571e+01 1.2956e+01 3.0000e-02 7.6000e+00 9.4000e+00 2.2000e+00 4.5988e+01 1.0820e+01 4.2000e-02 7.2000e+00 5.6000e+00 2.2000e+00 5.2476e+01 1.0825e+01 4.9000e-02 7.5000e+00 7.6000e+00 5.2000e+00 4.5135e+01 1.0768e+01 5.7000e-02 7.9000e+00 9.3000e+00 2.2000e+00 3.3901e+01
2.1936e+01 7.2000e-02 6.7000e+00 1.5600e+01 7.4000e+00 4.7674e+01 1.6732e+01 3.5000e-02 7.1000e+00 1.1200e+01 3.4000e+00 4.7500e+01 1.0825e+01 4.9000e-02 7.5000e+00 7.6000e+00 5.2000e+00 4.5135e+01 1.0768e+01 5.7000e-02 7.9000e+00 9.3000e+00 2.2000e+00 3.3901e+01 1.5106e+01 4.2000e-02 8.1000e+00 1.0900e+01 6.2000e+00 5.0876e+01
1.9584e+01 5.8000e-02 6.6000e+00 1.3500e+01 9.2000e+00 5.7166e+01 1.7325e+01 4.4000e-02 7.6000e+00 9.7000e+00 7.8000e+00 4.7324e+01 1.0768e+01 5.7000e-02 7.9000e+00 9.3000e+00 2.2000e+00 3.3901e+01 1.5106e+01 4.2000e-02 8.1000e+00 1.0900e+01 6.2000e+00 5.0876e+01 1.5677e+01 5.2000e-02 7.5000e+00 9.1000e+00 8.1000e+00 3.1535e+01
2.2032e+01 1.0000e-01 6.8000e+00 1.0200e+01 1.1300e+01 5.3760e+01 1.6596e+01 5.2000e-02 7.6000e+00 1.1200e+01 7.8000e+00 4.5355e+01 1.5106e+01 4.2000e-02 8.1000e+00 1.0900e+01 6.2000e+00 5.0876e+01 1.5677e+01 5.2000e-02 7.5000e+00 9.1000e+00 8.1000e+00 3.1535e+01 1.3489e+01 6.0000e-02 7.8000e+00 8.8000e+00 5.1000e+00 3.8771e+01
1.9949e+01 8.6000e-02 7.0000e+00 9.3000e+00 4.1000e+00 4.9689e+01 1.2325e+01 7.9000e-02 7.5000e+00 5.8000e+00 5.1000e+00 5.6697e+01 1.5677e+01 5.2000e-02 7.5000e+00 9.1000e+00 8.1000e+00 3.1535e+01 1.3489e+01 6.0000e-02 7.8000e+00 8.8000e+00 5.1000e+00 3.8771e+01 1.4559e+01 5.5000e-02 7.6000e+00 7.0000e+00 5.0000e+00 6.0467e+01
1.5379e+01 9.1000e-02 7.0000e+00 6.3000e+00 9.6000e+00 5.6132e+01 9.4130e+00 9.2000e-02 7.1000e+00 4.6000e+00 3.1000e+00 4.8499e+01 1.3489e+01 6.0000e-02 7.8000e+00 8.8000e+00 5.1000e+00 3.8771e+01 1.4559e+01 5.5000e-02 7.6000e+00 7.0000e+00 5.0000e+00 6.0467e+01 7.4880e+00 7.1000e-02 7.5000e+00 5.4000e+00 8.1000e+00 5.1934e+01
5.2450e+00 1.7100e-01 7.1000e+00 5.5000e+00 5.1000e+00 5.9329e+01 8.5420e+00 7.6000e-02 7.8000e+00 7.3000e+00 3.0000e+00 6.2138e+01 1.4559e+01 5.5000e-02 7.6000e+00 7.0000e+00 5.0000e+00 6.0467e+01 7.4880e+00 7.1000e-02 7.5000e+00 5.4000e+00 8.1000e+00 5.1934e+01 6.0830e+00 6.1000e-02 7.8000e+00 6.3000e+00 3.1000e+00 6.4160e+01
8.4990e+00 1.3800e-01 7.1000e+00 3.2000e+00 6.3000e+00 6.6259e+01 7.2230e+00 7.7000e-02 7.5000e+00 6.8000e+00 5.9000e+00 6.9075e+01 7.4880e+00 7.1000e-02 7.5000e+00 5.4000e+00 8.1000e+00 5.1934e+01 6.0830e+00 6.1000e-02 7.8000e+00 6.3000e+00 3.1000e+00 6.4160e+01 5.2670e+00 6.7000e-02 7.7000e+00 6.8000e+00 2.2000e+00 6.3183e+01
5.6910e+00 1.0900e-01 7.5000e+00 4.0000e+00 2.4000e+00 5.6833e+01 6.6900e+00 1.3100e-01 7.3000e+00 4.1000e+00 3.7000e+00 4.6190e+01 6.0830e+00 6.1000e-02 7.8000e+00 6.3000e+00 3.1000e+00 6.4160e+01 5.2670e+00 6.7000e-02 7.7000e+00 6.8000e+00 2.2000e+00 6.3183e+01 4.3260e+00 9.7000e-02 7.5000e+00 6.1000e+00 3.5000e+00 7.0245e+01
9.0060e+00 7.2000e-02 7.6000e+00 4.9000e+00 1.7000e+00 5.5610e+01 8.6840e+00 1.1300e-01 7.4000e+00 4.7000e+00 2.3000e+00 5.3667e+01 5.2670e+00 6.7000e-02 7.7000e+00 6.8000e+00 2.2000e+00 6.3183e+01 4.3260e+00 9.7000e-02 7.5000e+00 6.1000e+00 3.5000e+00 7.0245e+01 6.0520e+00 7.2000e-02 7.6000e+00 6.0000e+00 1.7000e+00 5.4474e+01
7.9450e+00 5.3000e-02 7.8000e+00 6.5000e+00 1.0000e+00 5.1121e+01 1.0820e+01 4.2000e-02 7.2000e+00 5.6000e+00 2.2000e+00 5.2476e+01 4.3260e+00 9.7000e-02 7.5000e+00 6.1000e+00 3.5000e+00 7.0245e+01 6.0520e+00 7.2000e-02 7.6000e+00 6.0000e+00 1.7000e+00 5.4474e+01 4.8540e+00 1.0900e-01 7.6000e+00 5.4000e+00 1.6000e+00 4.6389e+01
9.4380e+00 8.1000e-02 7.7000e+00 6.7000e+00 2.7000e+00 4.5988e+01 1.0825e+01 4.9000e-02 7.5000e+00 7.6000e+00 5.2000e+00 4.5135e+01 6.0520e+00 7.2000e-02 7.6000e+00 6.0000e+00 1.7000e+00 5.4474e+01 4.8540e+00 1.0900e-01 7.6000e+00 5.4000e+00 1.6000e+00 4.6389e+01 7.1140e+00 9.3000e-02 7.5000e+00 1.0100e+01 1.3000e+00 3.7400e+01
1.2956e+01 3.0000e-02 7.6000e+00 9.4000e+00 2.2000e+00 4.5988e+01 1.0768e+01 5.7000e-02 7.9000e+00 9.3000e+00 2.2000e+00 3.3901e+01 4.8540e+00 1.0900e-01 7.6000e+00 5.4000e+00 1.6000e+00 4.6389e+01 7.1140e+00 9.3000e-02 7.5000e+00 1.0100e+01 1.3000e+00 3.7400e+01 9.2160e+00 5.2000e-02 7.7000e+00 1.1800e+01 1.1000e+00 4.2312e+01
1.6732e+01 3.5000e-02 7.1000e+00 1.1200e+01 3.4000e+00 4.7500e+01 1.5106e+01 4.2000e-02 8.1000e+00 1.0900e+01 6.2000e+00 5.0876e+01 7.1140e+00 9.3000e-02 7.5000e+00 1.0100e+01 1.3000e+00 3.7400e+01 9.2160e+00 5.2000e-02 7.7000e+00 1.1800e+01 1.1000e+00 4.2312e+01 9.0750e+00 5.3000e-02 7.5000e+00 1.0000e+01 2.0000e+00 4.0701e+01
1.7325e+01 4.4000e-02 7.6000e+00 9.7000e+00 7.8000e+00 4.7324e+01 1.5677e+01 5.2000e-02 7.5000e+00 9.1000e+00 8.1000e+00 3.1535e+01 9.2160e+00 5.2000e-02 7.7000e+00 1.1800e+01 1.1000e+00 4.2312e+01 9.0750e+00 5.3000e-02 7.5000e+00 1.0000e+01 2.0000e+00 4.0701e+01 1.1828e+01 1.9000e-02 7.5000e+00 1.1500e+01 3.6000e+00 4.1045e+01
1.6596e+01 5.2000e-02 7.6000e+00 1.1200e+01 7.8000e+00 4.5355e+01 1.3489e+01 6.0000e-02 7.8000e+00 8.8000e+00 5.1000e+00 3.8771e+01 9.0750e+00 5.3000e-02 7.5000e+00 1.0000e+01 2.0000e+00 4.0701e+01 1.1828e+01 1.9000e-02 7.5000e+00 1.1500e+01 3.6000e+00 4.1045e+01 1.3461e+01 4.7000e-02 7.5000e+00 9.8000e+00 7.3000e+00 5.2890e+01
1.2325e+01 7.9000e-02 7.5000e+00 5.8000e+00 5.1000e+00 5.6697e+01 1.4559e+01 5.5000e-02 7.6000e+00 7.0000e+00 5.0000e+00 6.0467e+01 1.1828e+01 1.9000e-02 7.5000e+00 1.1500e+01 3.6000e+00 4.1045e+01 1.3461e+01 4.7000e-02 7.5000e+00 9.8000e+00 7.3000e+00 5.2890e+01 9.5140e+00 5.1000e-02 7.3000e+00 6.3000e+00 4.8000e+00 4.7845e+01
9.4130e+00 9.2000e-02 7.1000e+00 4.6000e+00 3.1000e+00 4.8499e+01 7.4880e+00 7.1000e-02 7.5000e+00 5.4000e+00 8.1000e+00 5.1934e+01 1.3461e+01 4.7000e-02 7.5000e+00 9.8000e+00 7.3000e+00 5.2890e+01 9.5140e+00 5.1000e-02 7.3000e+00 6.3000e+00 4.8000e+00 4.7845e+01 8.0540e+00 3.5000e-02 7.4000e+00 6.4000e+00 3.1000e+00 5.5219e+01
8.5420e+00 7.6000e-02 7.8000e+00 7.3000e+00 3.0000e+00 6.2138e+01 6.0830e+00 6.1000e-02 7.8000e+00 6.3000e+00 3.1000e+00 6.4160e+01 9.5140e+00 5.1000e-02 7.3000e+00 6.3000e+00 4.8000e+00 4.7845e+01 8.0540e+00 3.5000e-02 7.4000e+00 6.4000e+00 3.1000e+00 5.5219e+01 5.8490e+00 5.1000e-02 7.5000e+00 7.0000e+00 2.0000e+00 5.2990e+01
7.2230e+00 7.7000e-02 7.5000e+00 6.8000e+00 5.9000e+00 6.9075e+01 5.2670e+00 6.7000e-02 7.7000e+00 6.8000e+00 2.2000e+00 6.3183e+01 8.0540e+00 3.5000e-02 7.4000e+00 6.4000e+00 3.1000e+00 5.5219e+01 5.8490e+00 5.1000e-02 7.5000e+00 7.0000e+00 2.0000e+00 5.2990e+01 5.2670e+00 8.1000e-02 7.3000e+00 6.8000e+00 1.0000e+00 4.3166e+01
6.6900e+00 1.3100e-01 7.3000e+00 4.1000e+00 3.7000e+00 4.6190e+01 4.3260e+00 9.7000e-02 7.5000e+00 6.1000e+00 3.5000e+00 7.0245e+01 5.8490e+00 5.1000e-02 7.5000e+00 7.0000e+00 2.0000e+00 5.2990e+01 5.2670e+00 8.1000e-02 7.3000e+00 6.8000e+00 1.0000e+00 4.3166e+01 4.4550e+00 5.6000e-02 7.5000e+00 6.0000e+00 1.3000e+00 4.4678e+01
8.6840e+00 1.1300e-01 7.4000e+00 4.7000e+00 2.3000e+00 5.3667e+01 6.0520e+00 7.2000e-02 7.6000e+00 6.0000e+00 1.7000e+00 5.4474e+01 5.2670e+00 8.1000e-02 7.3000e+00 6.8000e+00 1.0000e+00 4.3166e+01 4.4550e+00 5.6000e-02 7.5000e+00 6.0000e+00 1.3000e+00 4.4678e+01 5.3400e+00 4.5000e-02 7.6000e+00 7.4000e+00 1.4000e+00 5.2685e+01
1.0820e+01 4.2000e-02 7.2000e+00 5.6000e+00 2.2000e+00 5.2476e+01 4.8540e+00 1.0900e-01 7.6000e+00 5.4000e+00 1.6000e+00 4.6389e+01 4.4550e+00 5.6000e-02 7.5000e+00 6.0000e+00 1.3000e+00 4.4678e+01 5.3400e+00 4.5000e-02 7.6000e+00 7.4000e+00 1.4000e+00 5.2685e+01 5.6900e+00 4.2000e-02 7.4000e+00 8.3000e+00 1.5000e+00 4.2312e+01
1.0825e+01 4.9000e-02 7.5000e+00 7.6000e+00 5.2000e+00 4.5135e+01 7.1140e+00 9.3000e-02 7.5000e+00 1.0100e+01 1.3000e+00 3.7400e+01 5.3400e+00 4.5000e-02 7.6000e+00 7.4000e+00 1.4000e+00 5.2685e+01 5.6900e+00 4.2000e-02 7.4000e+00 8.3000e+00 1.5000e+00 4.2312e+01 5.8850e+00 3.2000e-02 7.5000e+00 7.9000e+00 2.7000e+00 4.2605e+01
1.0768e+01 5.7000e-02 7.9000e+00 9.3000e+00 2.2000e+00 3.3901e+01 9.2160e+00 5.2000e-02 7.7000e+00 1.1800e+01 1.1000e+00 4.2312e+01 5.6900e+00 4.2000e-02 7.4000e+00 8.3000e+00 1.5000e+00 4.2312e+01 5.8850e+00 3.2000e-02 7.5000e+00 7.9000e+00 2.7000e+00 4.2605e+01 8.2490e+00 5.6000e-02 7.5000e+00 1.4300e+01 2.1000e+00 3.5805e+01
1.5106e+01 4.2000e-02 8.1000e+00 1.0900e+01 6.2000e+00 5.0876e+01 9.0750e+00 5.3000e-02 7.5000e+00 1.0000e+01 2.0000e+00 4.0701e+01 5.8850e+00 3.2000e-02 7.5000e+00 7.9000e+00 2.7000e+00 4.2605e+01 8.2490e+00 5.6000e-02 7.5000e+00 1.4300e+01 2.1000e+00 3.5805e+01 1.0616e+01 4.1000e-02 7.7000e+00 1.2000e+01 2.2000e+00 3.6897e+01
1.5677e+01 5.2000e-02 7.5000e+00 9.1000e+00 8.1000e+00 3.1535e+01 1.1828e+01 1.9000e-02 7.5000e+00 1.1500e+01 3.6000e+00 4.1045e+01 8.2490e+00 5.6000e-02 7.5000e+00 1.4300e+01 2.1000e+00 3.5805e+01 1.0616e+01 4.1000e-02 7.7000e+00 1.2000e+01 2.2000e+00 3.6897e+01 1.2793e+01 2.6000e-02 7.5000e+00 1.1400e+01 3.1000e+00 5.0876e+01
1.3489e+01 6.0000e-02 7.8000e+00 8.8000e+00 5.1000e+00 3.8771e+01 1.3461e+01 4.7000e-02 7.5000e+00 9.8000e+00 7.3000e+00 5.2890e+01 1.0616e+01 4.1000e-02 7.7000e+00 1.2000e+01 2.2000e+00 3.6897e+01 1.2793e+01 2.6000e-02 7.5000e+00 1.1400e+01 3.1000e+00 5.0876e+01 1.3495e+01 4.6000e-02 7.4000e+00 8.6000e+00 1.5200e+01 6.4841e+01
1.4559e+01 5.5000e-02 7.6000e+00 7.0000e+00 5.0000e+00 6.0467e+01 9.5140e+00 5.1000e-02 7.3000e+00 6.3000e+00 4.8000e+00 4.7845e+01 1.2793e+01 2.6000e-02 7.5000e+00 1.1400e+01 3.1000e+00 5.0876e+01 1.3495e+01 4.6000e-02 7.4000e+00 8.6000e+00 1.5200e+01 6.4841e+01 1.0609e+01 5.4000e-02 7.3000e+00 6.5000e+00 1.2200e+01 5.0624e+01
7.4880e+00 7.1000e-02 7.5000e+00 5.4000e+00 8.1000e+00 5.1934e+01 8.0540e+00 3.5000e-02 7.4000e+00 6.4000e+00 3.1000e+00 5.5219e+01 1.3495e+01 4.6000e-02 7.4000e+00 8.6000e+00 1.5200e+01 6.4841e+01 1.0609e+01 5.4000e-02 7.3000e+00 6.5000e+00 1.2200e+01 5.0624e+01 7.8420e+00 7.4000e-02 7.2000e+00 6.1000e+00 4.0000e+00 5.3667e+01
6.0830e+00 6.1000e-02 7.8000e+00 6.3000e+00 3.1000e+00 6.4160e+01 5.8490e+00 5.1000e-02 7.5000e+00 7.0000e+00 2.0000e+00 5.2990e+01 1.0609e+01 5.4000e-02 7.3000e+00 6.5000e+00 1.2200e+01 5.0624e+01 7.8420e+00 7.4000e-02 7.2000e+00 6.1000e+00 4.0000e+00 5.3667e+01 5.4570e+00 5.8000e-02 7.6000e+00 6.8000e+00 2.6000e+00 7.0928e+01
5.2670e+00 6.7000e-02 7.7000e+00 6.8000e+00 2.2000e+00 6.3183e+01 5.2670e+00 8.1000e-02 7.3000e+00 6.8000e+00 1.0000e+00 4.3166e+01 7.8420e+00 7.4000e-02 7.2000e+00 6.1000e+00 4.0000e+00 5.3667e+01 5.4570e+00 5.8000e-02 7.6000e+00 6.8000e+00 2.6000e+00 7.0928e+01 4.5270e+00 9.5000e-02 7.3000e+00 4.7000e+00 2.9000e+00 6.1817e+01
4.3260e+00 9.7000e-02 7.5000e+00 6.1000e+00 3.5000e+00 7.0245e+01 4.4550e+00 5.6000e-02 7.5000e+00 6.0000e+00 1.3000e+00 4.4678e+01 5.4570e+00 5.8000e-02 7.6000e+00 6.8000e+00 2.6000e+00 7.0928e+01 4.5270e+00 9.5000e-02 7.3000e+00 4.7000e+00 2.9000e+00 6.1817e+01 4.8550e+00 1.0900e-01 7.6000e+00 4.8000e+00 2.4000e+00 6.8328e+01
6.0520e+00 7.2000e-02 7.6000e+00 6.0000e+00 1.7000e+00 5.4474e+01 5.3400e+00 4.5000e-02 7.6000e+00 7.4000e+00 1.4000e+00 5.2685e+01 4.5270e+00 9.5000e-02 7.3000e+00 4.7000e+00 2.9000e+00 6.1817e+01 4.8550e+00 1.0900e-01 7.6000e+00 4.8000e+00 2.4000e+00 6.8328e+01 4.3400e+00 9.7000e-02 7.6000e+00 5.9000e+00 2.2000e+00 5.9689e+01
4.8540e+00 1.0900e-01 7.6000e+00 5.4000e+00 1.6000e+00 4.6389e+01 5.6900e+00 4.2000e-02 7.4000e+00 8.3000e+00 1.5000e+00 4.2312e+01 4.8550e+00 1.0900e-01 7.6000e+00 4.8000e+00 2.4000e+00 6.8328e+01 4.3400e+00 9.7000e-02 7.6000e+00 5.9000e+00 2.2000e+00 5.9689e+01 5.4320e+00 7.9000e-02 7.5000e+00 8.2000e+00 1.7000e+00 4.4909e+01
7.1140e+00 9.3000e-02 7.5000e+00 1.0100e+01 1.3000e+00 3.7400e+01 5.8850e+00 3.2000e-02 7.5000e+00 7.9000e+00 2.7000e+00 4.2605e+01 4.3400e+00 9.7000e-02 7.6000e+00 5.9000e+00 2.2000e+00 5.9689e+01 5.4320e+00 7.9000e-02 7.5000e+00 8.2000e+00 1.7000e+00 4.4909e+01 5.8460e+00 5.9000e-02 7.5000e+00 9.1000e+00 1.2000e+00 4.6583e+01
9.2160e+00 5.2000e-02 7.7000e+00 1.1800e+01 1.1000e+00 4.2312e+01 8.2490e+00 5.6000e-02 7.5000e+00 1.4300e+01 2.1000e+00 3.5805e+01 5.4320e+00 7.9000e-02 7.5000e+00 8.2000e+00 1.7000e+00 4.4909e+01 5.8460e+00 5.9000e-02 7.5000e+00 9.1000e+00 1.2000e+00 4.6583e+01 6.1930e+00 3.5000e-02 7.4000e+00 1.0100e+01 1.9000e+00 4.6583e+01
1.1828e+01 1.9000e-02 7.5000e+00 1.1500e+01 3.6000e+00 4.1045e+01 1.2793e+01 2.6000e-02 7.5000e+00 1.1400e+01 3.1000e+00 5.0876e+01 6.1930e+00 3.5000e-02 7.4000e+00 1.0100e+01 1.9000e+00 4.6583e+01 4.4400e+00 5.1000e-02 7.8000e+00 1.0400e+01 1.9000e+00 4.9548e+01 1.3090e+01 3.6000e-02 7.5000e+00 1.1200e+01 6.2000e+00 5.8101e+01
1.3461e+01 4.7000e-02 7.5000e+00 9.8000e+00 7.3000e+00 5.2890e+01 1.3495e+01 4.6000e-02 7.4000e+00 8.6000e+00 1.5200e+01 6.4841e+01 4.4400e+00 5.1000e-02 7.8000e+00 1.0400e+01 1.9000e+00 4.9548e+01 1.3090e+01 3.6000e-02 7.5000e+00 1.1200e+01 6.2000e+00 5.8101e+01 1.0656e+01 3.3000e-02 7.6000e+00 9.2000e+00 1.0100e+01 5.2263e+01
9.5140e+00 5.1000e-02 7.3000e+00 6.3000e+00 4.8000e+00 4.7845e+01 1.0609e+01 5.4000e-02 7.3000e+00 6.5000e+00 1.2200e+01 5.0624e+01 1.3090e+01 3.6000e-02 7.5000e+00 1.1200e+01 6.2000e+00 5.8101e+01 1.0656e+01 3.3000e-02 7.6000e+00 9.2000e+00 1.0100e+01 5.2263e+01 8.8030e+00 3.3000e-02 7.5000e+00 8.1000e+00 4.6000e+00 5.5912e+01
8.0540e+00 3.5000e-02 7.4000e+00 6.4000e+00 3.1000e+00 5.5219e+01 7.8420e+00 7.4000e-02 7.2000e+00 6.1000e+00 4.0000e+00 5.3667e+01 1.0656e+01 3.3000e-02 7.6000e+00 9.2000e+00 1.0100e+01 5.2263e+01 8.8030e+00 3.3000e-02 7.5000e+00 8.1000e+00 4.6000e+00 5.5912e+01 8.1350e+00 4.8000e-02 7.6000e+00 8.2000e+00 6.3000e+00 5.9890e+01
5.8490e+00 5.1000e-02 7.5000e+00 7.0000e+00 2.0000e+00 5.2990e+01 5.4570e+00 5.8000e-02 7.6000e+00 6.8000e+00 2.6000e+00 7.0928e+01 8.8030e+00 3.3000e-02 7.5000e+00 8.1000e+00 4.6000e+00 5.5912e+01 8.1350e+00 4.8000e-02 7.6000e+00 8.2000e+00 6.3000e+00 5.9890e+01 4.2220e+00 6.7000e-02 7.1000e+00 4.7000e+00 2.3000e+00 5.7860e+01
5.2670e+00 8.1000e-02 7.3000e+00 6.8000e+00 1.0000e+00 4.3166e+01 4.5270e+00 9.5000e-02 7.3000e+00 4.7000e+00 2.9000e+00 6.1817e+01 8.1350e+00 4.8000e-02 7.6000e+00 8.2000e+00 6.3000e+00 5.9890e+01 4.2220e+00 6.7000e-02 7.1000e+00 4.7000e+00 2.3000e+00 5.7860e+01 4.7990e+00 5.0000e-02 7.4000e+00 5.7000e+00 1.8000e+00 5.9890e+01
4.4550e+00 5.6000e-02 7.5000e+00 6.0000e+00 1.3000e+00 4.4678e+01 4.8550e+00 1.0900e-01 7.6000e+00 4.8000e+00 2.4000e+00 6.8328e+01 4.2220e+00 6.7000e-02 7.1000e+00 4.7000e+00 2.3000e+00 5.7860e+01 4.7990e+00 5.0000e-02 7.4000e+00 5.7000e+00 1.8000e+00 5.9890e+01 3.6920e+00 8.0000e-02 7.3000e+00 4.6000e+00 2.1000e+00 4.6773e+01
5.3400e+00 4.5000e-02 7.6000e+00 7.4000e+00 1.4000e+00 5.2685e+01 4.3400e+00 9.7000e-02 7.6000e+00 5.9000e+00 2.2000e+00 5.9689e+01 4.7990e+00 5.0000e-02 7.4000e+00 5.7000e+00 1.8000e+00 5.9890e+01 3.6920e+00 8.0000e-02 7.3000e+00 4.6000e+00 2.1000e+00 4.6773e+01 3.9150e+00 7.2000e-02 7.0000e+00 3.6000e+00 2.8000e+00 3.5805e+01
5.6900e+00 4.2000e-02 7.4000e+00 8.3000e+00 1.5000e+00 4.2312e+01 5.4320e+00 7.9000e-02 7.5000e+00 8.2000e+00 1.7000e+00 4.4909e+01 3.6920e+00 8.0000e-02 7.3000e+00 4.6000e+00 2.1000e+00 4.6773e+01 3.9150e+00 7.2000e-02 7.0000e+00 3.6000e+00 2.8000e+00 3.5805e+01 5.4540e+00 5.9000e-02 7.0000e+00 5.7000e+00 1.5000e+00 4.8656e+01
5.8850e+00 3.2000e-02 7.5000e+00 7.9000e+00 2.7000e+00 4.2605e+01 5.8460e+00 5.9000e-02 7.5000e+00 9.1000e+00 1.2000e+00 4.6583e+01 3.9150e+00 7.2000e-02 7.0000e+00 3.6000e+00 2.8000e+00 3.5805e+01 5.4540e+00 5.9000e-02 7.0000e+00 5.7000e+00 1.5000e+00 4.8656e+01 7.1910e+00 3.7000e-02 7.2000e+00 7.4000e+00 7.0000e-01 2.8411e+01
8.2490e+00 5.6000e-02 7.5000e+00 1.4300e+01 2.1000e+00 3.5805e+01 6.1930e+00 3.5000e-02 7.4000e+00 1.0100e+01 1.9000e+00 4.6583e+01 5.4540e+00 5.9000e-02 7.0000e+00 5.7000e+00 1.5000e+00 4.8656e+01 7.1910e+00 3.7000e-02 7.2000e+00 7.4000e+00 7.0000e-01 2.8411e+01 8.9260e+00 3.5000e-02 7.4000e+00 8.3000e+00 1.5000e+00 3.1535e+01
1.0616e+01 4.1000e-02 7.7000e+00 1.2000e+01 2.2000e+00 3.6897e+01 4.4400e+00 5.1000e-02 7.8000e+00 1.0400e+01 1.9000e+00 4.9548e+01 7.1910e+00 3.7000e-02 7.2000e+00 7.4000e+00 7.0000e-01 2.8411e+01 8.9260e+00 3.5000e-02 7.4000e+00 8.3000e+00 1.5000e+00 3.1535e+01 8.0300e+00 3.0000e-02 7.7000e+00 1.0700e+01 2.0000e+00 3.5211e+01
1.2793e+01 2.6000e-02 7.5000e+00 1.1400e+01 3.1000e+00 5.0876e+01 1.3090e+01 3.6000e-02 7.5000e+00 1.1200e+01 6.2000e+00 5.8101e+01 8.9260e+00 3.5000e-02 7.4000e+00 8.3000e+00 1.5000e+00 3.1535e+01 8.0300e+00 3.0000e-02 7.7000e+00 1.0700e+01 2.0000e+00 3.5211e+01 9.9980e+00 3.1000e-02 7.9000e+00 7.1000e+00 3.1000e+00 4.7144e+01
1.3495e+01 4.6000e-02 7.4000e+00 8.6000e+00 1.5200e+01 6.4841e+01 1.0656e+01 3.3000e-02 7.6000e+00 9.2000e+00 1.0100e+01 5.2263e+01 8.0300e+00 3.0000e-02 7.7000e+00 1.0700e+01 2.0000e+00 3.5211e+01 9.9980e+00 3.1000e-02 7.9000e+00 7.1000e+00 3.1000e+00 4.7144e+01 7.7750e+00 2.5000e-02 8.0000e+00 8.4000e+00 2.6000e+00 4.3951e+01
1.0609e+01 5.4000e-02 7.3000e+00 6.5000e+00 1.2200e+01 5.0624e+01 8.8030e+00 3.3000e-02 7.5000e+00 8.1000e+00 4.6000e+00 5.5912e+01 9.9980e+00 3.1000e-02 7.9000e+00 7.1000e+00 3.1000e+00 4.7144e+01 7.7750e+00 2.5000e-02 8.0000e+00 8.4000e+00 2.6000e+00 4.3951e+01 5.3610e+00 4.2000e-02 8.0000e+00 8.8000e+00 2.4000e+00 4.2312e+01
9.0750e+00 5.3000e-02 7.5000e+00 1.0000e+01 2.0000e+00 4.0701e+01 1.0616e+01 4.1000e-02 7.7000e+00 1.2000e+01 2.2000e+00 3.6897e+01 5.8460e+00 5.9000e-02 7.5000e+00 9.1000e+00 1.2000e+00 4.6583e+01 6.1930e+00 3.5000e-02 7.4000e+00 1.0100e+01 1.9000e+00 4.6583e+01 4.4400e+00 5.1000e-02 7.8000e+00 1.0400e+01 1.9000e+00 4.9548e+01
