1.8255e+01 3.2500e-01 7.6000e+00 1.3600e+01 3.3000e+00 5.0101e+01 1.9526e+01 6.9000e-02 7.7000e+00 1.3500e+01 5.8000e+00 5.4812e+01 1.0940e+01 3.3100e-01 7.3000e+00 8.7000e+00 1.1300e+01 3.8335e+01 1.3174e+01 2.9400e-01 7.4000e+00 1.1900e+01 4.3000e+00 3.6366e+01 1.3467e+01 3.3000e-01 7.4000e+00 1.0100e+01 5.5000e+00 5.0999e+01
1.8163e+01 3.3300e-01 7.6000e+00 1.1500e+01 7.1000e+00 5.4300e+01 2.1031e+01 9.4000e-02 7.8000e+00 1.1900e+01 7.0000e+00 5.6059e+01 1.3174e+01 2.9400e-01 7.4000e+00 1.1900e+01 4.3000e+00 3.6366e+01 1.3467e+01 3.3000e-01 7.4000e+00 1.0100e+01 5.5000e+00 5.0999e+01 1.4894e+01 1.8000e-01 7.5000e+00 1.0700e+01 4.6000e+00 4.7500e+01
1.7605e+01 3.8500e-01 7.8000e+00 1.0200e+01 4.4000e+00 4.1377e+01 1.8549e+01 1.0800e-01 7.7000e+00 1.0300e+01 5.7000e+00 4.2011e+01 1.3467e+01 3.3000e-01 7.4000e+00 1.0100e+01 5.5000e+00 5.0999e+01 1.4894e+01 1.8000e-01 7.5000e+00 1.0700e+01 4.6000e+00 4.7500e+01 1.5078e+01 1.2300e-01 7.4000e+00 9.7000e+00 4.6000e+00 4.6190e+01
1.4299e+01 4.4900e-01 7.5000e+00 7.7000e+00 5.4000e+00 5.5219e+01 1.1517e+01 1.2500e-01 7.6000e+00 9.2000e+00 4.0000e+00 4.8177e+01 1.4894e+01 1.8000e-01 7.5000e+00 1.0700e+01 4.6000e+00 4.7500e+01 1.5078e+01 1.2300e-01 7.4000e+00 9.7000e+00 4.6000e+00 4.6190e+01 1.5300e+01 2.4800e-01 7.3000e+00 9.2000e+00 7.0000e+00 4.5571e+01
1.0704e+01 3.8600e-01 7.4000e+00 7.1000e+00 4.7000e+00 3.3901e+01 1.2189e+01 3.3500e-01 7.5000e+00 7.7000e+00 3.9000e+00 4.8339e+01 1.5078e+01 1.2300e-01 7.4000e+00 9.7000e+00 4.6000e+00 4.6190e+01 1.5300e+01 2.4800e-01 7.3000e+00 9.2000e+00 7.0000e+00 4.5571e+01 1.4696e+01 2.5100e-01 7.4000e+00 8.4000e+00 4.9000e+00 5.0101e+01
1.0499e+01 2.6500e-01 7.6000e+00 6.9000e+00 7.5000e+00 4.7144e+01 1.2576e+01 4.9300e-01 7.9000e+00 9.6000e+00 4.6000e+00 6.4660e+01 1.5300e+01 2.4800e-01 7.3000e+00 9.2000e+00 7.0000e+00 4.5571e+01 1.4696e+01 2.5100e-01 7.4000e+00 8.4000e+00 4.9000e+00 5.0101e+01 1.1784e+01 2.4000e-01 7.7000e+00 8.0000e+00 3.7000e+00 5.6419e+01
5.3950e+00 2.2500e-01 7.7000e+00 7.0000e+00 2.9000e+00 5.3188e+01 1.0042e+01 3.2600e-01 7.6000e+00 7.4000e+00 3.0000e+00 4.6960e+01 1.4696e+01 2.5100e-01 7.4000e+00 8.4000e+00 4.9000e+00 5.0101e+01 1.1784e+01 2.4000e-01 7.7000e+00 8.0000e+00 3.7000e+00 5.6419e+01 6.6350e+00 1.7100e-01 7.4000e+00 5.8000e+00 6.4000e+00 4.4909e+01
5.6770e+00 2.7600e-01 7.5000e+00 8.1000e+00 2.8000e+00 3.7878e+01 5.7800e+00 2.1600e-01 7.7000e+00 7.5000e+00 3.5000e+00 3.1535e+01 1.1784e+01 2.4000e-01 7.7000e+00 8.0000e+00 3.7000e+00 5.6419e+01 6.6350e+00 1.7100e-01 7.4000e+00 5.8000e+00 6.4000e+00 4.4909e+01 8.4720e+00 1.0800e-01 7.5000e+00 6.2000e+00 2.5000e+00 6.6336e+01
1.0273e+01 3.3400e-01 7.8000e+00 9.0000e+00 9.9000e+00 5.3286e+01 5.8490e+00 2.3200e-01 7.6000e+00 7.2000e+00 1.7000e+00 3.8771e+01 6.6350e+00 1.7100e-01 7.4000e+00 5.8000e+00 6.4000e+00 4.4909e+01 8.4720e+00 1.0800e-01 7.5000e+00 6.2000e+00 2.5000e+00 6.6336e+01 9.2750e+00 9.0000e-02 7.3000e+00 8.4000e+00 2.9000e+00 5.3286e+01
1.1189e+01 3.8700e-01 7.7000e+00 7.8000e+00 2.9000e+00 5.5219e+01 1.1063e+01 2.8800e-01 7.4000e+00 8.3000e+00 2.1000e+00 4.8810e+01 8.4720e+00 1.0800e-01 7.5000e+00 6.2000e+00 2.5000e+00 6.6336e+01 9.2750e+00 9.0000e-02 7.3000e+00 8.4000e+00 2.9000e+00 5.3286e+01 1.1801e+01 8.1000e-02 7.3000e+00 8.3000e+00 3.5000e+00 5.5533e+01
1.0760e+01 3.6300e-01 7.7000e+00 9.7000e+00 7.6000e+00 4.9548e+01 1.0940e+01 3.3100e-01 7.3000e+00 8.7000e+00 1.1300e+01 3.8335e+01 9.2750e+00 9.0000e-02 7.3000e+00 8.4000e+00 2.9000e+00 5.3286e+01 1.1801e+01 8.1000e-02 7.3000e+00 8.3000e+00 3.5000e+00 5.5533e+01 1.2621e+01 7.4000e-02 7.5000e+00 9.9000e+00 5.4000e+00 5.0999e+01
1.4165e+01 2.7500e-01 7.9000e+00 1.2600e+01 2.7000e+00 4.7324e+01 1.3174e+01 2.9400e-01 7.4000e+00 1.1900e+01 4.3000e+00 3.6366e+01 1.1801e+01 8.1000e-02 7.3000e+00 8.3000e+00 3.5000e+00 5.5533e+01 1.2621e+01 7.4000e-02 7.5000e+00 9.9000e+00 5.4000e+00 5.0999e+01 1.3253e+01 8.5000e-02 7.7000e+00 1.0000e+01 7.5000e+00 5.2685e+01
1.9526e+01 6.9000e-02 7.7000e+00 1.3500e+01 5.8000e+00 5.4812e+01 1.3467e+01 3.3000e-01 7.4000e+00 1.0100e+01 5.5000e+00 5.0999e+01 1.2621e+01 7.4000e-02 7.5000e+00 9.9000e+00 5.4000e+00 5.0999e+01 1.3253e+01 8.5000e-02 7.7000e+00 1.0000e+01 7.5000e+00 5.2685e+01 2.6210e+01 5.0000e-02 7.3000e+00 8.1000e+00 7.2000e+00 5.2788e+01
2.1031e+01 9.4000e-02 7.8000e+00 1.1900e+01 7.0000e+00 5.6059e+01 1.4894e+01 1.8000e-01 7.5000e+00 1.0700e+01 4.6000e+00 4.7500e+01 1.3253e+01 8.5000e-02 7.7000e+00 1.0000e+01 7.5000e+00 5.2685e+01 2.6210e+01 5.0000e-02 7.3000e+00 8.1000e+00 7.2000e+00 5.2788e+01 2.4073e+01 5.8000e-02 7.5000e+00 9.2000e+00 7.7000e+00 5.0496e+01
1.8549e+01 1.0800e-01 7.7000e+00 1.0300e+01 5.7000e+00 4.2011e+01 1.5078e+01 1.2300e-01 7.4000e+00 9.7000e+00 4.6000e+00 4.6190e+01 2.6210e+01 5.0000e-02 7.3000e+00 8.1000e+00 7.2000e+00 5.2788e+01 2.4073e+01 5.8000e-02 7.5000e+00 9.2000e+00 7.7000e+00 5.0496e+01 2.4965e+01 4.3000e-02 7.5000e+00 9.8000e+00 8.0000e+00 4.8962e+01
1.1517e+01 1.2500e-01 7.6000e+00 9.2000e+00 4.0000e+00 4.8177e+01 1.5300e+01 2.4800e-01 7.3000e+00 9.2000e+00 7.0000e+00 4.5571e+01 2.4073e+01 5.8000e-02 7.5000e+00 9.2000e+00 7.7000e+00 5.0496e+01 2.4965e+01 4.3000e-02 7.5000e+00 9.8000e+00 8.0000e+00 4.8962e+01 2.2874e+01 9.2000e-02 7.6000e+00 9.2000e+00 9.2000e+00 4.4909e+01
1.2189e+01 3.3500e-01 7.5000e+00 7.7000e+00 3.9000e+00 4.8339e+01 1.4696e+01 2.5100e-01 7.4000e+00 8.4000e+00 4.9000e+00 5.0101e+01 2.4965e+01 4.3000e-02 7.5000e+00 9.8000e+00 8.0000e+00 4.8962e+01 2.2874e+01 9.2000e-02 7.6000e+00 9.2000e+00 9.2000e+00 4.4909e+01 1.7493e+01 9.8000e-02 7.6000e+00 8.0000e+00 6.2000e+00 4.8962e+01
1.2576e+01 4.9300e-01 7.9000e+00 9.6000e+00 4.6000e+00 6.4660e+01 1.1784e+01 2.4000e-01 7.7000e+00 8.0000e+00 3.7000e+00 5.6419e+01 2.2874e+01 9.2000e-02 7.6000e+00 9.2000e+00 9.2000e+00 4.4909e+01 1.7493e+01 9.8000e-02 7.6000e+00 8.0000e+00 6.2000e+00 4.8962e+01 1.2830e+01 1.0000e-01 7.7000e+00 8.0000e+00 5.1000e+00 5.2890e+01
1.0042e+01 3.2600e-01 7.6000e+00 7.4000e+00 3.0000e+00 4.6960e+01 6.6350e+00 1.7100e-01 7.4000e+00 5.8000e+00 6.4000e+00 4.4909e+01 1.7493e+01 9.8000e-02 7.6000e+00 8.0000e+00 6.2000e+00 4.8962e+01 1.2830e+01 1.0000e-01 7.7000e+00 8.0000e+00 5.1000e+00 5.2890e+01 7.9150e+00 1.2000e-01 7.6000e+00 6.8000e+00 6.1000e+00 5.9276e+01
5.7800e+00 2.1600e-01 7.7000e+00 7.5000e+00 3.5000e+00 3.1535e+01 8.4720e+00 1.0800e-01 7.5000e+00 6.2000e+00 2.5000e+00 6.6336e+01 1.2830e+01 1.0000e-01 7.7000e+00 8.0000e+00 5.1000e+00 5.2890e+01 7.9150e+00 1.2000e-01 7.6000e+00 6.8000e+00 6.1000e+00 5.9276e+01 6.0330e+00 1.0300e-01 7.5000e+00 6.7000e+00 4.8000e+00 5.0235e+01
5.8490e+00 2.3200e-01 7.6000e+00 7.2000e+00 1.7000e+00 3.8771e+01 9.2750e+00 9.0000e-02 7.3000e+00 8.4000e+00 2.9000e+00 5.3286e+01 7.9150e+00 1.2000e-01 7.6000e+00 6.8000e+00 6.1000e+00 5.9276e+01 6.0330e+00 1.0300e-01 7.5000e+00 6.7000e+00 4.8000e+00 5.0235e+01 1.0097e+01 1.1300e-01 7.6000e+00 7.3000e+00 2.6000e+00 4.7845e+01
1.1063e+01 2.8800e-01 7.4000e+00 8.3000e+00 2.1000e+00 4.8810e+01 1.1801e+01 8.1000e-02 7.3000e+00 8.3000e+00 3.5000e+00 5.5533e+01 6.0330e+00 1.0300e-01 7.5000e+00 6.7000e+00 4.8000e+00 5.0235e+01 1.0097e+01 1.1300e-01 7.6000e+00 7.3000e+00 2.6000e+00 4.7845e+01 1.1533e+01 9.3000e-02 7.7000e+00 7.8000e+00 4.3000e+00 4.1377e+01
1.0940e+01 3.3100e-01 7.3000e+00 8.7000e+00 1.1300e+01 3.8335e+01 1.2621e+01 7.4000e-02 7.5000e+00 9.9000e+00 5.4000e+00 5.0999e+01 1.0097e+01 1.1300e-01 7.6000e+00 7.3000e+00 2.6000e+00 4.7845e+01 1.1533e+01 9.3000e-02 7.7000e+00 7.8000e+00 4.3000e+00 4.1377e+01 1.4410e+01 8.8000e-02 7.8000e+00 8.7000e+00 7.6000e+00 4.6583e+01
1.3174e+01 2.9400e-01 7.4000e+00 1.1900e+01 4.3000e+00 3.6366e+01 1.3253e+01 8.5000e-02 7.7000e+00 1.0000e+01 7.5000e+00 5.2685e+01 1.1533e+01 9.3000e-02 7.7000e+00 7.8000e+00 4.3000e+00 4.1377e+01 1.4410e+01 8.8000e-02 7.8000e+00 8.7000e+00 7.6000e+00 4.6583e+01 1.8365e+01 8.5000e-02 7.8000e+00 1.0500e+01 6.7000e+00 3.9974e+01
1.3467e+01 3.3000e-01 7.4000e+00 1.0100e+01 5.5000e+00 5.0999e+01 2.6210e+01 5.0000e-02 7.3000e+00 8.1000e+00 7.2000e+00 5.2788e+01 1.4410e+01 8.8000e-02 7.8000e+00 8.7000e+00 7.6000e+00 4.6583e+01 1.8365e+01 8.5000e-02 7.8000e+00 1.0500e+01 6.7000e+00 3.9974e+01 2.6360e+01 6.0000e-02 7.8000e+00 9.4000e+00 2.7800e+01 5.2685e+01
1.4894e+01 1.8000e-01 7.5000e+00 1.0700e+01 4.6000e+00 4.7500e+01 2.4073e+01 5.8000e-02 7.5000e+00 9.2000e+00 7.7000e+00 5.0496e+01 1.8365e+01 8.5000e-02 7.8000e+00 1.0500e+01 6.7000e+00 3.9974e+01 2.6360e+01 6.0000e-02 7.8000e+00 9.4000e+00 2.7800e+01 5.2685e+01 2.4880e+01 8.0000e-02 8.0000e+00 1.1100e+01 1.1100e+01 5.6766e+01
1.5078e+01 1.2300e-01 7.4000e+00 9.7000e+00 4.6000e+00 4.6190e+01 2.4965e+01 4.3000e-02 7.5000e+00 9.8000e+00 8.0000e+00 4.8962e+01 2.6360e+01 6.0000e-02 7.8000e+00 9.4000e+00 2.7800e+01 5.2685e+01 2.4880e+01 8.0000e-02 8.0000e+00 1.1100e+01 1.1100e+01 5.6766e+01 2.2885e+01 9.0000e-02 7.5000e+00 1.0600e+01 8.9000e+00 5.4387e+01
1.5300e+01 2.4800e-01 7.3000e+00 9.2000e+00 7.0000e+00 4.5571e+01 2.2874e+01 9.2000e-02 7.6000e+00 9.2000e+00 9.2000e+00 4.4909e+01 2.4880e+01 8.0000e-02 8.0000e+00 1.1100e+01 1.1100e+01 5.6766e+01 2.2885e+01 9.0000e-02 7.5000e+00 1.0600e+01 8.9000e+00 5.4387e+01 1.3652e+01 1.4200e-01 7.8000e+00 7.6000e+00 1.4300e+01 4.8339e+01
1.4696e+01 2.5100e-01 7.4000e+00 8.4000e+00 4.9000e+00 5.0101e+01 1.7493e+01 9.8000e-02 7.6000e+00 8.0000e+00 6.2000e+00 4.8962e+01 2.2885e+01 9.0000e-02 7.5000e+00 1.0600e+01 8.9000e+00 5.4387e+01 1.3652e+01 1.4200e-01 7.8000e+00 7.6000e+00 1.4300e+01 4.8339e+01 1.3885e+01 1.2000e-01 7.6000e+00 8.6000e+00 5.6000e+00 5.8678e+01
1.1784e+01 2.4000e-01 7.7000e+00 8.0000e+00 3.7000e+00 5.6419e+01 1.2830e+01 1.0000e-01 7.7000e+00 8.0000e+00 5.1000e+00 5.2890e+01 1.3652e+01 1.4200e-01 7.8000e+00 7.6000e+00 1.4300e+01 4.8339e+01 1.3885e+01 1.2000e-01 7.6000e+00 8.6000e+00 5.6000e+00 5.8678e+01 1.2213e+01 1.0500e-01 7.8000e+00 8.2000e+00 5.5000e+00 6.3531e+01
6.6350e+00 1.7100e-01 7.4000e+00 5.8000e+00 6.4000e+00 4.4909e+01 7.9150e+00 1.2000e-01 7.6000e+00 6.8000e+00 6.1000e+00 5.9276e+01 1.3885e+01 1.2000e-01 7.6000e+00 8.6000e+00 5.6000e+00 5.8678e+01 1.2213e+01 1.0500e-01 7.8000e+00 8.2000e+00 5.5000e+00 6.3531e+01 1.1874e+01 1.0600e-01 7.7000e+00 7.1000e+00 6.8000e+00 5.9639e+01
8.4720e+00 1.0800e-01 7.5000e+00 6.2000e+00 2.5000e+00 6.6336e+01 6.0330e+00 1.0300e-01 7.5000e+00 6.7000e+00 4.8000e+00 5.0235e+01 1.2213e+01 1.0500e-01 7.8000e+00 8.2000e+00 5.5000e+00 6.3531e+01 1.1874e+01 1.0600e-01 7.7000e+00 7.1000e+00 6.8000e+00 5.9639e+01 1.1973e+01 7.7000e-02 7.6000e+00 6.5000e+00 4.3000e+00 6.9437e+01
9.2750e+00 9.0000e-02 7.3000e+00 8.4000e+00 2.9000e+00 5.3286e+01 1.0097e+01 1.1300e-01 7.6000e+00 7.3000e+00 2.6000e+00 4.7845e+01 1.1874e+01 1.0600e-01 7.7000e+00 7.1000e+00 6.8000e+00 5.9639e+01 1.1973e+01 7.7000e-02 7.6000e+00 6.5000e+00 4.3000e+00 6.9437e+01 1.3148e+01 6.5000e-02 7.5000e+00 7.0000e+00 4.9000e+00 5.7296e+01
1.1801e+01 8.1000e-02 7.3000e+00 8.3000e+00 3.5000e+00 5.5533e+01 1.1533e+01 9.3000e-02 7.7000e+00 7.8000e+00 4.3000e+00 4.1377e+01 1.1973e+01 7.7000e-02 7.6000e+00 6.5000e+00 4.3000e+00 6.9437e+01 1.3148e+01 6.5000e-02 7.5000e+00 7.0000e+00 4.9000e+00 5.7296e+01 1.4655e+01 8.0000e-02 7.5000e+00 8.4000e+00 6.1000e+00 5.2890e+01
1.2621e+01 7.4000e-02 7.5000e+00 9.9000e+00 5.4000e+00 5.0999e+01 1.4410e+01 8.8000e-02 7.8000e+00 8.7000e+00 7.6000e+00 4.6583e+01 1.3148e+01 6.5000e-02 7.5000e+00 7.0000e+00 4.9000e+00 5.7296e+01 1.4655e+01 8.0000e-02 7.5000e+00 8.4000e+00 6.1000e+00 5.2890e+01 1.2963e+01 5.6000e-02 7.9000e+00 9.3000e+00 5.7000e+00 4.7144e+01
1.3253e+01 8.5000e-02 7.7000e+00 1.0000e+01 7.5000e+00 5.2685e+01 1.8365e+01 8.5000e-02 7.8000e+00 1.0500e+01 6.7000e+00 3.9974e+01 1.4655e+01 8.0000e-02 7.5000e+00 8.4000e+00 6.1000e+00 5.2890e+01 1.2963e+01 5.6000e-02 7.9000e+00 9.3000e+00 5.7000e+00 4.7144e+01 1.1668e+01 4.8000e-02 7.8000e+00 8.8000e+00 6.6000e+00 4.7500e+01
2.6210e+01 5.0000e-02 7.3000e+00 8.1000e+00 7.2000e+00 5.2788e+01 2.6360e+01 6.0000e-02 7.8000e+00 9.4000e+00 2.7800e+01 5.2685e+01 1.2963e+01 5.6000e-02 7.9000e+00 9.3000e+00 5.7000e+00 4.7144e+01 1.1668e+01 4.8000e-02 7.8000e+00 8.8000e+00 6.6000e+00 4.7500e+01 2.0930e+01 8.0000e-02 7.7000e+00 1.0500e+01 9.9000e+00 6.0878e+01
2.4073e+01 5.8000e-02 7.5000e+00 9.2000e+00 7.7000e+00 5.0496e+01 2.4880e+01 8.0000e-02 8.0000e+00 1.1100e+01 1.1100e+01 5.6766e+01 1.1668e+01 4.8000e-02 7.8000e+00 8.8000e+00 6.6000e+00 4.7500e+01 2.0930e+01 8.0000e-02 7.7000e+00 1.0500e+01 9.9000e+00 6.0878e+01 1.7435e+01 5.0000e-02 7.5000e+00 9.7000e+00 1.1500e+01 5.6277e+01
2.4965e+01 4.3000e-02 7.5000e+00 9.8000e+00 8.0000e+00 4.8962e+01 2.2885e+01 9.0000e-02 7.5000e+00 1.0600e+01 8.9000e+00 5.4387e+01 2.0930e+01 8.0000e-02 7.7000e+00 1.0500e+01 9.9000e+00 6.0878e+01 1.7435e+01 5.0000e-02 7.5000e+00 9.7000e+00 1.1500e+01 5.6277e+01 1.9679e+01 6.4000e-02 7.6000e+00 9.5000e+00 8.3000e+00 5.3090e+01
2.2874e+01 9.2000e-02 7.6000e+00 9.2000e+00 9.2000e+00 4.4909e+01 1.3652e+01 1.4200e-01 7.8000e+00 7.6000e+00 1.4300e+01 4.8339e+01 1.7435e+01 5.0000e-02 7.5000e+00 9.7000e+00 1.1500e+01 5.6277e+01 1.9679e+01 6.4000e-02 7.6000e+00 9.5000e+00 8.3000e+00 5.3090e+01 1.9290e+01 1.8500e-01 7.4000e+00 7.0000e+00 8.9000e+00 6.3076e+01
1.7493e+01 9.8000e-02 7.6000e+00 8.0000e+00 6.2000e+00 4.8962e+01 1.3885e+01 1.2000e-01 7.6000e+00 8.6000e+00 5.6000e+00 5.8678e+01 1.9679e+01 6.4000e-02 7.6000e+00 9.5000e+00 8.3000e+00 5.3090e+01 1.9290e+01 1.8500e-01 7.4000e+00 7.0000e+00 8.9000e+00 6.3076e+01 8.5080e+00 6.9000e-02 7.4000e+00 7.1000e+00 4.1000e+00 4.5135e+01
1.2830e+01 1.0000e-01 7.7000e+00 8.0000e+00 5.1000e+00 5.2890e+01 1.2213e+01 1.0500e-01 7.8000e+00 8.2000e+00 5.5000e+00 6.3531e+01 1.9290e+01 1.8500e-01 7.4000e+00 7.0000e+00 8.9000e+00 6.3076e+01 8.5080e+00 6.9000e-02 7.4000e+00 7.1000e+00 4.1000e+00 4.5135e+01 1.0335e+01 9.7000e-02 7.6000e+00 8.2000e+00 3.4000e+00 5.2581e+01
7.9150e+00 1.2000e-01 7.6000e+00 6.8000e+00 6.1000e+00 5.9276e+01 1.1874e+01 1.0600e-01 7.7000e+00 7.1000e+00 6.8000e+00 5.9639e+01 8.5080e+00 6.9000e-02 7.4000e+00 7.1000e+00 4.1000e+00 4.5135e+01 1.0335e+01 9.7000e-02 7.6000e+00 8.2000e+00 3.4000e+00 5.2581e+01 9.8050e+00 7.3000e-02 7.6000e+00 9.1000e+00 5.8000e+00 6.9133e+01
6.0330e+00 1.0300e-01 7.5000e+00 6.7000e+00 4.8000e+00 5.0235e+01 1.1973e+01 7.7000e-02 7.6000e+00 6.5000e+00 4.3000e+00 6.9437e+01 1.0335e+01 9.7000e-02 7.6000e+00 8.2000e+00 3.4000e+00 5.2581e+01 9.8050e+00 7.3000e-02 7.6000e+00 9.1000e+00 5.8000e+00 6.9133e+01 8.4430e+00 1.7300e-01 7.7000e+00 7.9000e+00 4.5000e+00 6.2524e+01
1.0097e+01 1.1300e-01 7.6000e+00 7.3000e+00 2.6000e+00 4.7845e+01 1.3148e+01 6.5000e-02 7.5000e+00 7.0000e+00 4.9000e+00 5.7296e+01 9.8050e+00 7.3000e-02 7.6000e+00 9.1000e+00 5.8000e+00 6.9133e+01 8.4430e+00 1.7300e-01 7.7000e+00 7.9000e+00 4.5000e+00 6.2524e+01 8.1800e+00 7.3000e-02 7.7000e+00 8.9000e+00 1.9000e+00 5.4123e+01
1.1533e+01 9.3000e-02 7.7000e+00 7.8000e+00 4.3000e+00 4.1377e+01 1.4655e+01 8.0000e-02 7.5000e+00 8.4000e+00 6.1000e+00 5.2890e+01 8.4430e+00 1.7300e-01 7.7000e+00 7.9000e+00 4.5000e+00 6.2524e+01 8.1800e+00 7.3000e-02 7.7000e+00 8.9000e+00 1.9000e+00 5.4123e+01 8.1850e+00 2.2900e-01 7.7000e+00 9.7000e+00 2.5000e+00 5.5533e+01
1.4410e+01 8.8000e-02 7.8000e+00 8.7000e+00 7.6000e+00 4.6583e+01 1.2963e+01 5.6000e-02 7.9000e+00 9.3000e+00 5.7000e+00 4.7144e+01 8.1800e+00 7.3000e-02 7.7000e+00 8.9000e+00 1.9000e+00 5.4123e+01 8.1850e+00 2.2900e-01 7.7000e+00 9.7000e+00 2.5000e+00 5.5533e+01 1.0375e+01 1.3600e-01 8.1000e+00 1.1000e+01 1.4000e+00 4.7845e+01
1.8365e+01 8.5000e-02 7.8000e+00 1.0500e+01 6.7000e+00 3.9974e+01 1.1668e+01 4.8000e-02 7.8000e+00 8.8000e+00 6.6000e+00 4.7500e+01 8.1850e+00 2.2900e-01 7.7000e+00 9.7000e+00 2.5000e+00 5.5533e+01 1.0375e+01 1.3600e-01 8.1000e+00 1.1000e+01 1.4000e+00 4.7845e+01 1.0520e+01 2.1500e-01 8.0000e+00 8.0000e+00 1.7800e+01 5.1822e+01
2.6360e+01 6.0000e-02 7.8000e+00 9.4000e+00 2.7800e+01 5.2685e+01 2.0930e+01 8.0000e-02 7.7000e+00 1.0500e+01 9.9000e+00 6.0878e+01 1.0375e+01 1.3600e-01 8.1000e+00 1.1000e+01 1.4000e+00 4.7845e+01 1.0520e+01 2.1500e-01 8.0000e+00 8.0000e+00 1.7800e+01 5.1822e+01 1.4020e+01 5.0000e-02 8.3000e+00 1.2200e+01 4.6000e+00 5.6059e+01
2.4880e+01 8.0000e-02 8.0000e+00 1.1100e+01 1.1100e+01 5.6766e+01 1.7435e+01 5.0000e-02 7.5000e+00 9.7000e+00 1.1500e+01 5.6277e+01 1.0520e+01 2.1500e-01 8.0000e+00 8.0000e+00 1.7800e+01 5.1822e+01 1.4020e+01 5.0000e-02 8.3000e+00 1.2200e+01 4.6000e+00 5.6059e+01 1.7850e+01 7.0000e-02 8.2000e+00 1.1600e+01 7.5000e+00 5.8394e+01
2.2885e+01 9.0000e-02 7.5000e+00 1.0600e+01 8.9000e+00 5.4387e+01 1.9679e+01 6.4000e-02 7.6000e+00 9.5000e+00 8.3000e+00 5.3090e+01 1.4020e+01 5.0000e-02 8.3000e+00 1.2200e+01 4.6000e+00 5.6059e+01 1.7850e+01 7.0000e-02 8.2000e+00 1.1600e+01 7.5000e+00 5.8394e+01 1.6510e+01 7.3000e-02 7.7000e+00 1.0000e+01 5.4000e+00 5.2263e+01
1.3652e+01 1.4200e-01 7.8000e+00 7.6000e+00 1.4300e+01 4.8339e+01 1.9290e+01 1.8500e-01 7.4000e+00 7.0000e+00 8.9000e+00 6.3076e+01 1.7850e+01 7.0000e-02 8.2000e+00 1.1600e+01 7.5000e+00 5.8394e+01 1.6510e+01 7.3000e-02 7.7000e+00 1.0000e+01 5.4000e+00 5.2263e+01 9.4040e+00 8.0000e-02 7.4000e+00 7.7000e+00 8.0000e+00 6.2098e+01
1.3885e+01 1.2000e-01 7.6000e+00 8.6000e+00 5.6000e+00 5.8678e+01 8.5080e+00 6.9000e-02 7.4000e+00 7.1000e+00 4.1000e+00 4.5135e+01 1.6510e+01 7.3000e-02 7.7000e+00 1.0000e+01 5.4000e+00 5.2263e+01 9.4040e+00 8.0000e-02 7.4000e+00 7.7000e+00 8.0000e+00 6.2098e+01 9.0730e+00 5.0000e-02 7.7000e+00 8.2000e+00 3.7000e+00 5.7676e+01
1.2213e+01 1.0500e-01 7.8000e+00 8.2000e+00 5.5000e+00 6.3531e+01 1.0335e+01 9.7000e-02 7.6000e+00 8.2000e+00 3.4000e+00 5.2581e+01 9.4040e+00 8.0000e-02 7.4000e+00 7.7000e+00 8.0000e+00 6.2098e+01 9.0730e+00 5.0000e-02 7.7000e+00 8.2000e+00 3.7000e+00 5.7676e+01 7.7740e+00 7.5000e-02 7.8000e+00 8.2000e+00 2.4000e+00 5.7424e+01
1.1874e+01 1.0600e-01 7.7000e+00 7.1000e+00 6.8000e+00 5.9639e+01 9.8050e+00 7.3000e-02 7.6000e+00 9.1000e+00 5.8000e+00 6.9133e+01 9.0730e+00 5.0000e-02 7.7000e+00 8.2000e+00 3.7000e+00 5.7676e+01 7.7740e+00 7.5000e-02 7.8000e+00 8.2000e+00 2.4000e+00 5.7424e+01 7.1640e+00 8.8000e-02 7.5000e+00 6.5000e+00 1.6000e+00 4.0344e+01
1.1973e+01 7.7000e-02 7.6000e+00 6.5000e+00 4.3000e+00 6.9437e+01 8.4430e+00 1.7300e-01 7.7000e+00 7.9000e+00 4.5000e+00 6.2524e+01 7.7740e+00 7.5000e-02 7.8000e+00 8.2000e+00 2.4000e+00 5.7424e+01 7.1640e+00 8.8000e-02 7.5000e+00 6.5000e+00 1.6000e+00 4.0344e+01 6.6340e+00 7.5000e-02 7.5000e+00 6.8000e+00 1.8000e+00 5.2045e+01
1.3148e+01 6.5000e-02 7.5000e+00 7.0000e+00 4.9000e+00 5.7296e+01 8.1800e+00 7.3000e-02 7.7000e+00 8.9000e+00 1.9000e+00 5.4123e+01 7.1640e+00 8.8000e-02 7.5000e+00 6.5000e+00 1.6000e+00 4.0344e+01 6.6340e+00 7.5000e-02 7.5000e+00 6.8000e+00 1.8000e+00 5.2045e+01 7.9150e+00 5.3000e-02 7.9000e+00 8.7000e+00 1.1000e+00 4.5782e+01
1.4655e+01 8.0000e-02 7.5000e+00 8.4000e+00 6.1000e+00 5.2890e+01 8.1850e+00 2.2900e-01 7.7000e+00 9.7000e+00 2.5000e+00 5.5533e+01 6.6340e+00 7.5000e-02 7.5000e+00 6.8000e+00 1.8000e+00 5.2045e+01 7.9150e+00 5.3000e-02 7.9000e+00 8.7000e+00 1.1000e+00 4.5782e+01 8.8200e+00 4.8000e-02 7.9000e+00 8.9000e+00 1.4000e+00 3.9974e+01
1.2963e+01 5.6000e-02 7.9000e+00 9.3000e+00 5.7000e+00 4.7144e+01 1.0375e+01 1.3600e-01 8.1000e+00 1.1000e+01 1.4000e+00 4.7845e+01 7.9150e+00 5.3000e-02 7.9000e+00 8.7000e+00 1.1000e+00 4.5782e+01 8.8200e+00 4.8000e-02 7.9000e+00 8.9000e+00 1.4000e+00 3.9974e+01 1.0441e+01 5.9000e-02 8.1000e+00 1.0500e+01 2.2000e+00 4.5571e+01
1.1668e+01 4.8000e-02 7.8000e+00 8.8000e+00 6.6000e+00 4.7500e+01 1.0520e+01 2.1500e-01 8.0000e+00 8.0000e+00 1.7800e+01 5.1822e+01 8.8200e+00 4.8000e-02 7.9000e+00 8.9000e+00 1.4000e+00 3.9974e+01 1.0441e+01 5.9000e-02 8.1000e+00 1.0500e+01 2.2000e+00 4.5571e+01 1.1460e+01 5.0000e-02 8.0000e+00 1.1200e+01 2.3000e+00 4.5135e+01
2.0930e+01 8.0000e-02 7.7000e+00 1.0500e+01 9.9000e+00 6.0878e+01 1.4020e+01 5.0000e-02 8.3000e+00 1.2200e+01 4.6000e+00 5.6059e+01 1.0441e+01 5.9000e-02 8.1000e+00 1.0500e+01 2.2000e+00 4.5571e+01 1.1460e+01 5.0000e-02 8.0000e+00 1.1200e+01 2.3000e+00 4.5135e+01 1.2130e+01 4.5000e-02 7.9000e+00 1.2700e+01 2.8000e+00 4.1699e+01
1.7435e+01 5.0000e-02 7.5000e+00 9.7000e+00 1.1500e+01 5.6277e+01 1.7850e+01 7.0000e-02 8.2000e+00 1.1600e+01 7.5000e+00 5.8394e+01 1.1460e+01 5.0000e-02 8.0000e+00 1.1200e+01 2.3000e+00 4.5135e+01 1.2130e+01 4.5000e-02 7.9000e+00 1.2700e+01 2.8000e+00 4.1699e+01 1.5670e+01 8.5000e-02 7.5000e+00 1.2500e+01 5.9000e+00 5.7360e+01
1.9679e+01 6.4000e-02 7.6000e+00 9.5000e+00 8.3000e+00 5.3090e+01 1.6510e+01 7.3000e-02 7.7000e+00 1.0000e+01 5.4000e+00 5.2263e+01 1.2130e+01 4.5000e-02 7.9000e+00 1.2700e+01 2.8000e+00 4.1699e+01 1.5670e+01 8.5000e-02 7.5000e+00 1.2500e+01 5.9000e+00 5.7360e+01 1.5630e+01 5.3000e-02 7.5000e+00 9.2000e+00 6.7000e+00 5.0876e+01
1.9290e+01 1.8500e-01 7.4000e+00 7.0000e+00 8.9000e+00 6.3076e+01 9.4040e+00 8.0000e-02 7.4000e+00 7.7000e+00 8.0000e+00 6.2098e+01 1.5670e+01 8.5000e-02 7.5000e+00 1.2500e+01 5.9000e+00 5.7360e+01 1.5630e+01 5.3000e-02 7.5000e+00 9.2000e+00 6.7000e+00 5.0876e+01 1.1361e+01 6.3000e-02 7.4000e+00 7.3000e+00 9.6000e+00 5.3943e+01
8.5080e+00 6.9000e-02 7.4000e+00 7.1000e+00 4.1000e+00 4.5135e+01 9.0730e+00 5.0000e-02 7.7000e+00 8.2000e+00 3.7000e+00 5.7676e+01 1.5630e+01 5.3000e-02 7.5000e+00 9.2000e+00 6.7000e+00 5.0876e+01 1.1361e+01 6.3000e-02 7.4000e+00 7.3000e+00 9.6000e+00 5.3943e+01 8.5250e+00 8.2000e-02 7.4000e+00 6.7000e+00 5.9000e+00 5.7921e+01
1.0335e+01 9.7000e-02 7.6000e+00 8.2000e+00 3.4000e+00 5.2581e+01 7.7740e+00 7.5000e-02 7.8000e+00 8.2000e+00 2.4000e+00 5.7424e+01 1.1361e+01 6.3000e-02 7.4000e+00 7.3000e+00 9.6000e+00 5.3943e+01 8.5250e+00 8.2000e-02 7.4000e+00 6.7000e+00 5.9000e+00 5.7921e+01 8.2150e+00 8.1000e-02 7.5000e+00 7.4000e+00 3.1000e+00 5.6348e+01
9.8050e+00 7.3000e-02 7.6000e+00 9.1000e+00 5.8000e+00 6.9133e+01 7.1640e+00 8.8000e-02 7.5000e+00 6.5000e+00 1.6000e+00 4.0344e+01 8.5250e+00 8.2000e-02 7.4000e+00 6.7000e+00 5.9000e+00 5.7921e+01 8.2150e+00 8.1000e-02 7.5000e+00 7.4000e+00 3.1000e+00 5.6348e+01 6.7260e+00 7.0000e-02 7.6000e+00 7.9000e+00 2.6000e+00 5.3667e+01
8.4430e+00 1.7300e-01 7.7000e+00 7.9000e+00 4.5000e+00 6.2524e+01 6.6340e+00 7.5000e-02 7.5000e+00 6.8000e+00 1.8000e+00 5.2045e+01 8.2150e+00 8.1000e-02 7.5000e+00 7.4000e+00 3.1000e+00 5.6348e+01 6.7260e+00 7.0000e-02 7.6000e+00 7.9000e+00 2.6000e+00 5.3667e+01 7.0200e+00 8.5000e-02 7.7000e+00 7.4000e+00 2.1000e+00 6.1979e+01
8.1800e+00 7.3000e-02 7.7000e+00 8.9000e+00 1.9000e+00 5.4123e+01 7.9150e+00 5.3000e-02 7.9000e+00 8.7000e+00 1.1000e+00 4.5782e+01 6.7260e+00 7.0000e-02 7.6000e+00 7.9000e+00 2.6000e+00 5.3667e+01 7.0200e+00 8.5000e-02 7.7000e+00 7.4000e+00 2.1000e+00 6.1979e+01 7.7430e+00 8.8000e-02 7.7000e+00 7.3000e+00 1.6000e+00 4.5355e+01
8.1850e+00 2.2900e-01 7.7000e+00 9.7000e+00 2.5000e+00 5.5533e+01 8.8200e+00 4.8000e-02 7.9000e+00 8.9000e+00 1.4000e+00 3.9974e+01 7.0200e+00 8.5000e-02 7.7000e+00 7.4000e+00 2.1000e+00 6.1979e+01 7.7430e+00 8.8000e-02 7.7000e+00 7.3000e+00 1.6000e+00 4.5355e+01 8.7580e+00 7.8000e-02 7.9000e+00 8.9000e+00 1.3000e+00 4.8656e+01
1.0375e+01 1.3600e-01 8.1000e+00 1.1000e+01 1.4000e+00 4.7845e+01 1.0441e+01 5.9000e-02 8.1000e+00 1.0500e+01 2.2000e+00 4.5571e+01 7.7430e+00 8.8000e-02 7.7000e+00 7.3000e+00 1.6000e+00 4.5355e+01 8.7580e+00 7.8000e-02 7.9000e+00 8.9000e+00 1.3000e+00 4.8656e+01 9.5580e+00 4.9000e-02 7.9000e+00 9.4000e+00 1.7000e+00 5.2045e+01
1.0520e+01 2.1500e-01 8.0000e+00 8.0000e+00 1.7800e+01 5.1822e+01 1.1460e+01 5.0000e-02 8.0000e+00 1.1200e+01 2.3000e+00 4.5135e+01 8.7580e+00 7.8000e-02 7.9000e+00 8.9000e+00 1.3000e+00 4.8656e+01 9.5580e+00 4.9000e-02 7.9000e+00 9.4000e+00 1.7000e+00 5.2045e+01 8.6500e+00 5.5000e-02 7.8000e+00 8.2000e+00 7.1000e+00 6.0606e+01
1.7850e+01 7.0000e-02 8.2000e+00 1.1600e+01 7.5000e+00 5.8394e+01 1.5670e+01 8.5000e-02 7.5000e+00 1.2500e+01 5.9000e+00 5.7360e+01 8.6500e+00 5.5000e-02 7.8000e+00 8.2000e+00 7.1000e+00 6.0606e+01 4.4400e+00 5.1000e-02 7.8000e+00 1.0400e+01 1.9000e+00 4.9548e+01 1.4515e+01 5.0000e-02 7.2000e+00 9.5000e+00 4.1000e+00 4.8177e+01
1.6510e+01 7.3000e-02 7.7000e+00 1.0000e+01 5.4000e+00 5.2263e+01 1.5630e+01 5.3000e-02 7.5000e+00 9.2000e+00 6.7000e+00 5.0876e+01 4.4400e+00 5.1000e-02 7.8000e+00 1.0400e+01 1.9000e+00 4.9548e+01 1.4515e+01 5.0000e-02 7.2000e+00 9.5000e+00 4.1000e+00 4.8177e+01 1.3432e+01 1.2300e-01 7.4000e+00 7.8000e+00 1.2700e+01 5.4123e+01
9.4040e+00 8.0000e-02 7.4000e+00 7.7000e+00 8.0000e+00 6.2098e+01 1.1361e+01 6.3000e-02 7.4000e+00 7.3000e+00 9.6000e+00 5.3943e+01 1.4515e+01 5.0000e-02 7.2000e+00 9.5000e+00 4.1000e+00 4.8177e+01 1.3432e+01 1.2300e-01 7.4000e+00 7.8000e+00 1.2700e+01 5.4123e+01 1.0620e+01 5.3000e-02 7.5000e+00 7.9000e+00 5.5000e+00 5.7166e+01
9.0730e+00 5.0000e-02 7.7000e+00 8.2000e+00 3.7000e+00 5.7676e+01 8.5250e+00 8.2000e-02 7.4000e+00 6.7000e+00 5.9000e+00 5.7921e+01 1.3432e+01 1.2300e-01 7.4000e+00 7.8000e+00 1.2700e+01 5.4123e+01 1.0620e+01 5.3000e-02 7.5000e+00 7.9000e+00 5.5000e+00 5.7166e+01 9.7700e+00 6.1000e-02 7.6000e+00 7.1000e+00 6.7000e+00 6.1736e+01
7.7740e+00 7.5000e-02 7.8000e+00 8.2000e+00 2.4000e+00 5.7424e+01 8.2150e+00 8.1000e-02 7.5000e+00 7.4000e+00 3.1000e+00 5.6348e+01 1.0620e+01 5.3000e-02 7.5000e+00 7.9000e+00 5.5000e+00 5.7166e+01 9.7700e+00 6.1000e-02 7.6000e+00 7.1000e+00 6.7000e+00 6.1736e+01 7.4650e+00 5.8000e-02 7.7000e+00 6.3000e+00 4.1000e+00 6.1528e+01
7.1640e+00 8.8000e-02 7.5000e+00 6.5000e+00 1.6000e+00 4.0344e+01 6.7260e+00 7.0000e-02 7.6000e+00 7.9000e+00 2.6000e+00 5.3667e+01 9.7700e+00 6.1000e-02 7.6000e+00 7.1000e+00 6.7000e+00 6.1736e+01 7.4650e+00 5.8000e-02 7.7000e+00 6.3000e+00 4.1000e+00 6.1528e+01 7.0390e+00 8.0000e-02 7.4000e+00 5.5000e+00 7.4000e+00 5.4644e+01
6.6340e+00 7.5000e-02 7.5000e+00 6.8000e+00 1.8000e+00 5.2045e+01 7.0200e+00 8.5000e-02 7.7000e+00 7.4000e+00 2.1000e+00 6.1979e+01 7.4650e+00 5.8000e-02 7.7000e+00 6.3000e+00 4.1000e+00 6.1528e+01 7.0390e+00 8.0000e-02 7.4000e+00 5.5000e+00 7.4000e+00 5.4644e+01 7.7950e+00 1.1000e-01 7.4000e+00 6.2000e+00 3.6000e+00 5.3760e+01
7.9150e+00 5.3000e-02 7.9000e+00 8.7000e+00 1.1000e+00 4.5782e+01 7.7430e+00 8.8000e-02 7.7000e+00 7.3000e+00 1.6000e+00 4.5355e+01 7.0390e+00 8.0000e-02 7.4000e+00 5.5000e+00 7.4000e+00 5.4644e+01 7.7950e+00 1.1000e-01 7.4000e+00 6.2000e+00 3.6000e+00 5.3760e+01 7.9850e+00 8.5000e-02 7.5000e+00 7.2000e+00 2.9000e+00 4.4442e+01
8.8200e+00 4.8000e-02 7.9000e+00 8.9000e+00 1.4000e+00 3.9974e+01 8.7580e+00 7.8000e-02 7.9000e+00 8.9000e+00 1.3000e+00 4.8656e+01 7.7950e+00 1.1000e-01 7.4000e+00 6.2000e+00 3.6000e+00 5.3760e+01 7.9850e+00 8.5000e-02 7.5000e+00 7.2000e+00 2.9000e+00 4.4442e+01 9.8880e+00 5.5000e-02 7.6000e+00 7.9000e+00 2.0000e+00 4.3696e+01
1.0441e+01 5.9000e-02 8.1000e+00 1.0500e+01 2.2000e+00 4.5571e+01 9.5580e+00 4.9000e-02 7.9000e+00 9.4000e+00 1.7000e+00 5.2045e+01 7.9850e+00 8.5000e-02 7.5000e+00 7.2000e+00 2.9000e+00 4.4442e+01 9.8880e+00 5.5000e-02 7.6000e+00 7.9000e+00 2.0000e+00 4.3696e+01 1.0175e+01 4.8000e-02 8.0000e+00 9.5000e+00 3.6000e+00 4.6583e+01
1.1460e+01 5.0000e-02 8.0000e+00 1.1200e+01 2.3000e+00 4.5135e+01 8.6500e+00 5.5000e-02 7.8000e+00 8.2000e+00 7.1000e+00 6.0606e+01 9.8880e+00 5.5000e-02 7.6000e+00 7.9000e+00 2.0000e+00 4.3696e+01 1.0175e+01 4.8000e-02 8.0000e+00 9.5000e+00 3.6000e+00 4.6583e+01 1.0715e+01 3.5000e-02 8.5000e+00 1.0600e+01 2.6000e+00 3.8335e+01
1.2130e+01 4.5000e-02 7.9000e+00 1.2700e+01 2.8000e+00 4.1699e+01 4.4400e+00 5.1000e-02 7.8000e+00 1.0400e+01 1.9000e+00 4.9548e+01 1.0175e+01 4.8000e-02 8.0000e+00 9.5000e+00 3.6000e+00 4.6583e+01 1.0715e+01 3.5000e-02 8.5000e+00 1.0600e+01 2.6000e+00 3.8335e+01 9.6200e+00 4.0000e-02 7.5000e+00 1.0700e+01 3.5000e+00 4.1699e+01
1.5670e+01 8.5000e-02 7.5000e+00 1.2500e+01 5.9000e+00 5.7360e+01 1.4515e+01 5.0000e-02 7.2000e+00 9.5000e+00 4.1000e+00 4.8177e+01 1.0715e+01 3.5000e-02 8.5000e+00 1.0600e+01 2.6000e+00 3.8335e+01 9.6200e+00 4.0000e-02 7.5000e+00 1.0700e+01 3.5000e+00 4.1699e+01 1.2020e+01 3.5000e-02 7.5000e+00 9.6000e+00 3.7000e+00 4.5782e+01
1.5630e+01 5.3000e-02 7.5000e+00 9.2000e+00 6.7000e+00 5.0876e+01 1.3432e+01 1.2300e-01 7.4000e+00 7.8000e+00 1.2700e+01 5.4123e+01 9.6200e+00 4.0000e-02 7.5000e+00 1.0700e+01 3.5000e+00 4.1699e+01 1.2020e+01 3.5000e-02 7.5000e+00 9.6000e+00 3.7000e+00 4.5782e+01 1.0549e+01 6.0000e-02 7.7000e+00 9.0000e+00 4.0000e+00 4.6960e+01
1.1361e+01 6.3000e-02 7.4000e+00 7.3000e+00 9.6000e+00 5.3943e+01 1.0620e+01 5.3000e-02 7.5000e+00 7.9000e+00 5.5000e+00 5.7166e+01 1.2020e+01 3.5000e-02 7.5000e+00 9.6000e+00 3.7000e+00 4.5782e+01 1.0549e+01 6.0000e-02 7.7000e+00 9.0000e+00 4.0000e+00 4.6960e+01 9.5610e+00 5.1000e-02 7.7000e+00 9.0000e+00 3.6000e+00 5.7231e+01
1.4020e+01 5.0000e-02 8.3000e+00 1.2200e+01 4.6000e+00 5.6059e+01 1.2130e+01 4.5000e-02 7.9000e+00 1.2700e+01 2.8000e+00 4.1699e+01 9.5580e+00 4.9000e-02 7.9000e+00 9.4000e+00 1.7000e+00 5.2045e+01 8.6500e+00 5.5000e-02 7.8000e+00 8.2000e+00 7.1000e+00 6.0606e+01 4.4400e+00 5.1000e-02 7.8000e+00 1.0400e+01 1.9000e+00 4.9548e+01
