2.6670e+00 2.5000e-02 8.7000e+00 1.6600e+01 1.9000e+00 6.4063e+01 2.7700e+00 1.6000e-02 8.6000e+00 1.4100e+01 9.0000e-01 5.8845e+01 1.7660e+00 2.3000e-02 7.8000e+00 1.0800e+01 7.0000e-01 5.3383e+01 1.5330e+00 1.6000e-02 7.8000e+00 1.3900e+01 5.0000e-01 3.9974e+01 1.8890e+00 2.3000e-02 7.7000e+00 1.3600e+01 5.0000e-01 5.1934e+01
2.1530e+00 3.4000e-02 7.8000e+00 1.6600e+01 1.6000e+00 6.4475e+01 2.6100e+00 2.2000e-02 8.5000e+00 1.6100e+01 1.9000e+00 6.4841e+01 1.5330e+00 1.6000e-02 7.8000e+00 1.3900e+01 5.0000e-01 3.9974e+01 1.8890e+00 2.3000e-02 7.7000e+00 1.3600e+01 5.0000e-01 5.1934e+01 2.8590e+00 1.9000e-02 7.8000e+00 1.6200e+01 1.0000e+00 5.2045e+01
1.9470e+00 4.0000e-03 7.7000e+00 1.4700e+01 2.0000e+00 6.3768e+01 1.9450e+00 1.8000e-02 8.9000e+00 1.2400e+01 1.8000e+00 5.8565e+01 1.8890e+00 2.3000e-02 7.7000e+00 1.3600e+01 5.0000e-01 5.1934e+01 2.8590e+00 1.9000e-02 7.8000e+00 1.6200e+01 1.0000e+00 5.2045e+01 2.4130e+00 4.0000e-03 7.9000e+00 1.1700e+01 1.6000e+00 5.9740e+01
1.9620e+00 1.3000e-02 8.6000e+00 1.1200e+01 1.3000e+00 5.3667e+01 1.5580e+00 1.7000e-02 8.6000e+00 1.3300e+01 1.8000e+00 6.0788e+01 2.8590e+00 1.9000e-02 7.8000e+00 1.6200e+01 1.0000e+00 5.2045e+01 2.4130e+00 4.0000e-03 7.9000e+00 1.1700e+01 1.6000e+00 5.9740e+01 2.2240e+00 3.1400e-01 8.3000e+00 1.3400e+01 1.8000e+00 5.9433e+01
3.8850e+00 2.5000e-02 6.6000e+00 1.4500e+01 1.5000e+00 5.4474e+01 1.5620e+00 1.2000e-02 8.4000e+00 9.9000e+00 1.1000e+00 5.2155e+01 2.4130e+00 4.0000e-03 7.9000e+00 1.1700e+01 1.6000e+00 5.9740e+01 2.2240e+00 3.1400e-01 8.3000e+00 1.3400e+01 1.8000e+00 5.9433e+01 1.8870e+00 1.8000e-02 8.0000e+00 1.1700e+01 2.5000e+00 6.2098e+01
3.1900e+00 6.4000e-02 8.0000e+00 1.0200e+01 9.0000e-01 5.1360e+01 1.1800e+00 1.7000e-02 9.2000e+00 9.4000e+00 1.4000e+00 5.9588e+01 2.2240e+00 3.1400e-01 8.3000e+00 1.3400e+01 1.8000e+00 5.9433e+01 1.8870e+00 1.8000e-02 8.0000e+00 1.1700e+01 2.5000e+00 6.2098e+01 1.6940e+00 4.0000e-03 7.6000e+00 1.0100e+01 9.0000e-01 5.1121e+01
2.5970e+00 7.9000e-02 8.9000e+00 9.4000e+00 7.0000e-01 5.4212e+01 2.3210e+00 4.6000e-02 7.5000e+00 1.0200e+01 9.0000e-01 4.5571e+01 1.6940e+00 4.0000e-03 7.6000e+00 1.0100e+01 9.0000e-01 5.1121e+01 4.4400e+00 5.1000e-02 7.8000e+00 1.0400e+01 1.9000e+00 4.9548e+01 1.5460e+00 1.0000e-02 8.0000e+00 8.3000e+00 1.1000e+00 5.2370e+01
2.1860e+00 2.7000e-02 7.0000e+00 9.2000e+00 1.5000e+00 6.1444e+01 1.5150e+00 7.0000e-02 7.7000e+00 1.1500e+01 8.0000e-01 4.9829e+01 4.4400e+00 5.1000e-02 7.8000e+00 1.0400e+01 1.9000e+00 4.9548e+01 1.5460e+00 1.0000e-02 8.0000e+00 8.3000e+00 1.1000e+00 5.2370e+01 1.8420e+00 2.0000e-02 7.9000e+00 9.0000e+00 6.0000e-01 5.1478e+01
1.7530e+00 8.0000e-03 8.7000e+00 1.6000e+01 1.0000e+00 6.3005e+01 1.8730e+00 2.8000e-02 7.9000e+00 1.0800e+01 7.0000e-01 5.4812e+01 1.5460e+00 1.0000e-02 8.0000e+00 8.3000e+00 1.1000e+00 5.2370e+01 1.8420e+00 2.0000e-02 7.9000e+00 9.0000e+00 6.0000e-01 5.1478e+01 1.8290e+00 6.0000e-03 8.1000e+00 9.9000e+00 1.1000e+00 5.8900e+01
1.7800e+00 1.6000e-02 8.2000e+00 1.1500e+01 7.0000e-01 5.8509e+01 1.7660e+00 2.3000e-02 7.8000e+00 1.0800e+01 7.0000e-01 5.3383e+01 1.8420e+00 2.0000e-02 7.9000e+00 9.0000e+00 6.0000e-01 5.1478e+01 1.8290e+00 6.0000e-03 8.1000e+00 9.9000e+00 1.1000e+00 5.8900e+01 1.9640e+00 2.2000e-02 8.0000e+00 1.1400e+01 1.0000e+00 5.3188e+01
2.2110e+00 2.3000e-02 7.3000e+00 1.1700e+01 5.0000e-01 4.5355e+01 1.5330e+00 1.6000e-02 7.8000e+00 1.3900e+01 5.0000e-01 3.9974e+01 1.8290e+00 6.0000e-03 8.1000e+00 9.9000e+00 1.1000e+00 5.8900e+01 1.9640e+00 2.2000e-02 8.0000e+00 1.1400e+01 1.0000e+00 5.3188e+01 2.6840e+00 1.1000e-02 7.5000e+00 1.3800e+01 9.0000e-01 3.9589e+01
2.7700e+00 1.6000e-02 8.6000e+00 1.4100e+01 9.0000e-01 5.8845e+01 1.8890e+00 2.3000e-02 7.7000e+00 1.3600e+01 5.0000e-01 5.1934e+01 1.9640e+00 2.2000e-02 8.0000e+00 1.1400e+01 1.0000e+00 5.3188e+01 2.6840e+00 1.1000e-02 7.5000e+00 1.3800e+01 9.0000e-01 3.9589e+01 2.9650e+00 8.0000e-03 8.0000e+00 1.7800e+01 1.0000e+00 5.4212e+01
2.6100e+00 2.2000e-02 8.5000e+00 1.6100e+01 1.9000e+00 6.4841e+01 2.8590e+00 1.9000e-02 7.8000e+00 1.6200e+01 1.0000e+00 5.2045e+01 2.6840e+00 1.1000e-02 7.5000e+00 1.3800e+01 9.0000e-01 3.9589e+01 2.9650e+00 8.0000e-03 8.0000e+00 1.7800e+01 1.0000e+00 5.4212e+01 2.4790e+00 1.1000e-02 7.8000e+00 1.4500e+01 6.0000e-01 4.9689e+01
1.9450e+00 1.8000e-02 8.9000e+00 1.2400e+01 1.8000e+00 5.8565e+01 2.4130e+00 4.0000e-03 7.9000e+00 1.1700e+01 1.6000e+00 5.9740e+01 2.9650e+00 8.0000e-03 8.0000e+00 1.7800e+01 1.0000e+00 5.4212e+01 2.4790e+00 1.1000e-02 7.8000e+00 1.4500e+01 6.0000e-01 4.9689e+01 1.8950e+00 1.7000e-02 7.8000e+00 1.4100e+01 9.0000e-01 5.4387e+01
1.5580e+00 1.7000e-02 8.6000e+00 1.3300e+01 1.8000e+00 6.0788e+01 2.2240e+00 3.1400e-01 8.3000e+00 1.3400e+01 1.8000e+00 5.9433e+01 2.4790e+00 1.1000e-02 7.8000e+00 1.4500e+01 6.0000e-01 4.9689e+01 1.8950e+00 1.7000e-02 7.8000e+00 1.4100e+01 9.0000e-01 5.4387e+01 2.0810e+00 9.0000e-03 8.1000e+00 1.1300e+01 1.0000e+00 5.4895e+01
1.5620e+00 1.2000e-02 8.4000e+00 9.9000e+00 1.1000e+00 5.2155e+01 1.8870e+00 1.8000e-02 8.0000e+00 1.1700e+01 2.5000e+00 6.2098e+01 1.8950e+00 1.7000e-02 7.8000e+00 1.4100e+01 9.0000e-01 5.4387e+01 2.0810e+00 9.0000e-03 8.1000e+00 1.1300e+01 1.0000e+00 5.4895e+01 1.7280e+00 1.5000e-02 7.9000e+00 8.5000e+00 8.0000e-01 4.0344e+01
1.1800e+00 1.7000e-02 9.2000e+00 9.4000e+00 1.4000e+00 5.9588e+01 1.6940e+00 4.0000e-03 7.6000e+00 1.0100e+01 9.0000e-01 5.1121e+01 2.0810e+00 9.0000e-03 8.1000e+00 1.1300e+01 1.0000e+00 5.4895e+01 1.7280e+00 1.5000e-02 7.9000e+00 8.5000e+00 8.0000e-01 4.0344e+01 1.4010e+00 2.1000e-02 7.6000e+00 9.0000e+00 1.1000e+00 5.2045e+01
1.6400e+00 6.4000e-02 7.5000e+00 9.5000e+00 6.0000e-01 4.8012e+01 4.4400e+00 5.1000e-02 7.8000e+00 1.0400e+01 1.9000e+00 4.9548e+01 1.7280e+00 1.5000e-02 7.9000e+00 8.5000e+00 8.0000e-01 4.0344e+01 1.4010e+00 2.1000e-02 7.6000e+00 9.0000e+00 1.1000e+00 5.2045e+01 1.6620e+00 1.5000e-02 8.9000e+00 1.0000e+01 2.3000e+00 6.1939e+01
2.3210e+00 4.6000e-02 7.5000e+00 1.0200e+01 9.0000e-01 4.5571e+01 1.5460e+00 1.0000e-02 8.0000e+00 8.3000e+00 1.1000e+00 5.2370e+01 1.4010e+00 2.1000e-02 7.6000e+00 9.0000e+00 1.1000e+00 5.2045e+01 1.6620e+00 1.5000e-02 8.9000e+00 1.0000e+01 2.3000e+00 6.1939e+01 1.5410e+00 3.2000e-02 7.7000e+00 8.8000e+00 1.1000e+00 6.1858e+01
1.5150e+00 7.0000e-02 7.7000e+00 1.1500e+01 8.0000e-01 4.9829e+01 1.8420e+00 2.0000e-02 7.9000e+00 9.0000e+00 6.0000e-01 5.1478e+01 1.6620e+00 1.5000e-02 8.9000e+00 1.0000e+01 2.3000e+00 6.1939e+01 1.5410e+00 3.2000e-02 7.7000e+00 8.8000e+00 1.1000e+00 6.1858e+01 2.0070e+00 6.0000e-03 7.6000e+00 8.9000e+00 1.3000e+00 5.5139e+01
1.8730e+00 2.8000e-02 7.9000e+00 1.0800e+01 7.0000e-01 5.4812e+01 1.8290e+00 6.0000e-03 8.1000e+00 9.9000e+00 1.1000e+00 5.8900e+01 1.5410e+00 3.2000e-02 7.7000e+00 8.8000e+00 1.1000e+00 6.1858e+01 2.0070e+00 6.0000e-03 7.6000e+00 8.9000e+00 1.3000e+00 5.5139e+01 2.2930e+00 1.1000e-02 7.9000e+00 1.0000e+01 1.1000e+00 5.7676e+01
1.7660e+00 2.3000e-02 7.8000e+00 1.0800e+01 7.0000e-01 5.3383e+01 1.9640e+00 2.2000e-02 8.0000e+00 1.1400e+01 1.0000e+00 5.3188e+01 2.0070e+00 6.0000e-03 7.6000e+00 8.9000e+00 1.3000e+00 5.5139e+01 2.2930e+00 1.1000e-02 7.9000e+00 1.0000e+01 1.1000e+00 5.7676e+01 2.3020e+00 1.1000e-02 7.7000e+00 1.1100e+01 5.0000e-01 5.1709e+01
1.5330e+00 1.6000e-02 7.8000e+00 1.3900e+01 5.0000e-01 3.9974e+01 2.6840e+00 1.1000e-02 7.5000e+00 1.3800e+01 9.0000e-01 3.9589e+01 2.2930e+00 1.1000e-02 7.9000e+00 1.0000e+01 1.1000e+00 5.7676e+01 2.3020e+00 1.1000e-02 7.7000e+00 1.1100e+01 5.0000e-01 5.1709e+01 2.5130e+00 5.0000e-03 8.2000e+00 1.4300e+01 6.0000e-01 2.3800e+01
1.8890e+00 2.3000e-02 7.7000e+00 1.3600e+01 5.0000e-01 5.1934e+01 2.9650e+00 8.0000e-03 8.0000e+00 1.7800e+01 1.0000e+00 5.4212e+01 2.3020e+00 1.1000e-02 7.7000e+00 1.1100e+01 5.0000e-01 5.1709e+01 2.5130e+00 5.0000e-03 8.2000e+00 1.4300e+01 6.0000e-01 2.3800e+01 2.5390e+00 3.0000e-03 7.3000e+00 1.3500e+01 8.0000e-01 4.5988e+01
2.8590e+00 1.9000e-02 7.8000e+00 1.6200e+01 1.0000e+00 5.2045e+01 2.4790e+00 1.1000e-02 7.8000e+00 1.4500e+01 6.0000e-01 4.9689e+01 2.5130e+00 5.0000e-03 8.2000e+00 1.4300e+01 6.0000e-01 2.3800e+01 2.5390e+00 3.0000e-03 7.3000e+00 1.3500e+01 8.0000e-01 4.5988e+01 2.6890e+00 5.0000e-03 7.7000e+00 1.4200e+01 1.8000e+00 5.5686e+01
2.4130e+00 4.0000e-03 7.9000e+00 1.1700e+01 1.6000e+00 5.9740e+01 1.8950e+00 1.7000e-02 7.8000e+00 1.4100e+01 9.0000e-01 5.4387e+01 2.5390e+00 3.0000e-03 7.3000e+00 1.3500e+01 8.0000e-01 4.5988e+01 2.6890e+00 5.0000e-03 7.7000e+00 1.4200e+01 1.8000e+00 5.5686e+01 2.4860e+00 4.0000e-03 8.7000e+00 1.3500e+01 5.0000e-01 5.8955e+01
2.2240e+00 3.1400e-01 8.3000e+00 1.3400e+01 1.8000e+00 5.9433e+01 2.0810e+00 9.0000e-03 8.1000e+00 1.1300e+01 1.0000e+00 5.4895e+01 2.6890e+00 5.0000e-03 7.7000e+00 1.4200e+01 1.8000e+00 5.5686e+01 2.4860e+00 4.0000e-03 8.7000e+00 1.3500e+01 5.0000e-01 5.8955e+01 2.2570e+00 1.7000e-02 7.5000e+00 1.0900e+01 2.1000e+00 5.4729e+01
1.8870e+00 1.8000e-02 8.0000e+00 1.1700e+01 2.5000e+00 6.2098e+01 1.7280e+00 1.5000e-02 7.9000e+00 8.5000e+00 8.0000e-01 4.0344e+01 2.4860e+00 4.0000e-03 8.7000e+00 1.3500e+01 5.0000e-01 5.8955e+01 2.2570e+00 1.7000e-02 7.5000e+00 1.0900e+01 2.1000e+00 5.4729e+01 2.4170e+00 2.3000e-02 7.8000e+00 1.0300e+01 1.5000e+00 5.8622e+01
1.6940e+00 4.0000e-03 7.6000e+00 1.0100e+01 9.0000e-01 5.1121e+01 1.4010e+00 2.1000e-02 7.6000e+00 9.0000e+00 1.1000e+00 5.2045e+01 2.2570e+00 1.7000e-02 7.5000e+00 1.0900e+01 2.1000e+00 5.4729e+01 2.4170e+00 2.3000e-02 7.8000e+00 1.0300e+01 1.5000e+00 5.8622e+01 1.6310e+00 2.0000e-02 7.7000e+00 1.0000e+01 8.0000e-01 5.3852e+01
4.4400e+00 5.1000e-02 7.8000e+00 1.0400e+01 1.9000e+00 4.9548e+01 1.6620e+00 1.5000e-02 8.9000e+00 1.0000e+01 2.3000e+00 6.1939e+01 2.4170e+00 2.3000e-02 7.8000e+00 1.0300e+01 1.5000e+00 5.8622e+01 1.6310e+00 2.0000e-02 7.7000e+00 1.0000e+01 8.0000e-01 5.3852e+01 1.4610e+00 1.5000e-02 7.9000e+00 1.0200e+01 1.9000e+00 6.1144e+01
1.5460e+00 1.0000e-02 8.0000e+00 8.3000e+00 1.1000e+00 5.2370e+01 1.5410e+00 3.2000e-02 7.7000e+00 8.8000e+00 1.1000e+00 6.1858e+01 1.6310e+00 2.0000e-02 7.7000e+00 1.0000e+01 8.0000e-01 5.3852e+01 1.4610e+00 1.5000e-02 7.9000e+00 1.0200e+01 1.9000e+00 6.1144e+01 2.2020e+00 1.7000e-02 8.5000e+00 1.0600e+01 3.4000e+00 7.0617e+01
1.8420e+00 2.0000e-02 7.9000e+00 9.0000e+00 6.0000e-01 5.1478e+01 2.0070e+00 6.0000e-03 7.6000e+00 8.9000e+00 1.3000e+00 5.5139e+01 1.4610e+00 1.5000e-02 7.9000e+00 1.0200e+01 1.9000e+00 6.1144e+01 2.2020e+00 1.7000e-02 8.5000e+00 1.0600e+01 3.4000e+00 7.0617e+01 1.8740e+00 1.3000e-02 8.3000e+00 9.7000e+00 2.1000e+00 6.3005e+01
1.8290e+00 6.0000e-03 8.1000e+00 9.9000e+00 1.1000e+00 5.8900e+01 2.2930e+00 1.1000e-02 7.9000e+00 1.0000e+01 1.1000e+00 5.7676e+01 2.2020e+00 1.7000e-02 8.5000e+00 1.0600e+01 3.4000e+00 7.0617e+01 1.8740e+00 1.3000e-02 8.3000e+00 9.7000e+00 2.1000e+00 6.3005e+01 1.7770e+00 1.0000e-02 7.5000e+00 1.1200e+01 1.1000e+00 5.5377e+01
1.9640e+00 2.2000e-02 8.0000e+00 1.1400e+01 1.0000e+00 5.3188e+01 2.3020e+00 1.1000e-02 7.7000e+00 1.1100e+01 5.0000e-01 5.1709e+01 1.8740e+00 1.3000e-02 8.3000e+00 9.7000e+00 2.1000e+00 6.3005e+01 1.7770e+00 1.0000e-02 7.5000e+00 1.1200e+01 1.1000e+00 5.5377e+01 1.9250e+00 1.6000e-02 8.0000e+00 1.1900e+01 1.1000e+00 5.4559e+01
2.6840e+00 1.1000e-02 7.5000e+00 1.3800e+01 9.0000e-01 3.9589e+01 2.5130e+00 5.0000e-03 8.2000e+00 1.4300e+01 6.0000e-01 2.3800e+01 1.7770e+00 1.0000e-02 7.5000e+00 1.1200e+01 1.1000e+00 5.5377e+01 1.9250e+00 1.6000e-02 8.0000e+00 1.1900e+01 1.1000e+00 5.4559e+01 2.6660e+00 1.9000e-02 8.2000e+00 1.3500e+01 8.0000e-01 5.4812e+01
2.9650e+00 8.0000e-03 8.0000e+00 1.7800e+01 1.0000e+00 5.4212e+01 2.5390e+00 3.0000e-03 7.3000e+00 1.3500e+01 8.0000e-01 4.5988e+01 1.9250e+00 1.6000e-02 8.0000e+00 1.1900e+01 1.1000e+00 5.4559e+01 2.6660e+00 1.9000e-02 8.2000e+00 1.3500e+01 8.0000e-01 5.4812e+01 3.7050e+00 1.2000e-02 8.2000e+00 1.4100e+01 1.5000e+00 5.7613e+01
2.4790e+00 1.1000e-02 7.8000e+00 1.4500e+01 6.0000e-01 4.9689e+01 2.6890e+00 5.0000e-03 7.7000e+00 1.4200e+01 1.8000e+00 5.5686e+01 2.6660e+00 1.9000e-02 8.2000e+00 1.3500e+01 8.0000e-01 5.4812e+01 3.7050e+00 1.2000e-02 8.2000e+00 1.4100e+01 1.5000e+00 5.7613e+01 3.1650e+00 1.4000e-02 7.9000e+00 1.3500e+01 1.6000e+00 4.9829e+01
1.8950e+00 1.7000e-02 7.8000e+00 1.4100e+01 9.0000e-01 5.4387e+01 2.4860e+00 4.0000e-03 8.7000e+00 1.3500e+01 5.0000e-01 5.8955e+01 3.7050e+00 1.2000e-02 8.2000e+00 1.4100e+01 1.5000e+00 5.7613e+01 3.1650e+00 1.4000e-02 7.9000e+00 1.3500e+01 1.6000e+00 4.9829e+01 2.5230e+00 1.0000e-02 7.6000e+00 1.4100e+01 3.1000e+00 5.6559e+01
2.0810e+00 9.0000e-03 8.1000e+00 1.1300e+01 1.0000e+00 5.4895e+01 2.2570e+00 1.7000e-02 7.5000e+00 1.0900e+01 2.1000e+00 5.4729e+01 3.1650e+00 1.4000e-02 7.9000e+00 1.3500e+01 1.6000e+00 4.9829e+01 2.5230e+00 1.0000e-02 7.6000e+00 1.4100e+01 3.1000e+00 5.6559e+01 2.7260e+00 9.0000e-03 7.7000e+00 1.2300e+01 1.6000e+00 4.8339e+01
1.7280e+00 1.5000e-02 7.9000e+00 8.5000e+00 8.0000e-01 4.0344e+01 2.4170e+00 2.3000e-02 7.8000e+00 1.0300e+01 1.5000e+00 5.8622e+01 2.5230e+00 1.0000e-02 7.6000e+00 1.4100e+01 3.1000e+00 5.6559e+01 2.7260e+00 9.0000e-03 7.7000e+00 1.2300e+01 1.6000e+00 4.8339e+01 2.0470e+00 1.2000e-02 8.2000e+00 1.1200e+01 9.0000e-01 4.5571e+01
1.4010e+00 2.1000e-02 7.6000e+00 9.0000e+00 1.1000e+00 5.2045e+01 1.6310e+00 2.0000e-02 7.7000e+00 1.0000e+01 8.0000e-01 5.3852e+01 2.7260e+00 9.0000e-03 7.7000e+00 1.2300e+01 1.6000e+00 4.8339e+01 2.0470e+00 1.2000e-02 8.2000e+00 1.1200e+01 9.0000e-01 4.5571e+01 2.1070e+00 1.4000e-02 7.5000e+00 9.4000e+00 1.1000e+00 4.5571e+01
1.6620e+00 1.5000e-02 8.9000e+00 1.0000e+01 2.3000e+00 6.1939e+01 1.4610e+00 1.5000e-02 7.9000e+00 1.0200e+01 1.9000e+00 6.1144e+01 2.0470e+00 1.2000e-02 8.2000e+00 1.1200e+01 9.0000e-01 4.5571e+01 2.1070e+00 1.4000e-02 7.5000e+00 9.4000e+00 1.1000e+00 4.5571e+01 2.6150e+00 1.6000e-02 7.6000e+00 1.0200e+01 7.0000e-01 5.4212e+01
1.5410e+00 3.2000e-02 7.7000e+00 8.8000e+00 1.1000e+00 6.1858e+01 2.2020e+00 1.7000e-02 8.5000e+00 1.0600e+01 3.4000e+00 7.0617e+01 2.1070e+00 1.4000e-02 7.5000e+00 9.4000e+00 1.1000e+00 4.5571e+01 2.6150e+00 1.6000e-02 7.6000e+00 1.0200e+01 7.0000e-01 5.4212e+01 1.6410e+00 9.0000e-03 7.7000e+00 8.7000e+00 1.6000e+00 6.0467e+01
2.0070e+00 6.0000e-03 7.6000e+00 8.9000e+00 1.3000e+00 5.5139e+01 1.8740e+00 1.3000e-02 8.3000e+00 9.7000e+00 2.1000e+00 6.3005e+01 2.6150e+00 1.6000e-02 7.6000e+00 1.0200e+01 7.0000e-01 5.4212e+01 1.6410e+00 9.0000e-03 7.7000e+00 8.7000e+00 1.6000e+00 6.0467e+01 1.8230e+00 1.4000e-02 8.3000e+00 9.1000e+00 9.0000e-01 5.9988e+01
2.2930e+00 1.1000e-02 7.9000e+00 1.0000e+01 1.1000e+00 5.7676e+01 1.7770e+00 1.0000e-02 7.5000e+00 1.1200e+01 1.1000e+00 5.5377e+01 1.6410e+00 9.0000e-03 7.7000e+00 8.7000e+00 1.6000e+00 6.0467e+01 1.8230e+00 1.4000e-02 8.3000e+00 9.1000e+00 9.0000e-01 5.9988e+01 1.5140e+00 1.3000e-02 8.3000e+00 9.9000e+00 5.0000e-01 4.9548e+01
2.3020e+00 1.1000e-02 7.7000e+00 1.1100e+01 5.0000e-01 5.1709e+01 1.9250e+00 1.6000e-02 8.0000e+00 1.1900e+01 1.1000e+00 5.4559e+01 1.8230e+00 1.4000e-02 8.3000e+00 9.1000e+00 9.0000e-01 5.9988e+01 1.5140e+00 1.3000e-02 8.3000e+00 9.9000e+00 5.0000e-01 4.9548e+01 2.2240e+00 1.2000e-02 7.8000e+00 1.1400e+01 1.3000e+00 5.8509e+01
2.5130e+00 5.0000e-03 8.2000e+00 1.4300e+01 6.0000e-01 2.3800e+01 2.6660e+00 1.9000e-02 8.2000e+00 1.3500e+01 8.0000e-01 5.4812e+01 1.5140e+00 1.3000e-02 8.3000e+00 9.9000e+00 5.0000e-01 4.9548e+01 2.2240e+00 1.2000e-02 7.8000e+00 1.1400e+01 1.3000e+00 5.8509e+01 2.7400e+00 3.3000e-02 7.3000e+00 1.2900e+01 8.0000e-01 4.8339e+01
2.5390e+00 3.0000e-03 7.3000e+00 1.3500e+01 8.0000e-01 4.5988e+01 3.7050e+00 1.2000e-02 8.2000e+00 1.4100e+01 1.5000e+00 5.7613e+01 2.2240e+00 1.2000e-02 7.8000e+00 1.1400e+01 1.3000e+00 5.8509e+01 2.7400e+00 3.3000e-02 7.3000e+00 1.2900e+01 8.0000e-01 4.8339e+01 2.9540e+00 1.5000e-02 8.4000e+00 1.4400e+01 1.4000e+00 5.3943e+01
2.6890e+00 5.0000e-03 7.7000e+00 1.4200e+01 1.8000e+00 5.5686e+01 3.1650e+00 1.4000e-02 7.9000e+00 1.3500e+01 1.6000e+00 4.9829e+01 2.7400e+00 3.3000e-02 7.3000e+00 1.2900e+01 8.0000e-01 4.8339e+01 2.9540e+00 1.5000e-02 8.4000e+00 1.4400e+01 1.4000e+00 5.3943e+01 2.7270e+00 6.0000e-03 8.2000e+00 1.5700e+01 2.9000e+00 4.1045e+01
2.4860e+00 4.0000e-03 8.7000e+00 1.3500e+01 5.0000e-01 5.8955e+01 2.5230e+00 1.0000e-02 7.6000e+00 1.4100e+01 3.1000e+00 5.6559e+01 2.9540e+00 1.5000e-02 8.4000e+00 1.4400e+01 1.4000e+00 5.3943e+01 2.7270e+00 6.0000e-03 8.2000e+00 1.5700e+01 2.9000e+00 4.1045e+01 2.5620e+00 1.0000e-02 7.7000e+00 1.3400e+01 1.3000e+00 5.6968e+01
2.2570e+00 1.7000e-02 7.5000e+00 1.0900e+01 2.1000e+00 5.4729e+01 2.7260e+00 9.0000e-03 7.7000e+00 1.2300e+01 1.6000e+00 4.8339e+01 2.7270e+00 6.0000e-03 8.2000e+00 1.5700e+01 2.9000e+00 4.1045e+01 2.5620e+00 1.0000e-02 7.7000e+00 1.3400e+01 1.3000e+00 5.6968e+01 1.9860e+00 1.1000e-02 8.5000e+00 1.2500e+01 1.2000e+00 5.3286e+01
2.4170e+00 2.3000e-02 7.8000e+00 1.0300e+01 1.5000e+00 5.8622e+01 2.0470e+00 1.2000e-02 8.2000e+00 1.1200e+01 9.0000e-01 4.5571e+01 2.5620e+00 1.0000e-02 7.7000e+00 1.3400e+01 1.3000e+00 5.6968e+01 1.9860e+00 1.1000e-02 8.5000e+00 1.2500e+01 1.2000e+00 5.3286e+01 1.4970e+00 7.0000e-03 8.0000e+00 1.0400e+01 5.0000e-01 4.3696e+01
1.6310e+00 2.0000e-02 7.7000e+00 1.0000e+01 8.0000e-01 5.3852e+01 2.1070e+00 1.4000e-02 7.5000e+00 9.4000e+00 1.1000e+00 4.5571e+01 1.9860e+00 1.1000e-02 8.5000e+00 1.2500e+01 1.2000e+00 5.3286e+01 1.4970e+00 7.0000e-03 8.0000e+00 1.0400e+01 5.0000e-01 4.3696e+01 1.3930e+00 2.1000e-02 8.6000e+00 1.1200e+01 8.0000e-01 5.1242e+01
1.4610e+00 1.5000e-02 7.9000e+00 1.0200e+01 1.9000e+00 6.1144e+01 2.6150e+00 1.6000e-02 7.6000e+00 1.0200e+01 7.0000e-01 5.4212e+01 1.4970e+00 7.0000e-03 8.0000e+00 1.0400e+01 5.0000e-01 4.3696e+01 1.3930e+00 2.1000e-02 8.6000e+00 1.1200e+01 8.0000e-01 5.1242e+01 2.3420e+00 1.1000e-01 7.8000e+00 9.9000e+00 9.0000e-01 5.6132e+01
2.2020e+00 1.7000e-02 8.5000e+00 1.0600e+01 3.4000e+00 7.0617e+01 1.6410e+00 9.0000e-03 7.7000e+00 8.7000e+00 1.6000e+00 6.0467e+01 1.3930e+00 2.1000e-02 8.6000e+00 1.1200e+01 8.0000e-01 5.1242e+01 2.3420e+00 1.1000e-01 7.8000e+00 9.9000e+00 9.0000e-01 5.6132e+01 2.2360e+00 2.3000e-02 7.9000e+00 8.9000e+00 1.0000e+00 5.8734e+01
1.8740e+00 1.3000e-02 8.3000e+00 9.7000e+00 2.1000e+00 6.3005e+01 1.8230e+00 1.4000e-02 8.3000e+00 9.1000e+00 9.0000e-01 5.9988e+01 2.3420e+00 1.1000e-01 7.8000e+00 9.9000e+00 9.0000e-01 5.6132e+01 2.2360e+00 2.3000e-02 7.9000e+00 8.9000e+00 1.0000e+00 5.8734e+01 2.2460e+00 6.0000e-03 8.4000e+00 1.0100e+01 1.5000e+00 6.3565e+01
1.7770e+00 1.0000e-02 7.5000e+00 1.1200e+01 1.1000e+00 5.5377e+01 1.5140e+00 1.3000e-02 8.3000e+00 9.9000e+00 5.0000e-01 4.9548e+01 2.2360e+00 2.3000e-02 7.9000e+00 8.9000e+00 1.0000e+00 5.8734e+01 2.2460e+00 6.0000e-03 8.4000e+00 1.0100e+01 1.5000e+00 6.3565e+01 1.9490e+00 1.2000e-02 8.0000e+00 8.3000e+00 5.0000e-01 4.9689e+01
1.9250e+00 1.6000e-02 8.0000e+00 1.1900e+01 1.1000e+00 5.4559e+01 2.2240e+00 1.2000e-02 7.8000e+00 1.1400e+01 1.3000e+00 5.8509e+01 2.2460e+00 6.0000e-03 8.4000e+00 1.0100e+01 1.5000e+00 6.3565e+01 1.9490e+00 1.2000e-02 8.0000e+00 8.3000e+00 5.0000e-01 4.9689e+01 1.9550e+00 1.2000e-02 8.0000e+00 1.2300e+01 6.0000e-01 5.1822e+01
2.6660e+00 1.9000e-02 8.2000e+00 1.3500e+01 8.0000e-01 5.4812e+01 2.7400e+00 3.3000e-02 7.3000e+00 1.2900e+01 8.0000e-01 4.8339e+01 1.9490e+00 1.2000e-02 8.0000e+00 8.3000e+00 5.0000e-01 4.9689e+01 1.9550e+00 1.2000e-02 8.0000e+00 1.2300e+01 6.0000e-01 5.1822e+01 2.7430e+00 1.5000e-02 8.0000e+00 1.5200e+01 9.0000e-01 4.9260e+01
3.7050e+00 1.2000e-02 8.2000e+00 1.4100e+01 1.5000e+00 5.7613e+01 2.9540e+00 1.5000e-02 8.4000e+00 1.4400e+01 1.4000e+00 5.3943e+01 1.9550e+00 1.2000e-02 8.0000e+00 1.2300e+01 6.0000e-01 5.1822e+01 2.7430e+00 1.5000e-02 8.0000e+00 1.5200e+01 9.0000e-01 4.9260e+01 2.9590e+00 2.9000e-02 8.2000e+00 1.4300e+01 7.0000e-01 4.9405e+01
3.1650e+00 1.4000e-02 7.9000e+00 1.3500e+01 1.6000e+00 4.9829e+01 2.7270e+00 6.0000e-03 8.2000e+00 1.5700e+01 2.9000e+00 4.1045e+01 2.7430e+00 1.5000e-02 8.0000e+00 1.5200e+01 9.0000e-01 4.9260e+01 2.9590e+00 2.9000e-02 8.2000e+00 1.4300e+01 7.0000e-01 4.9405e+01 2.5870e+00 9.0000e-03 8.1000e+00 1.5700e+01 5.0000e-01 4.7674e+01
2.5230e+00 1.0000e-02 7.6000e+00 1.4100e+01 3.1000e+00 5.6559e+01 2.5620e+00 1.0000e-02 7.7000e+00 1.3400e+01 1.3000e+00 5.6968e+01 2.9590e+00 2.9000e-02 8.2000e+00 1.4300e+01 7.0000e-01 4.9405e+01 2.5870e+00 9.0000e-03 8.1000e+00 1.5700e+01 5.0000e-01 4.7674e+01 2.4690e+00 1.0000e-02 7.8000e+00 1.1900e+01 1.4000e+00 5.9329e+01
2.7260e+00 9.0000e-03 7.7000e+00 1.2300e+01 1.6000e+00 4.8339e+01 1.9860e+00 1.1000e-02 8.5000e+00 1.2500e+01 1.2000e+00 5.3286e+01 2.5870e+00 9.0000e-03 8.1000e+00 1.5700e+01 5.0000e-01 4.7674e+01 2.4690e+00 1.0000e-02 7.8000e+00 1.1900e+01 1.4000e+00 5.9329e+01 2.6590e+00 1.1000e-02 7.8000e+00 1.3200e+01 1.6000e+00 5.8622e+01
2.0470e+00 1.2000e-02 8.2000e+00 1.1200e+01 9.0000e-01 4.5571e+01 1.4970e+00 7.0000e-03 8.0000e+00 1.0400e+01 5.0000e-01 4.3696e+01 2.4690e+00 1.0000e-02 7.8000e+00 1.1900e+01 1.4000e+00 5.9329e+01 2.6590e+00 1.1000e-02 7.8000e+00 1.3200e+01 1.6000e+00 5.8622e+01 2.1890e+00 1.1000e-02 8.1000e+00 1.1700e+01 1.0000e+00 5.7360e+01
2.1070e+00 1.4000e-02 7.5000e+00 9.4000e+00 1.1000e+00 4.5571e+01 1.3930e+00 2.1000e-02 8.6000e+00 1.1200e+01 8.0000e-01 5.1242e+01 2.6590e+00 1.1000e-02 7.8000e+00 1.3200e+01 1.6000e+00 5.8622e+01 2.1890e+00 1.1000e-02 8.1000e+00 1.1700e+01 1.0000e+00 5.7360e+01 1.7650e+00 1.0000e-02 8.1000e+00 9.4000e+00 9.0000e-01 5.5456e+01
2.6150e+00 1.6000e-02 7.6000e+00 1.0200e+01 7.0000e-01 5.4212e+01 2.3420e+00 1.1000e-01 7.8000e+00 9.9000e+00 9.0000e-01 5.6132e+01 2.1890e+00 1.1000e-02 8.1000e+00 1.1700e+01 1.0000e+00 5.7360e+01 1.7650e+00 1.0000e-02 8.1000e+00 9.4000e+00 9.0000e-01 5.5456e+01 2.4960e+00 2.1000e-02 7.7000e+00 9.6000e+00 7.0000e-01 5.3760e+01
1.6410e+00 9.0000e-03 7.7000e+00 8.7000e+00 1.6000e+00 6.0467e+01 2.2360e+00 2.3000e-02 7.9000e+00 8.9000e+00 1.0000e+00 5.8734e+01 1.7650e+00 1.0000e-02 8.1000e+00 9.4000e+00 9.0000e-01 5.5456e+01 2.4960e+00 2.1000e-02 7.7000e+00 9.6000e+00 7.0000e-01 5.3760e+01 1.7690e+00 2.6000e-02 7.9000e+00 8.2000e+00 1.3000e+00 5.9790e+01
1.8230e+00 1.4000e-02 8.3000e+00 9.1000e+00 9.0000e-01 5.9988e+01 2.2460e+00 6.0000e-03 8.4000e+00 1.0100e+01 1.5000e+00 6.3565e+01 2.4960e+00 2.1000e-02 7.7000e+00 9.6000e+00 7.0000e-01 5.3760e+01 1.7690e+00 2.6000e-02 7.9000e+00 8.2000e+00 1.3000e+00 5.9790e+01 2.7420e+00 3.6000e-02 7.9000e+00 9.9000e+00 7.0000e-01 5.2263e+01
1.5140e+00 1.3000e-02 8.3000e+00 9.9000e+00 5.0000e-01 4.9548e+01 1.9490e+00 1.2000e-02 8.0000e+00 8.3000e+00 5.0000e-01 4.9689e+01 1.7690e+00 2.6000e-02 7.9000e+00 8.2000e+00 1.3000e+00 5.9790e+01 2.7420e+00 3.6000e-02 7.9000e+00 9.9000e+00 7.0000e-01 5.2263e+01 2.3540e+00 4.0000e-02 7.6000e+00 9.3000e+00 8.0000e-01 5.0999e+01
2.2240e+00 1.2000e-02 7.8000e+00 1.1400e+01 1.3000e+00 5.8509e+01 1.9550e+00 1.2000e-02 8.0000e+00 1.2300e+01 6.0000e-01 5.1822e+01 2.7420e+00 3.6000e-02 7.9000e+00 9.9000e+00 7.0000e-01 5.2263e+01 2.3540e+00 4.0000e-02 7.6000e+00 9.3000e+00 8.0000e-01 5.0999e+01 2.3140e+00 9.0000e-03 8.1000e+00 1.0600e+01 5.0000e-01 4.5571e+01
2.7400e+00 3.3000e-02 7.3000e+00 1.2900e+01 8.0000e-01 4.8339e+01 2.7430e+00 1.5000e-02 8.0000e+00 1.5200e+01 9.0000e-01 4.9260e+01 2.3540e+00 4.0000e-02 7.6000e+00 9.3000e+00 8.0000e-01 5.0999e+01 2.3140e+00 9.0000e-03 8.1000e+00 1.0600e+01 5.0000e-01 4.5571e+01 2.2220e+00 7.0000e-03 7.8000e+00 1.2700e+01 6.0000e-01 5.2476e+01
2.7270e+00 6.0000e-03 8.2000e+00 1.5700e+01 2.9000e+00 4.1045e+01 2.5870e+00 9.0000e-03 8.1000e+00 1.5700e+01 5.0000e-01 4.7674e+01 2.2220e+00 7.0000e-03 7.8000e+00 1.2700e+01 6.0000e-01 5.2476e+01 4.4400e+00 5.1000e-02 7.8000e+00 1.0400e+01 1.9000e+00 4.9548e+01 2.6580e+00 2.4000e-02 7.8000e+00 1.4100e+01 7.0000e-01 5.8041e+01
2.5620e+00 1.0000e-02 7.7000e+00 1.3400e+01 1.3000e+00 5.6968e+01 2.4690e+00 1.0000e-02 7.8000e+00 1.1900e+01 1.4000e+00 5.9329e+01 4.4400e+00 5.1000e-02 7.8000e+00 1.0400e+01 1.9000e+00 4.9548e+01 2.6580e+00 2.4000e-02 7.8000e+00 1.4100e+01 7.0000e-01 5.8041e+01 2.5570e+00 1.0000e-02 8.0000e+00 1.1200e+01 8.0000e-01 5.0876e+01
1.9860e+00 1.1000e-02 8.5000e+00 1.2500e+01 1.2000e+00 5.3286e+01 2.6590e+00 1.1000e-02 7.8000e+00 1.3200e+01 1.6000e+00 5.8622e+01 2.6580e+00 2.4000e-02 7.8000e+00 1.4100e+01 7.0000e-01 5.8041e+01 2.5570e+00 1.0000e-02 8.0000e+00 1.1200e+01 8.0000e-01 5.0876e+01 2.4110e+00 1.4000e-02 8.3000e+00 1.1900e+01 1.6000e+00 5.9223e+01
1.4970e+00 7.0000e-03 8.0000e+00 1.0400e+01 5.0000e-01 4.3696e+01 2.1890e+00 1.1000e-02 8.1000e+00 1.1700e+01 1.0000e+00 5.7360e+01 2.5570e+00 1.0000e-02 8.0000e+00 1.1200e+01 8.0000e-01 5.0876e+01 2.4110e+00 1.4000e-02 8.3000e+00 1.1900e+01 1.6000e+00 5.9223e+01 1.9850e+00 9.0000e-03 7.8000e+00 9.5000e+00 5.0000e-01 4.1045e+01
1.3930e+00 2.1000e-02 8.6000e+00 1.1200e+01 8.0000e-01 5.1242e+01 1.7650e+00 1.0000e-02 8.1000e+00 9.4000e+00 9.0000e-01 5.5456e+01 2.4110e+00 1.4000e-02 8.3000e+00 1.1900e+01 1.6000e+00 5.9223e+01 1.9850e+00 9.0000e-03 7.8000e+00 9.5000e+00 5.0000e-01 4.1045e+01 1.8180e+00 9.0000e-03 8.5000e+00 1.0300e+01 5.0000e-01 4.9548e+01
2.3420e+00 1.1000e-01 7.8000e+00 9.9000e+00 9.0000e-01 5.6132e+01 2.4960e+00 2.1000e-02 7.7000e+00 9.6000e+00 7.0000e-01 5.3760e+01 1.9850e+00 9.0000e-03 7.8000e+00 9.5000e+00 5.0000e-01 4.1045e+01 1.8180e+00 9.0000e-03 8.5000e+00 1.0300e+01 5.0000e-01 4.9548e+01 2.1940e+00 2.6000e-02 8.0000e+00 8.1000e+00 1.8000e+00 5.7488e+01
2.2360e+00 2.3000e-02 7.9000e+00 8.9000e+00 1.0000e+00 5.8734e+01 1.7690e+00 2.6000e-02 7.9000e+00 8.2000e+00 1.3000e+00 5.9790e+01 1.8180e+00 9.0000e-03 8.5000e+00 1.0300e+01 5.0000e-01 4.9548e+01 2.1940e+00 2.6000e-02 8.0000e+00 8.1000e+00 1.8000e+00 5.7488e+01 1.9980e+00 1.7000e-02 7.6000e+00 7.4000e+00 8.0000e-01 5.6419e+01
2.2460e+00 6.0000e-03 8.4000e+00 1.0100e+01 1.5000e+00 6.3565e+01 2.7420e+00 3.6000e-02 7.9000e+00 9.9000e+00 7.0000e-01 5.2263e+01 2.1940e+00 2.6000e-02 8.0000e+00 8.1000e+00 1.8000e+00 5.7488e+01 1.9980e+00 1.7000e-02 7.6000e+00 7.4000e+00 8.0000e-01 5.6419e+01 1.7640e+00 4.7000e-02 8.0000e+00 8.0000e+00 8.0000e-01 5.0366e+01
1.9490e+00 1.2000e-02 8.0000e+00 8.3000e+00 5.0000e-01 4.9689e+01 2.3540e+00 4.0000e-02 7.6000e+00 9.3000e+00 8.0000e-01 5.0999e+01 1.9980e+00 1.7000e-02 7.6000e+00 7.4000e+00 8.0000e-01 5.6419e+01 1.7640e+00 4.7000e-02 8.0000e+00 8.0000e+00 8.0000e-01 5.0366e+01 1.9130e+00 2.8000e-02 7.7000e+00 9.0000e+00 8.0000e-01 5.5610e+01
1.9550e+00 1.2000e-02 8.0000e+00 1.2300e+01 6.0000e-01 5.1822e+01 2.3140e+00 9.0000e-03 8.1000e+00 1.0600e+01 5.0000e-01 4.5571e+01 1.7640e+00 4.7000e-02 8.0000e+00 8.0000e+00 8.0000e-01 5.0366e+01 1.9130e+00 2.8000e-02 7.7000e+00 9.0000e+00 8.0000e-01 5.5610e+01 1.8600e+00 1.0000e-02 8.1000e+00 1.0500e+01 6.0000e-01 5.1478e+01
2.7430e+00 1.5000e-02 8.0000e+00 1.5200e+01 9.0000e-01 4.9260e+01 2.2220e+00 7.0000e-03 7.8000e+00 1.2700e+01 6.0000e-01 5.2476e+01 1.9130e+00 2.8000e-02 7.7000e+00 9.0000e+00 8.0000e-01 5.5610e+01 1.8600e+00 1.0000e-02 8.1000e+00 1.0500e+01 6.0000e-01 5.1478e+01 2.3500e+00 3.5000e-02 8.5000e+00 1.2300e+01 3.0000e-01 4.9966e+01
2.9590e+00 2.9000e-02 8.2000e+00 1.4300e+01 7.0000e-01 4.9405e+01 4.4400e+00 5.1000e-02 7.8000e+00 1.0400e+01 1.9000e+00 4.9548e+01 1.8600e+00 1.0000e-02 8.1000e+00 1.0500e+01 6.0000e-01 5.1478e+01 2.3500e+00 3.5000e-02 8.5000e+00 1.2300e+01 3.0000e-01 4.9966e+01 2.9160e+00 1.2000e-02 8.3000e+00 1.2800e+01 7.0000e-01 5.4559e+01
2.5870e+00 9.0000e-03 8.1000e+00 1.5700e+01 5.0000e-01 4.7674e+01 2.6580e+00 2.4000e-02 7.8000e+00 1.4100e+01 7.0000e-01 5.8041e+01 2.3500e+00 3.5000e-02 8.5000e+00 1.2300e+01 3.0000e-01 4.9966e+01 2.9160e+00 1.2000e-02 8.3000e+00 1.2800e+01 7.0000e-01 5.4559e+01 3.0410e+00 9.0000e-03 8.0000e+00 1.3400e+01 1.3000e+00 5.6419e+01
2.4690e+00 1.0000e-02 7.8000e+00 1.1900e+01 1.4000e+00 5.9329e+01 2.5570e+00 1.0000e-02 8.0000e+00 1.1200e+01 8.0000e-01 5.0876e+01 2.9160e+00 1.2000e-02 8.3000e+00 1.2800e+01 7.0000e-01 5.4559e+01 3.0410e+00 9.0000e-03 8.0000e+00 1.3400e+01 1.3000e+00 5.6419e+01 2.8650e+00 8.0000e-03 8.4000e+00 1.2100e+01 1.2000e+00 5.7034e+01
2.6590e+00 1.1000e-02 7.8000e+00 1.3200e+01 1.6000e+00 5.8622e+01 2.4110e+00 1.4000e-02 8.3000e+00 1.1900e+01 1.6000e+00 5.9223e+01 3.0410e+00 9.0000e-03 8.0000e+00 1.3400e+01 1.3000e+00 5.6419e+01 2.8650e+00 8.0000e-03 8.4000e+00 1.2100e+01 1.2000e+00 5.7034e+01 2.2450e+00 9.0000e-03 8.9000e+00 1.2200e+01 1.6000e+00 6.0373e+01
1.9780e+00 1.3800e-01 8.0000e+00 7.1000e+00 5.0000e-01 5.0876e+01 1.6400e+00 6.4000e-02 7.5000e+00 9.5000e+00 6.0000e-01 4.8012e+01 1.8870e+00 1.8000e-02 8.0000e+00 1.1700e+01 2.5000e+00 6.2098e+01 1.6940e+00 4.0000e-03 7.6000e+00 1.0100e+01 9.0000e-01 5.1121e+01 4.4400e+00 5.1000e-02 7.8000e+00 1.0400e+01 1.9000e+00 4.9548e+01
2.9540e+00 1.5000e-02 8.4000e+00 1.4400e+01 1.4000e+00 5.3943e+01 2.9590e+00 2.9000e-02 8.2000e+00 1.4300e+01 7.0000e-01 4.9405e+01 2.3140e+00 9.0000e-03 8.1000e+00 1.0600e+01 5.0000e-01 4.5571e+01 2.2220e+00 7.0000e-03 7.8000e+00 1.2700e+01 6.0000e-01 5.2476e+01 4.4400e+00 5.1000e-02 7.8000e+00 1.0400e+01 1.9000e+00 4.9548e+01
