4.4400e+00 5.1000e-02 7.8000e+00 1.0400e+01 1.9000e+00 4.9548e+01 4.2390e+00 8.8000e-02 7.2000e+00 1.5000e+01 1.7000e+00 6.0467e+01 1.8890e+00 3.8000e-02 7.9000e+00 1.1600e+01 9.0000e-01 5.7034e+01 2.2580e+00 5.9000e-02 7.3000e+00 1.1600e+01 9.0000e-01 4.2312e+01 2.5710e+00 4.9000e-02 7.6000e+00 1.4500e+01 2.6000e+00 5.1121e+01
4.1290e+00 1.2400e-01 8.7000e+00 1.4200e+01 3.3000e+00 6.3998e+01 3.9320e+00 7.6000e-02 8.7000e+00 1.5700e+01 3.7000e+00 6.8474e+01 2.2580e+00 5.9000e-02 7.3000e+00 1.1600e+01 9.0000e-01 4.2312e+01 2.5710e+00 4.9000e-02 7.6000e+00 1.4500e+01 2.6000e+00 5.1121e+01 3.1710e+00 2.3000e-02 7.7000e+00 1.7400e+01 1.5000e+00 5.3383e+01
4.2050e+00 1.9200e-01 7.8000e+00 1.4100e+01 5.3000e+00 6.7701e+01 3.2130e+00 5.1000e-02 8.1000e+00 1.3900e+01 3.3000e+00 5.8678e+01 2.5710e+00 4.9000e-02 7.6000e+00 1.4500e+01 2.6000e+00 5.1121e+01 3.1710e+00 2.3000e-02 7.7000e+00 1.7400e+01 1.5000e+00 5.3383e+01 3.5890e+00 6.3000e-02 7.4000e+00 1.2800e+01 4.4000e+00 6.0278e+01
5.2100e+00 2.7600e-01 8.1000e+00 8.5000e+00 7.1000e+00 5.7231e+01 2.8350e+00 1.5100e-01 7.5000e+00 1.1000e+01 5.4000e+00 6.6181e+01 3.1710e+00 2.3000e-02 7.7000e+00 1.7400e+01 1.5000e+00 5.3383e+01 3.5890e+00 6.3000e-02 7.4000e+00 1.2800e+01 4.4000e+00 6.0278e+01 2.6550e+00 1.8000e-02 7.6000e+00 1.1800e+01 2.5000e+00 6.0230e+01
4.4210e+00 1.2900e-01 7.0000e+00 9.0000e+00 3.6000e+00 5.1822e+01 5.8230e+00 6.1900e-01 7.7000e+00 7.6000e+00 6.6000e+00 5.0999e+01 3.5890e+00 6.3000e-02 7.4000e+00 1.2800e+01 4.4000e+00 6.0278e+01 2.6550e+00 1.8000e-02 7.6000e+00 1.1800e+01 2.5000e+00 6.0230e+01 2.2750e+00 2.0000e-02 7.9000e+00 1.0100e+01 1.9000e+00 6.0834e+01
3.9250e+00 1.9100e-01 8.1000e+00 1.0800e+01 1.7000e+00 5.7613e+01 2.4850e+00 1.5100e-01 8.2000e+00 1.0000e+01 2.5000e+00 6.7878e+01 2.6550e+00 1.8000e-02 7.6000e+00 1.1800e+01 2.5000e+00 6.0230e+01 2.2750e+00 2.0000e-02 7.9000e+00 1.0100e+01 1.9000e+00 6.0834e+01 1.9520e+00 1.4000e-02 7.0000e+00 8.9000e+00 1.4000e+00 5.4812e+01
2.4590e+00 6.4000e-02 8.0000e+00 1.0500e+01 6.0000e-01 4.4442e+01 2.2200e+00 4.8000e-02 7.7000e+00 9.8000e+00 5.0000e-01 4.5135e+01 1.9520e+00 1.4000e-02 7.0000e+00 8.9000e+00 1.4000e+00 5.4812e+01 4.4400e+00 5.1000e-02 7.8000e+00 1.0400e+01 1.9000e+00 4.9548e+01 1.9310e+00 1.5000e-02 7.7000e+00 9.0000e+00 9.0000e-01 5.4729e+01
2.3680e+00 7.6000e-02 7.9000e+00 8.0000e+00 8.0000e-01 5.7676e+01 2.2710e+00 1.0900e-01 8.0000e+00 1.0300e+01 1.2000e+00 4.4909e+01 4.4400e+00 5.1000e-02 7.8000e+00 1.0400e+01 1.9000e+00 4.9548e+01 1.9310e+00 1.5000e-02 7.7000e+00 9.0000e+00 9.0000e-01 5.4729e+01 1.8810e+00 4.0000e-02 7.5000e+00 7.7000e+00 9.0000e-01 5.0101e+01
2.4630e+00 4.9000e-02 8.6000e+00 1.3700e+01 1.5000e+00 6.5863e+01 2.2660e+00 3.4000e-02 7.8000e+00 1.1300e+01 1.1000e+00 5.4729e+01 1.9310e+00 1.5000e-02 7.7000e+00 9.0000e+00 9.0000e-01 5.4729e+01 1.8810e+00 4.0000e-02 7.5000e+00 7.7000e+00 9.0000e-01 5.0101e+01 3.1800e+00 6.2000e-02 7.6000e+00 9.7000e+00 1.5000e+00 5.8219e+01
2.6080e+00 5.5000e-02 8.2000e+00 1.1100e+01 1.2000e+00 6.3565e+01 1.8890e+00 3.8000e-02 7.9000e+00 1.1600e+01 9.0000e-01 5.7034e+01 1.8810e+00 4.0000e-02 7.5000e+00 7.7000e+00 9.0000e-01 5.0101e+01 3.1800e+00 6.2000e-02 7.6000e+00 9.7000e+00 1.5000e+00 5.8219e+01 3.0700e+00 4.2000e-02 7.5000e+00 1.1600e+01 1.2000e+00 4.9112e+01
3.7330e+00 2.8800e-01 7.8000e+00 1.3300e+01 1.3000e+00 4.8012e+01 2.2580e+00 5.9000e-02 7.3000e+00 1.1600e+01 9.0000e-01 4.2312e+01 3.1800e+00 6.2000e-02 7.6000e+00 9.7000e+00 1.5000e+00 5.8219e+01 3.0700e+00 4.2000e-02 7.5000e+00 1.1600e+01 1.2000e+00 4.9112e+01 5.5650e+00 1.9700e-01 7.1000e+00 1.2900e+01 4.2000e+00 3.7400e+01
4.2390e+00 8.8000e-02 7.2000e+00 1.5000e+01 1.7000e+00 6.0467e+01 2.5710e+00 4.9000e-02 7.6000e+00 1.4500e+01 2.6000e+00 5.1121e+01 3.0700e+00 4.2000e-02 7.5000e+00 1.1600e+01 1.2000e+00 4.9112e+01 5.5650e+00 1.9700e-01 7.1000e+00 1.2900e+01 4.2000e+00 3.7400e+01 4.4930e+00 5.7000e-02 7.7000e+00 1.4700e+01 1.9000e+00 5.3383e+01
3.9320e+00 7.6000e-02 8.7000e+00 1.5700e+01 3.7000e+00 6.8474e+01 3.1710e+00 2.3000e-02 7.7000e+00 1.7400e+01 1.5000e+00 5.3383e+01 5.5650e+00 1.9700e-01 7.1000e+00 1.2900e+01 4.2000e+00 3.7400e+01 4.4930e+00 5.7000e-02 7.7000e+00 1.4700e+01 1.9000e+00 5.3383e+01 4.8020e+00 7.4000e-02 7.6000e+00 1.4500e+01 2.2000e+00 5.2045e+01
3.2130e+00 5.1000e-02 8.1000e+00 1.3900e+01 3.3000e+00 5.8678e+01 3.5890e+00 6.3000e-02 7.4000e+00 1.2800e+01 4.4000e+00 6.0278e+01 4.4930e+00 5.7000e-02 7.7000e+00 1.4700e+01 1.9000e+00 5.3383e+01 4.8020e+00 7.4000e-02 7.6000e+00 1.4500e+01 2.2000e+00 5.2045e+01 4.1870e+00 7.1000e-02 7.4000e+00 1.2800e+01 2.1000e+00 5.3760e+01
2.8350e+00 1.5100e-01 7.5000e+00 1.1000e+01 5.4000e+00 6.6181e+01 2.6550e+00 1.8000e-02 7.6000e+00 1.1800e+01 2.5000e+00 6.0230e+01 4.8020e+00 7.4000e-02 7.6000e+00 1.4500e+01 2.2000e+00 5.2045e+01 4.1870e+00 7.1000e-02 7.4000e+00 1.2800e+01 2.1000e+00 5.3760e+01 3.1370e+00 1.0400e-01 7.5000e+00 1.0500e+01 2.3000e+00 5.3286e+01
5.8230e+00 6.1900e-01 7.7000e+00 7.6000e+00 6.6000e+00 5.0999e+01 2.2750e+00 2.0000e-02 7.9000e+00 1.0100e+01 1.9000e+00 6.0834e+01 4.1870e+00 7.1000e-02 7.4000e+00 1.2800e+01 2.1000e+00 5.3760e+01 3.1370e+00 1.0400e-01 7.5000e+00 1.0500e+01 2.3000e+00 5.3286e+01 3.0390e+00 1.2400e-01 7.5000e+00 8.6000e+00 1.3000e+00 5.1934e+01
2.4850e+00 1.5100e-01 8.2000e+00 1.0000e+01 2.5000e+00 6.7878e+01 1.9520e+00 1.4000e-02 7.0000e+00 8.9000e+00 1.4000e+00 5.4812e+01 3.1370e+00 1.0400e-01 7.5000e+00 1.0500e+01 2.3000e+00 5.3286e+01 3.0390e+00 1.2400e-01 7.5000e+00 8.6000e+00 1.3000e+00 5.1934e+01 3.1790e+00 1.3700e-01 7.5000e+00 7.0000e+00 1.3000e+00 5.1934e+01
1.6350e+00 7.6000e-02 7.3000e+00 1.0500e+01 6.0000e-01 4.7674e+01 4.4400e+00 5.1000e-02 7.8000e+00 1.0400e+01 1.9000e+00 4.9548e+01 3.0390e+00 1.2400e-01 7.5000e+00 8.6000e+00 1.3000e+00 5.1934e+01 3.1790e+00 1.3700e-01 7.5000e+00 7.0000e+00 1.3000e+00 5.1934e+01 2.1380e+00 1.0800e-01 7.8000e+00 8.0000e+00 1.7000e+00 5.1594e+01
2.2200e+00 4.8000e-02 7.7000e+00 9.8000e+00 5.0000e-01 4.5135e+01 1.9310e+00 1.5000e-02 7.7000e+00 9.0000e+00 9.0000e-01 5.4729e+01 3.1790e+00 1.3700e-01 7.5000e+00 7.0000e+00 1.3000e+00 5.1934e+01 2.1380e+00 1.0800e-01 7.8000e+00 8.0000e+00 1.7000e+00 5.1594e+01 1.9330e+00 7.9000e-02 7.7000e+00 7.6000e+00 1.5000e+00 5.3286e+01
2.2710e+00 1.0900e-01 8.0000e+00 1.0300e+01 1.2000e+00 4.4909e+01 1.8810e+00 4.0000e-02 7.5000e+00 7.7000e+00 9.0000e-01 5.0101e+01 2.1380e+00 1.0800e-01 7.8000e+00 8.0000e+00 1.7000e+00 5.1594e+01 1.9330e+00 7.9000e-02 7.7000e+00 7.6000e+00 1.5000e+00 5.3286e+01 2.7260e+00 9.0000e-03 7.6000e+00 9.1000e+00 1.6000e+00 5.5986e+01
2.2660e+00 3.4000e-02 7.8000e+00 1.1300e+01 1.1000e+00 5.4729e+01 3.1800e+00 6.2000e-02 7.6000e+00 9.7000e+00 1.5000e+00 5.8219e+01 1.9330e+00 7.9000e-02 7.7000e+00 7.6000e+00 1.5000e+00 5.3286e+01 2.7260e+00 9.0000e-03 7.6000e+00 9.1000e+00 1.6000e+00 5.5986e+01 4.9650e+00 2.4200e-01 8.1000e+00 8.4000e+00 1.9000e+00 5.9588e+01
1.8890e+00 3.8000e-02 7.9000e+00 1.1600e+01 9.0000e-01 5.7034e+01 3.0700e+00 4.2000e-02 7.5000e+00 1.1600e+01 1.2000e+00 4.9112e+01 2.7260e+00 9.0000e-03 7.6000e+00 9.1000e+00 1.6000e+00 5.5986e+01 4.9650e+00 2.4200e-01 8.1000e+00 8.4000e+00 1.9000e+00 5.9588e+01 6.1200e+00 3.5700e-01 6.5000e+00 8.6000e+00 2.4000e+00 4.6389e+01
2.2580e+00 5.9000e-02 7.3000e+00 1.1600e+01 9.0000e-01 4.2312e+01 5.5650e+00 1.9700e-01 7.1000e+00 1.2900e+01 4.2000e+00 3.7400e+01 4.9650e+00 2.4200e-01 8.1000e+00 8.4000e+00 1.9000e+00 5.9588e+01 6.1200e+00 3.5700e-01 6.5000e+00 8.6000e+00 2.4000e+00 4.6389e+01 4.8480e+00 1.3400e-01 7.2000e+00 1.4900e+01 2.0000e+00 4.8177e+01
2.5710e+00 4.9000e-02 7.6000e+00 1.4500e+01 2.6000e+00 5.1121e+01 4.4930e+00 5.7000e-02 7.7000e+00 1.4700e+01 1.9000e+00 5.3383e+01 6.1200e+00 3.5700e-01 6.5000e+00 8.6000e+00 2.4000e+00 4.6389e+01 4.8480e+00 1.3400e-01 7.2000e+00 1.4900e+01 2.0000e+00 4.8177e+01 5.0260e+00 7.9000e-02 7.3000e+00 1.3100e+01 1.5000e+00 4.8962e+01
3.1710e+00 2.3000e-02 7.7000e+00 1.7400e+01 1.5000e+00 5.3383e+01 4.8020e+00 7.4000e-02 7.6000e+00 1.4500e+01 2.2000e+00 5.2045e+01 4.8480e+00 1.3400e-01 7.2000e+00 1.4900e+01 2.0000e+00 4.8177e+01 5.0260e+00 7.9000e-02 7.3000e+00 1.3100e+01 1.5000e+00 4.8962e+01 4.8070e+00 7.3000e-02 7.4000e+00 1.4500e+01 2.2000e+00 5.2045e+01
3.5890e+00 6.3000e-02 7.4000e+00 1.2800e+01 4.4000e+00 6.0278e+01 4.1870e+00 7.1000e-02 7.4000e+00 1.2800e+01 2.1000e+00 5.3760e+01 5.0260e+00 7.9000e-02 7.3000e+00 1.3100e+01 1.5000e+00 4.8962e+01 4.8070e+00 7.3000e-02 7.4000e+00 1.4500e+01 2.2000e+00 5.2045e+01 4.5630e+00 2.7000e-02 7.5000e+00 1.2400e+01 3.2000e+00 6.0743e+01
2.6550e+00 1.8000e-02 7.6000e+00 1.1800e+01 2.5000e+00 6.0230e+01 3.1370e+00 1.0400e-01 7.5000e+00 1.0500e+01 2.3000e+00 5.3286e+01 4.8070e+00 7.3000e-02 7.4000e+00 1.4500e+01 2.2000e+00 5.2045e+01 4.5630e+00 2.7000e-02 7.5000e+00 1.2400e+01 3.2000e+00 6.0743e+01 4.6330e+00 1.8200e-01 7.7000e+00 1.0000e+01 5.8000e+00 5.5686e+01
2.2750e+00 2.0000e-02 7.9000e+00 1.0100e+01 1.9000e+00 6.0834e+01 3.0390e+00 1.2400e-01 7.5000e+00 8.6000e+00 1.3000e+00 5.1934e+01 4.5630e+00 2.7000e-02 7.5000e+00 1.2400e+01 3.2000e+00 6.0743e+01 4.6330e+00 1.8200e-01 7.7000e+00 1.0000e+01 5.8000e+00 5.5686e+01 3.5100e+00 8.2000e-02 7.3000e+00 6.5000e+00 3.6000e+00 4.9689e+01
1.9520e+00 1.4000e-02 7.0000e+00 8.9000e+00 1.4000e+00 5.4812e+01 3.1790e+00 1.3700e-01 7.5000e+00 7.0000e+00 1.3000e+00 5.1934e+01 4.6330e+00 1.8200e-01 7.7000e+00 1.0000e+01 5.8000e+00 5.5686e+01 3.5100e+00 8.2000e-02 7.3000e+00 6.5000e+00 3.6000e+00 4.9689e+01 4.7300e+00 2.0900e-01 7.0000e+00 5.3000e+00 1.8000e+00 4.9689e+01
4.4400e+00 5.1000e-02 7.8000e+00 1.0400e+01 1.9000e+00 4.9548e+01 2.1380e+00 1.0800e-01 7.8000e+00 8.0000e+00 1.7000e+00 5.1594e+01 3.5100e+00 8.2000e-02 7.3000e+00 6.5000e+00 3.6000e+00 4.9689e+01 4.7300e+00 2.0900e-01 7.0000e+00 5.3000e+00 1.8000e+00 4.9689e+01 4.3310e+00 3.5900e-01 6.9000e+00 5.2000e+00 3.3000e+00 5.5456e+01
1.9310e+00 1.5000e-02 7.7000e+00 9.0000e+00 9.0000e-01 5.4729e+01 1.9330e+00 7.9000e-02 7.7000e+00 7.6000e+00 1.5000e+00 5.3286e+01 4.7300e+00 2.0900e-01 7.0000e+00 5.3000e+00 1.8000e+00 4.9689e+01 4.3310e+00 3.5900e-01 6.9000e+00 5.2000e+00 3.3000e+00 5.5456e+01 4.0890e+00 9.4000e-02 7.8000e+00 8.3000e+00 2.3000e+00 6.6464e+01
1.8810e+00 4.0000e-02 7.5000e+00 7.7000e+00 9.0000e-01 5.0101e+01 2.7260e+00 9.0000e-03 7.6000e+00 9.1000e+00 1.6000e+00 5.5986e+01 4.3310e+00 3.5900e-01 6.9000e+00 5.2000e+00 3.3000e+00 5.5456e+01 4.0890e+00 9.4000e-02 7.8000e+00 8.3000e+00 2.3000e+00 6.6464e+01 6.1610e+00 2.8800e-01 7.6000e+00 6.7000e+00 4.1000e+00 6.3734e+01
3.1800e+00 6.2000e-02 7.6000e+00 9.7000e+00 1.5000e+00 5.8219e+01 4.9650e+00 2.4200e-01 8.1000e+00 8.4000e+00 1.9000e+00 5.9588e+01 4.0890e+00 9.4000e-02 7.8000e+00 8.3000e+00 2.3000e+00 6.6464e+01 6.1610e+00 2.8800e-01 7.6000e+00 6.7000e+00 4.1000e+00 6.3734e+01 5.6680e+00 1.3100e-01 7.3000e+00 7.0000e+00 1.9000e+00 5.7860e+01
3.0700e+00 4.2000e-02 7.5000e+00 1.1600e+01 1.2000e+00 4.9112e+01 6.1200e+00 3.5700e-01 6.5000e+00 8.6000e+00 2.4000e+00 4.6389e+01 6.1610e+00 2.8800e-01 7.6000e+00 6.7000e+00 4.1000e+00 6.3734e+01 5.6680e+00 1.3100e-01 7.3000e+00 7.0000e+00 1.9000e+00 5.7860e+01 7.6000e+00 4.1900e-01 6.9000e+00 8.8000e+00 3.2000e+00 4.3435e+01
5.5650e+00 1.9700e-01 7.1000e+00 1.2900e+01 4.2000e+00 3.7400e+01 4.8480e+00 1.3400e-01 7.2000e+00 1.4900e+01 2.0000e+00 4.8177e+01 5.6680e+00 1.3100e-01 7.3000e+00 7.0000e+00 1.9000e+00 5.7860e+01 7.6000e+00 4.1900e-01 6.9000e+00 8.8000e+00 3.2000e+00 4.3435e+01 5.2140e+00 8.1000e-02 7.5000e+00 1.0400e+01 1.7000e+00 5.3667e+01
4.4930e+00 5.7000e-02 7.7000e+00 1.4700e+01 1.9000e+00 5.3383e+01 5.0260e+00 7.9000e-02 7.3000e+00 1.3100e+01 1.5000e+00 4.8962e+01 7.6000e+00 4.1900e-01 6.9000e+00 8.8000e+00 3.2000e+00 4.3435e+01 5.2140e+00 8.1000e-02 7.5000e+00 1.0400e+01 1.7000e+00 5.3667e+01 1.1126e+01 1.7300e-01 7.6000e+00 1.2100e+01 6.8000e+00 7.5884e+01
4.8020e+00 7.4000e-02 7.6000e+00 1.4500e+01 2.2000e+00 5.2045e+01 4.8070e+00 7.3000e-02 7.4000e+00 1.4500e+01 2.2000e+00 5.2045e+01 5.2140e+00 8.1000e-02 7.5000e+00 1.0400e+01 1.7000e+00 5.3667e+01 1.1126e+01 1.7300e-01 7.6000e+00 1.2100e+01 6.8000e+00 7.5884e+01 5.4670e+00 2.3000e-02 7.7000e+00 1.3400e+01 3.1000e+00 4.5135e+01
4.1870e+00 7.1000e-02 7.4000e+00 1.2800e+01 2.1000e+00 5.3760e+01 4.5630e+00 2.7000e-02 7.5000e+00 1.2400e+01 3.2000e+00 6.0743e+01 1.1126e+01 1.7300e-01 7.6000e+00 1.2100e+01 6.8000e+00 7.5884e+01 5.4670e+00 2.3000e-02 7.7000e+00 1.3400e+01 3.1000e+00 4.5135e+01 4.7950e+00 1.7000e-02 7.7000e+00 1.2300e+01 2.9000e+00 3.9188e+01
3.1370e+00 1.0400e-01 7.5000e+00 1.0500e+01 2.3000e+00 5.3286e+01 4.6330e+00 1.8200e-01 7.7000e+00 1.0000e+01 5.8000e+00 5.5686e+01 5.4670e+00 2.3000e-02 7.7000e+00 1.3400e+01 3.1000e+00 4.5135e+01 4.7950e+00 1.7000e-02 7.7000e+00 1.2300e+01 2.9000e+00 3.9188e+01 4.2820e+00 2.3000e-02 7.7000e+00 1.0400e+01 3.4000e+00 5.5299e+01
3.0390e+00 1.2400e-01 7.5000e+00 8.6000e+00 1.3000e+00 5.1934e+01 3.5100e+00 8.2000e-02 7.3000e+00 6.5000e+00 3.6000e+00 4.9689e+01 4.7950e+00 1.7000e-02 7.7000e+00 1.2300e+01 2.9000e+00 3.9188e+01 4.2820e+00 2.3000e-02 7.7000e+00 1.0400e+01 3.4000e+00 5.5299e+01 2.3510e+00 1.8000e-02 7.8000e+00 9.4000e+00 1.1000e+00 5.8336e+01
3.1790e+00 1.3700e-01 7.5000e+00 7.0000e+00 1.3000e+00 5.1934e+01 4.7300e+00 2.0900e-01 7.0000e+00 5.3000e+00 1.8000e+00 4.9689e+01 4.2820e+00 2.3000e-02 7.7000e+00 1.0400e+01 3.4000e+00 5.5299e+01 2.3510e+00 1.8000e-02 7.8000e+00 9.4000e+00 1.1000e+00 5.8336e+01 5.1890e+00 6.7000e-02 7.5000e+00 8.0000e+00 2.1000e+00 5.5058e+01
2.1380e+00 1.0800e-01 7.8000e+00 8.0000e+00 1.7000e+00 5.1594e+01 4.3310e+00 3.5900e-01 6.9000e+00 5.2000e+00 3.3000e+00 5.5456e+01 2.3510e+00 1.8000e-02 7.8000e+00 9.4000e+00 1.1000e+00 5.8336e+01 5.1890e+00 6.7000e-02 7.5000e+00 8.0000e+00 2.1000e+00 5.5058e+01 2.7590e+00 2.3000e-02 7.5000e+00 1.0000e+01 1.0000e+00 5.5058e+01
1.9330e+00 7.9000e-02 7.7000e+00 7.6000e+00 1.5000e+00 5.3286e+01 4.0890e+00 9.4000e-02 7.8000e+00 8.3000e+00 2.3000e+00 6.6464e+01 5.1890e+00 6.7000e-02 7.5000e+00 8.0000e+00 2.1000e+00 5.5058e+01 2.7590e+00 2.3000e-02 7.5000e+00 1.0000e+01 1.0000e+00 5.5058e+01 3.0090e+00 3.4000e-02 7.8000e+00 5.4000e+00 9.0000e-01 4.9829e+01
2.7260e+00 9.0000e-03 7.6000e+00 9.1000e+00 1.6000e+00 5.5986e+01 6.1610e+00 2.8800e-01 7.6000e+00 6.7000e+00 4.1000e+00 6.3734e+01 2.7590e+00 2.3000e-02 7.5000e+00 1.0000e+01 1.0000e+00 5.5058e+01 3.0090e+00 3.4000e-02 7.8000e+00 5.4000e+00 9.0000e-01 4.9829e+01 3.4090e+00 6.2000e-02 7.7000e+00 6.1000e+00 2.0000e+00 5.6277e+01
4.9650e+00 2.4200e-01 8.1000e+00 8.4000e+00 1.9000e+00 5.9588e+01 5.6680e+00 1.3100e-01 7.3000e+00 7.0000e+00 1.9000e+00 5.7860e+01 3.0090e+00 3.4000e-02 7.8000e+00 5.4000e+00 9.0000e-01 4.9829e+01 3.4090e+00 6.2000e-02 7.7000e+00 6.1000e+00 2.0000e+00 5.6277e+01 5.2540e+00 6.2000e-02 7.9000e+00 7.8000e+00 1.0000e+00 5.2990e+01
6.1200e+00 3.5700e-01 6.5000e+00 8.6000e+00 2.4000e+00 4.6389e+01 7.6000e+00 4.1900e-01 6.9000e+00 8.8000e+00 3.2000e+00 4.3435e+01 3.4090e+00 6.2000e-02 7.7000e+00 6.1000e+00 2.0000e+00 5.6277e+01 5.2540e+00 6.2000e-02 7.9000e+00 7.8000e+00 1.0000e+00 5.2990e+01 5.3240e+00 5.5000e-02 8.0000e+00 7.7000e+00 1.5000e+00 4.2312e+01
4.8480e+00 1.3400e-01 7.2000e+00 1.4900e+01 2.0000e+00 4.8177e+01 5.2140e+00 8.1000e-02 7.5000e+00 1.0400e+01 1.7000e+00 5.3667e+01 5.2540e+00 6.2000e-02 7.9000e+00 7.8000e+00 1.0000e+00 5.2990e+01 5.3240e+00 5.5000e-02 8.0000e+00 7.7000e+00 1.5000e+00 4.2312e+01 6.3300e+00 8.2000e-02 8.4000e+00 1.0500e+01 1.6000e+00 4.1377e+01
5.0260e+00 7.9000e-02 7.3000e+00 1.3100e+01 1.5000e+00 4.8962e+01 1.1126e+01 1.7300e-01 7.6000e+00 1.2100e+01 6.8000e+00 7.5884e+01 5.3240e+00 5.5000e-02 8.0000e+00 7.7000e+00 1.5000e+00 4.2312e+01 6.3300e+00 8.2000e-02 8.4000e+00 1.0500e+01 1.6000e+00 4.1377e+01 4.2050e+00 3.1000e-02 7.6000e+00 1.2900e+01 1.3000e+00 4.2890e+01
4.8070e+00 7.3000e-02 7.4000e+00 1.4500e+01 2.2000e+00 5.2045e+01 5.4670e+00 2.3000e-02 7.7000e+00 1.3400e+01 3.1000e+00 4.5135e+01 6.3300e+00 8.2000e-02 8.4000e+00 1.0500e+01 1.6000e+00 4.1377e+01 4.2050e+00 3.1000e-02 7.6000e+00 1.2900e+01 1.3000e+00 4.2890e+01 5.6800e+00 3.5000e-02 7.1000e+00 1.2000e+01 2.3000e+00 3.9974e+01
4.5630e+00 2.7000e-02 7.5000e+00 1.2400e+01 3.2000e+00 6.0743e+01 4.7950e+00 1.7000e-02 7.7000e+00 1.2300e+01 2.9000e+00 3.9188e+01 4.2050e+00 3.1000e-02 7.6000e+00 1.2900e+01 1.3000e+00 4.2890e+01 5.6800e+00 3.5000e-02 7.1000e+00 1.2000e+01 2.3000e+00 3.9974e+01 5.5310e+00 3.6000e-02 7.8000e+00 1.2000e+01 2.8000e+00 6.1939e+01
4.6330e+00 1.8200e-01 7.7000e+00 1.0000e+01 5.8000e+00 5.5686e+01 4.2820e+00 2.3000e-02 7.7000e+00 1.0400e+01 3.4000e+00 5.5299e+01 5.6800e+00 3.5000e-02 7.1000e+00 1.2000e+01 2.3000e+00 3.9974e+01 5.5310e+00 3.6000e-02 7.8000e+00 1.2000e+01 2.8000e+00 6.1939e+01 3.4740e+00 2.1000e-02 7.6000e+00 9.9000e+00 2.8000e+00 5.9329e+01
3.5100e+00 8.2000e-02 7.3000e+00 6.5000e+00 3.6000e+00 4.9689e+01 2.3510e+00 1.8000e-02 7.8000e+00 9.4000e+00 1.1000e+00 5.8336e+01 5.5310e+00 3.6000e-02 7.8000e+00 1.2000e+01 2.8000e+00 6.1939e+01 3.4740e+00 2.1000e-02 7.6000e+00 9.9000e+00 2.8000e+00 5.9329e+01 5.6060e+00 3.5000e-02 7.6000e+00 8.4000e+00 1.0000e+00 4.7500e+01
4.7300e+00 2.0900e-01 7.0000e+00 5.3000e+00 1.8000e+00 4.9689e+01 5.1890e+00 6.7000e-02 7.5000e+00 8.0000e+00 2.1000e+00 5.5058e+01 3.4740e+00 2.1000e-02 7.6000e+00 9.9000e+00 2.8000e+00 5.9329e+01 5.6060e+00 3.5000e-02 7.6000e+00 8.4000e+00 1.0000e+00 4.7500e+01 3.6520e+00 3.0000e-02 7.4000e+00 7.3000e+00 1.0000e+00 5.6348e+01
4.3310e+00 3.5900e-01 6.9000e+00 5.2000e+00 3.3000e+00 5.5456e+01 2.7590e+00 2.3000e-02 7.5000e+00 1.0000e+01 1.0000e+00 5.5058e+01 5.6060e+00 3.5000e-02 7.6000e+00 8.4000e+00 1.0000e+00 4.7500e+01 3.6520e+00 3.0000e-02 7.4000e+00 7.3000e+00 1.0000e+00 5.6348e+01 2.6720e+00 1.2300e-01 7.3000e+00 8.9000e+00 1.4000e+00 5.3478e+01
4.0890e+00 9.4000e-02 7.8000e+00 8.3000e+00 2.3000e+00 6.6464e+01 3.0090e+00 3.4000e-02 7.8000e+00 5.4000e+00 9.0000e-01 4.9829e+01 3.6520e+00 3.0000e-02 7.4000e+00 7.3000e+00 1.0000e+00 5.6348e+01 2.6720e+00 1.2300e-01 7.3000e+00 8.9000e+00 1.4000e+00 5.3478e+01 2.9440e+00 3.0000e-02 7.6000e+00 8.2000e+00 1.6000e+00 6.0560e+01
6.1610e+00 2.8800e-01 7.6000e+00 6.7000e+00 4.1000e+00 6.3734e+01 3.4090e+00 6.2000e-02 7.7000e+00 6.1000e+00 2.0000e+00 5.6277e+01 2.6720e+00 1.2300e-01 7.3000e+00 8.9000e+00 1.4000e+00 5.3478e+01 2.9440e+00 3.0000e-02 7.6000e+00 8.2000e+00 1.6000e+00 6.0560e+01 2.8610e+00 7.0000e-03 7.8000e+00 9.7000e+00 1.5000e+00 6.2448e+01
5.6680e+00 1.3100e-01 7.3000e+00 7.0000e+00 1.9000e+00 5.7860e+01 5.2540e+00 6.2000e-02 7.9000e+00 7.8000e+00 1.0000e+00 5.2990e+01 2.9440e+00 3.0000e-02 7.6000e+00 8.2000e+00 1.6000e+00 6.0560e+01 2.8610e+00 7.0000e-03 7.8000e+00 9.7000e+00 1.5000e+00 6.2448e+01 3.5290e+00 2.6000e-02 7.9000e+00 8.7000e+00 8.0000e-01 5.6205e+01
7.6000e+00 4.1900e-01 6.9000e+00 8.8000e+00 3.2000e+00 4.3435e+01 5.3240e+00 5.5000e-02 8.0000e+00 7.7000e+00 1.5000e+00 4.2312e+01 2.8610e+00 7.0000e-03 7.8000e+00 9.7000e+00 1.5000e+00 6.2448e+01 3.5290e+00 2.6000e-02 7.9000e+00 8.7000e+00 8.0000e-01 5.6205e+01 4.2870e+00 3.6000e-02 7.9000e+00 9.8000e+00 9.0000e-01 4.8810e+01
5.2140e+00 8.1000e-02 7.5000e+00 1.0400e+01 1.7000e+00 5.3667e+01 6.3300e+00 8.2000e-02 8.4000e+00 1.0500e+01 1.6000e+00 4.1377e+01 3.5290e+00 2.6000e-02 7.9000e+00 8.7000e+00 8.0000e-01 5.6205e+01 4.2870e+00 3.6000e-02 7.9000e+00 9.8000e+00 9.0000e-01 4.8810e+01 3.9430e+00 2.7000e-02 7.6000e+00 1.5300e+01 8.0000e-01 4.8962e+01
1.1126e+01 1.7300e-01 7.6000e+00 1.2100e+01 6.8000e+00 7.5884e+01 4.2050e+00 3.1000e-02 7.6000e+00 1.2900e+01 1.3000e+00 4.2890e+01 4.2870e+00 3.6000e-02 7.9000e+00 9.8000e+00 9.0000e-01 4.8810e+01 3.9430e+00 2.7000e-02 7.6000e+00 1.5300e+01 8.0000e-01 4.8962e+01 5.1240e+00 2.8000e-02 8.0000e+00 1.2600e+01 7.0000e-01 4.2890e+01
4.7950e+00 1.7000e-02 7.7000e+00 1.2300e+01 2.9000e+00 3.9188e+01 5.5310e+00 3.6000e-02 7.8000e+00 1.2000e+01 2.8000e+00 6.1939e+01 5.1240e+00 2.8000e-02 8.0000e+00 1.2600e+01 7.0000e-01 4.2890e+01 4.4400e+00 5.1000e-02 7.8000e+00 1.0400e+01 1.9000e+00 4.9548e+01 8.9850e+00 3.2000e-02 7.2000e+00 1.1900e+01 2.4000e+00 5.7034e+01
4.2820e+00 2.3000e-02 7.7000e+00 1.0400e+01 3.4000e+00 5.5299e+01 3.4740e+00 2.1000e-02 7.6000e+00 9.9000e+00 2.8000e+00 5.9329e+01 4.4400e+00 5.1000e-02 7.8000e+00 1.0400e+01 1.9000e+00 4.9548e+01 8.9850e+00 3.2000e-02 7.2000e+00 1.1900e+01 2.4000e+00 5.7034e+01 8.0500e+00 9.7000e-02 7.1000e+00 7.7000e+00 7.3000e+00 5.4123e+01
2.3510e+00 1.8000e-02 7.8000e+00 9.4000e+00 1.1000e+00 5.8336e+01 5.6060e+00 3.5000e-02 7.6000e+00 8.4000e+00 1.0000e+00 4.7500e+01 8.9850e+00 3.2000e-02 7.2000e+00 1.1900e+01 2.4000e+00 5.7034e+01 8.0500e+00 9.7000e-02 7.1000e+00 7.7000e+00 7.3000e+00 5.4123e+01 2.9180e+00 2.1000e-02 7.7000e+00 1.0400e+01 1.1000e+00 5.9588e+01
5.1890e+00 6.7000e-02 7.5000e+00 8.0000e+00 2.1000e+00 5.5058e+01 3.6520e+00 3.0000e-02 7.4000e+00 7.3000e+00 1.0000e+00 5.6348e+01 8.0500e+00 9.7000e-02 7.1000e+00 7.7000e+00 7.3000e+00 5.4123e+01 2.9180e+00 2.1000e-02 7.7000e+00 1.0400e+01 1.1000e+00 5.9588e+01 2.1070e+00 1.5000e-02 7.9000e+00 9.5000e+00 8.0000e-01 5.7738e+01
2.7590e+00 2.3000e-02 7.5000e+00 1.0000e+01 1.0000e+00 5.5058e+01 2.6720e+00 1.2300e-01 7.3000e+00 8.9000e+00 1.4000e+00 5.3478e+01 2.9180e+00 2.1000e-02 7.7000e+00 1.0400e+01 1.1000e+00 5.9588e+01 2.1070e+00 1.5000e-02 7.9000e+00 9.5000e+00 8.0000e-01 5.7738e+01 2.6000e+00 2.4000e-02 7.4000e+00 9.4000e+00 9.0000e-01 5.7231e+01
3.0090e+00 3.4000e-02 7.8000e+00 5.4000e+00 9.0000e-01 4.9829e+01 2.9440e+00 3.0000e-02 7.6000e+00 8.2000e+00 1.6000e+00 6.0560e+01 2.1070e+00 1.5000e-02 7.9000e+00 9.5000e+00 8.0000e-01 5.7738e+01 2.6000e+00 2.4000e-02 7.4000e+00 9.4000e+00 9.0000e-01 5.7231e+01 3.5390e+00 7.1000e-02 7.3000e+00 4.7000e+00 1.5000e+00 6.2255e+01
3.4090e+00 6.2000e-02 7.7000e+00 6.1000e+00 2.0000e+00 5.6277e+01 2.8610e+00 7.0000e-03 7.8000e+00 9.7000e+00 1.5000e+00 6.2448e+01 2.6000e+00 2.4000e-02 7.4000e+00 9.4000e+00 9.0000e-01 5.7231e+01 3.5390e+00 7.1000e-02 7.3000e+00 4.7000e+00 1.5000e+00 6.2255e+01 3.3340e+00 4.4000e-02 7.6000e+00 8.9000e+00 8.0000e-01 5.2045e+01
5.2540e+00 6.2000e-02 7.9000e+00 7.8000e+00 1.0000e+00 5.2990e+01 3.5290e+00 2.6000e-02 7.9000e+00 8.7000e+00 8.0000e-01 5.6205e+01 3.5390e+00 7.1000e-02 7.3000e+00 4.7000e+00 1.5000e+00 6.2255e+01 3.3340e+00 4.4000e-02 7.6000e+00 8.9000e+00 8.0000e-01 5.2045e+01 4.8900e+00 4.0000e-02 7.6000e+00 9.7000e+00 1.9000e+00 5.8278e+01
5.3240e+00 5.5000e-02 8.0000e+00 7.7000e+00 1.5000e+00 4.2312e+01 4.2870e+00 3.6000e-02 7.9000e+00 9.8000e+00 9.0000e-01 4.8810e+01 3.3340e+00 4.4000e-02 7.6000e+00 8.9000e+00 8.0000e-01 5.2045e+01 4.8900e+00 4.0000e-02 7.6000e+00 9.7000e+00 1.9000e+00 5.8278e+01 2.8100e+00 1.6000e-02 8.1000e+00 1.1300e+01 6.0000e-01 5.0999e+01
6.3300e+00 8.2000e-02 8.4000e+00 1.0500e+01 1.6000e+00 4.1377e+01 3.9430e+00 2.7000e-02 7.6000e+00 1.5300e+01 8.0000e-01 4.8962e+01 4.8900e+00 4.0000e-02 7.6000e+00 9.7000e+00 1.9000e+00 5.8278e+01 2.8100e+00 1.6000e-02 8.1000e+00 1.1300e+01 6.0000e-01 5.0999e+01 3.6300e+00 1.5000e-02 7.8000e+00 1.2500e+01 9.0000e-01 4.9260e+01
5.6800e+00 3.5000e-02 7.1000e+00 1.2000e+01 2.3000e+00 3.9974e+01 4.4400e+00 5.1000e-02 7.8000e+00 1.0400e+01 1.9000e+00 4.9548e+01 3.6300e+00 1.5000e-02 7.8000e+00 1.2500e+01 9.0000e-01 4.9260e+01 4.4400e+00 5.1000e-02 7.8000e+00 1.0400e+01 1.9000e+00 4.9548e+01 4.0770e+00 1.1000e-02 8.3000e+00 1.3700e+01 1.7000e+00 5.5139e+01
5.5310e+00 3.6000e-02 7.8000e+00 1.2000e+01 2.8000e+00 6.1939e+01 8.9850e+00 3.2000e-02 7.2000e+00 1.1900e+01 2.4000e+00 5.7034e+01 4.4400e+00 5.1000e-02 7.8000e+00 1.0400e+01 1.9000e+00 4.9548e+01 4.0770e+00 1.1000e-02 8.3000e+00 1.3700e+01 1.7000e+00 5.5139e+01 5.5490e+00 1.8000e-02 7.7000e+00 1.1600e+01 1.7000e+00 5.9117e+01
3.4740e+00 2.1000e-02 7.6000e+00 9.9000e+00 2.8000e+00 5.9329e+01 8.0500e+00 9.7000e-02 7.1000e+00 7.7000e+00 7.3000e+00 5.4123e+01 4.0770e+00 1.1000e-02 8.3000e+00 1.3700e+01 1.7000e+00 5.5139e+01 5.5490e+00 1.8000e-02 7.7000e+00 1.1600e+01 1.7000e+00 5.9117e+01 3.5610e+00 1.8000e-02 7.8000e+00 1.1100e+01 3.1000e+00 6.1274e+01
5.6060e+00 3.5000e-02 7.6000e+00 8.4000e+00 1.0000e+00 4.7500e+01 2.9180e+00 2.1000e-02 7.7000e+00 1.0400e+01 1.1000e+00 5.9588e+01 5.5490e+00 1.8000e-02 7.7000e+00 1.1600e+01 1.7000e+00 5.9117e+01 3.5610e+00 1.8000e-02 7.8000e+00 1.1100e+01 3.1000e+00 6.1274e+01 2.6330e+00 1.2000e-02 7.9000e+00 9.0000e+00 1.1000e+00 4.3166e+01
3.6520e+00 3.0000e-02 7.4000e+00 7.3000e+00 1.0000e+00 5.6348e+01 2.1070e+00 1.5000e-02 7.9000e+00 9.5000e+00 8.0000e-01 5.7738e+01 3.5610e+00 1.8000e-02 7.8000e+00 1.1100e+01 3.1000e+00 6.1274e+01 2.6330e+00 1.2000e-02 7.9000e+00 9.0000e+00 1.1000e+00 4.3166e+01 3.1710e+00 2.2000e-02 7.6000e+00 8.1000e+00 8.0000e-01 5.8565e+01
2.6720e+00 1.2300e-01 7.3000e+00 8.9000e+00 1.4000e+00 5.3478e+01 2.6000e+00 2.4000e-02 7.4000e+00 9.4000e+00 9.0000e-01 5.7231e+01 2.6330e+00 1.2000e-02 7.9000e+00 9.0000e+00 1.1000e+00 4.3166e+01 3.1710e+00 2.2000e-02 7.6000e+00 8.1000e+00 8.0000e-01 5.8565e+01 3.0720e+00 5.9000e-02 7.4000e+00 4.9000e+00 2.0000e+00 5.9009e+01
2.9440e+00 3.0000e-02 7.6000e+00 8.2000e+00 1.6000e+00 6.0560e+01 3.5390e+00 7.1000e-02 7.3000e+00 4.7000e+00 1.5000e+00 6.2255e+01 3.1710e+00 2.2000e-02 7.6000e+00 8.1000e+00 8.0000e-01 5.8565e+01 3.0720e+00 5.9000e-02 7.4000e+00 4.9000e+00 2.0000e+00 5.9009e+01 2.2530e+00 3.2000e-02 7.9000e+00 7.4000e+00 1.1000e+00 5.7424e+01
2.8610e+00 7.0000e-03 7.8000e+00 9.7000e+00 1.5000e+00 6.2448e+01 3.3340e+00 4.4000e-02 7.6000e+00 8.9000e+00 8.0000e-01 5.2045e+01 3.0720e+00 5.9000e-02 7.4000e+00 4.9000e+00 2.0000e+00 5.9009e+01 2.2530e+00 3.2000e-02 7.9000e+00 7.4000e+00 1.1000e+00 5.7424e+01 3.0140e+00 4.9000e-02 7.8000e+00 7.7000e+00 1.1000e+00 5.2155e+01
3.5290e+00 2.6000e-02 7.9000e+00 8.7000e+00 8.0000e-01 5.6205e+01 4.8900e+00 4.0000e-02 7.6000e+00 9.7000e+00 1.9000e+00 5.8278e+01 2.2530e+00 3.2000e-02 7.9000e+00 7.4000e+00 1.1000e+00 5.7424e+01 3.0140e+00 4.9000e-02 7.8000e+00 7.7000e+00 1.1000e+00 5.2155e+01 3.5020e+00 1.9000e-02 7.6000e+00 9.3000e+00 1.1000e+00 6.2486e+01
4.2870e+00 3.6000e-02 7.9000e+00 9.8000e+00 9.0000e-01 4.8810e+01 2.8100e+00 1.6000e-02 8.1000e+00 1.1300e+01 6.0000e-01 5.0999e+01 3.0140e+00 4.9000e-02 7.8000e+00 7.7000e+00 1.1000e+00 5.2155e+01 3.5020e+00 1.9000e-02 7.6000e+00 9.3000e+00 1.1000e+00 6.2486e+01 5.2250e+00 5.1000e-02 7.1000e+00 7.5000e+00 1.6000e+00 4.3435e+01
3.9430e+00 2.7000e-02 7.6000e+00 1.5300e+01 8.0000e-01 4.8962e+01 3.6300e+00 1.5000e-02 7.8000e+00 1.2500e+01 9.0000e-01 4.9260e+01 3.5020e+00 1.9000e-02 7.6000e+00 9.3000e+00 1.1000e+00 6.2486e+01 5.2250e+00 5.1000e-02 7.1000e+00 7.5000e+00 1.6000e+00 4.3435e+01 3.6050e+00 2.1000e-02 7.4000e+00 1.1900e+01 7.0000e-01 4.6190e+01
5.1240e+00 2.8000e-02 8.0000e+00 1.2600e+01 7.0000e-01 4.2890e+01 4.4400e+00 5.1000e-02 7.8000e+00 1.0400e+01 1.9000e+00 4.9548e+01 5.2250e+00 5.1000e-02 7.1000e+00 7.5000e+00 1.6000e+00 4.3435e+01 3.6050e+00 2.1000e-02 7.4000e+00 1.1900e+01 7.0000e-01 4.6190e+01 3.8440e+00 2.8000e-02 8.0000e+00 1.2800e+01 1.0000e+00 4.8810e+01
4.4400e+00 5.1000e-02 7.8000e+00 1.0400e+01 1.9000e+00 4.9548e+01 4.0770e+00 1.1000e-02 8.3000e+00 1.3700e+01 1.7000e+00 5.5139e+01 3.6050e+00 2.1000e-02 7.4000e+00 1.1900e+01 7.0000e-01 4.6190e+01 3.8440e+00 2.8000e-02 8.0000e+00 1.2800e+01 1.0000e+00 4.8810e+01 3.9460e+00 1.4000e-02 8.1000e+00 1.2600e+01 2.0000e+00 5.6833e+01
8.9850e+00 3.2000e-02 7.2000e+00 1.1900e+01 2.4000e+00 5.7034e+01 5.5490e+00 1.8000e-02 7.7000e+00 1.1600e+01 1.7000e+00 5.9117e+01 3.8440e+00 2.8000e-02 8.0000e+00 1.2800e+01 1.0000e+00 4.8810e+01 3.9460e+00 1.4000e-02 8.1000e+00 1.2600e+01 2.0000e+00 5.6833e+01 4.5980e+00 2.6000e-02 7.6000e+00 1.1000e+01 3.5000e+00 6.2255e+01
8.0500e+00 9.7000e-02 7.1000e+00 7.7000e+00 7.3000e+00 5.4123e+01 3.5610e+00 1.8000e-02 7.8000e+00 1.1100e+01 3.1000e+00 6.1274e+01 3.9460e+00 1.4000e-02 8.1000e+00 1.2600e+01 2.0000e+00 5.6833e+01 4.5980e+00 2.6000e-02 7.6000e+00 1.1000e+01 3.5000e+00 6.2255e+01 4.3990e+00 2.0000e-02 7.9000e+00 9.8000e+00 1.9000e+00 5.9009e+01
2.3340e+00 5.3000e-02 8.8000e+00 1.0500e+01 5.0000e-01 5.2263e+01 1.6350e+00 7.6000e-02 7.3000e+00 1.0500e+01 6.0000e-01 4.7674e+01 2.2750e+00 2.0000e-02 7.9000e+00 1.0100e+01 1.9000e+00 6.0834e+01 1.9520e+00 1.4000e-02 7.0000e+00 8.9000e+00 1.4000e+00 5.4812e+01 4.4400e+00 5.1000e-02 7.8000e+00 1.0400e+01 1.9000e+00 4.9548e+01
5.4670e+00 2.3000e-02 7.7000e+00 1.3400e+01 3.1000e+00 4.5135e+01 5.6800e+00 3.5000e-02 7.1000e+00 1.2000e+01 2.3000e+00 3.9974e+01 3.9430e+00 2.7000e-02 7.6000e+00 1.5300e+01 8.0000e-01 4.8962e+01 5.1240e+00 2.8000e-02 8.0000e+00 1.2600e+01 7.0000e-01 4.2890e+01 4.4400e+00 5.1000e-02 7.8000e+00 1.0400e+01 1.9000e+00 4.9548e+01
4.2050e+00 3.1000e-02 7.6000e+00 1.2900e+01 1.3000e+00 4.2890e+01 5.1240e+00 2.8000e-02 8.0000e+00 1.2600e+01 7.0000e-01 4.2890e+01 2.8100e+00 1.6000e-02 8.1000e+00 1.1300e+01 6.0000e-01 5.0999e+01 3.6300e+00 1.5000e-02 7.8000e+00 1.2500e+01 9.0000e-01 4.9260e+01 4.4400e+00 5.1000e-02 7.8000e+00 1.0400e+01 1.9000e+00 4.9548e+01
