2.7680e+00 1.4000e-02 8.1000e+00 1.9200e+01 1.4000e+00 4.0344e+01 2.6400e+00 1.4000e-02 8.8000e+00 1.4500e+01 2.0000e+00 4.3696e+01 2.5630e+00 5.0000e-03 8.6000e+00 1.2000e+01 5.0000e-01 3.5805e+01 2.7840e+00 5.0000e-03 8.1000e+00 1.5400e+01 1.0000e+00 4.0701e+01 2.8660e+00 5.0000e-03 8.9000e+00 1.2300e+01 8.0000e-01 4.5988e+01
2.1520e+00 0.0000e+00 8.0000e+00 1.4200e+01 1.3000e+00 5.2990e+01 2.6400e+00 1.4000e-02 8.4000e+00 1.5300e+01 1.6000e+00 5.7613e+01 2.7840e+00 5.0000e-03 8.1000e+00 1.5400e+01 1.0000e+00 4.0701e+01 2.8660e+00 5.0000e-03 8.9000e+00 1.2300e+01 8.0000e-01 4.5988e+01 2.9180e+00 5.0000e-03 8.7000e+00 1.0800e+01 1.6000e+00 3.5805e+01
2.1440e+00 0.0000e+00 7.8000e+00 1.3700e+01 1.6000e+00 3.3174e+01 2.8680e+00 5.0000e-03 8.3000e+00 1.3300e+01 1.6000e+00 4.7674e+01 2.8660e+00 5.0000e-03 8.9000e+00 1.2300e+01 8.0000e-01 4.5988e+01 2.9180e+00 5.0000e-03 8.7000e+00 1.0800e+01 1.6000e+00 3.5805e+01 2.6740e+00 5.0000e-03 8.0000e+00 1.1700e+01 1.1000e+00 4.1377e+01
2.0560e+00 0.0000e+00 8.0000e+00 1.1300e+01 1.2000e+00 3.7400e+01 2.1600e+00 0.0000e+00 8.8000e+00 1.2800e+01 1.5000e+00 5.0235e+01 2.9180e+00 5.0000e-03 8.7000e+00 1.0800e+01 1.6000e+00 3.5805e+01 2.6740e+00 5.0000e-03 8.0000e+00 1.1700e+01 1.1000e+00 4.1377e+01 2.5300e+00 5.0000e-03 8.8000e+00 9.9000e+00 1.0000e+00 4.1699e+01
3.0000e+00 0.0000e+00 8.1000e+00 1.0100e+01 1.1000e+00 3.0600e+01 2.3230e+00 0.0000e+00 9.0000e+00 1.2100e+01 1.4000e+00 4.4200e+01 2.6740e+00 5.0000e-03 8.0000e+00 1.1700e+01 1.1000e+00 4.1377e+01 2.5300e+00 5.0000e-03 8.8000e+00 9.9000e+00 1.0000e+00 4.1699e+01 2.5580e+00 1.0000e-02 8.0000e+00 1.0500e+01 6.0000e-01 4.4200e+01
2.6000e+00 0.0000e+00 8.1000e+00 9.3000e+00 1.1000e+00 3.3901e+01 1.7660e+00 5.0000e-03 8.6000e+00 9.9000e+00 1.2000e+00 4.8177e+01 2.5300e+00 5.0000e-03 8.8000e+00 9.9000e+00 1.0000e+00 4.1699e+01 2.5580e+00 1.0000e-02 8.0000e+00 1.0500e+01 6.0000e-01 4.4200e+01 1.9300e+00 1.4000e-02 8.0000e+00 1.1800e+01 1.4000e+00 2.8411e+01
2.3120e+00 0.0000e+00 7.9000e+00 1.0400e+01 1.4000e+00 3.7878e+01 3.0960e+00 1.0000e-02 8.0000e+00 1.2400e+01 4.0000e-01 4.2605e+01 2.5580e+00 1.0000e-02 8.0000e+00 1.0500e+01 6.0000e-01 4.4200e+01 1.9300e+00 1.4000e-02 8.0000e+00 1.1800e+01 1.4000e+00 2.8411e+01 2.6500e+00 3.8000e-02 7.6000e+00 8.1000e+00 3.0000e-01 4.3166e+01
2.2320e+00 1.0000e-02 7.7000e+00 9.3000e+00 1.4000e+00 4.2011e+01 2.0160e+00 5.0000e-03 8.8000e+00 9.8000e+00 1.3000e+00 4.8012e+01 1.9300e+00 1.4000e-02 8.0000e+00 1.1800e+01 1.4000e+00 2.8411e+01 2.6500e+00 3.8000e-02 7.6000e+00 8.1000e+00 3.0000e-01 4.3166e+01 1.9340e+00 1.4000e-02 8.2000e+00 8.5000e+00 9.0000e-01 4.6389e+01
1.9840e+00 2.4000e-02 8.0000e+00 8.8000e+00 1.1000e+00 4.5988e+01 2.3090e+00 1.0000e-02 8.2000e+00 1.0300e+01 5.0000e-01 4.2011e+01 2.6500e+00 3.8000e-02 7.6000e+00 8.1000e+00 3.0000e-01 4.3166e+01 1.9340e+00 1.4000e-02 8.2000e+00 8.5000e+00 9.0000e-01 4.6389e+01 2.0690e+00 1.4000e-02 8.2000e+00 1.0000e+01 5.0000e-01 4.3166e+01
1.8720e+00 1.0000e-02 8.0000e+00 9.1000e+00 1.8000e+00 4.6583e+01 2.2080e+00 0.0000e+00 8.4000e+00 7.4000e+00 8.0000e-01 1.4811e+01 1.9340e+00 1.4000e-02 8.2000e+00 8.5000e+00 9.0000e-01 4.6389e+01 2.0690e+00 1.4000e-02 8.2000e+00 1.0000e+01 5.0000e-01 4.3166e+01 2.7220e+00 1.9000e-02 8.0000e+00 1.0000e+01 8.0000e-01 4.7500e+01
1.9760e+00 1.9760e+00 8.2000e+00 1.1500e+01 1.6000e+00 3.6897e+01 2.5630e+00 5.0000e-03 8.6000e+00 1.2000e+01 5.0000e-01 3.5805e+01 2.0690e+00 1.4000e-02 8.2000e+00 1.0000e+01 5.0000e-01 4.3166e+01 2.7220e+00 1.9000e-02 8.0000e+00 1.0000e+01 8.0000e-01 4.7500e+01 2.7020e+00 1.0000e-02 8.2000e+00 1.2500e+01 1.4000e+00 3.1535e+01
2.5660e+00 5.0000e-03 8.1000e+00 1.3400e+01 1.7000e+00 4.9548e+01 2.7840e+00 5.0000e-03 8.1000e+00 1.5400e+01 1.0000e+00 4.0701e+01 2.7220e+00 1.9000e-02 8.0000e+00 1.0000e+01 8.0000e-01 4.7500e+01 2.7020e+00 1.0000e-02 8.2000e+00 1.2500e+01 1.4000e+00 3.1535e+01 3.2060e+00 5.0000e-03 7.1000e+00 1.6000e+01 6.0000e-01 2.9566e+01
2.6400e+00 1.4000e-02 8.8000e+00 1.4500e+01 2.0000e+00 4.3696e+01 2.8660e+00 5.0000e-03 8.9000e+00 1.2300e+01 8.0000e-01 4.5988e+01 2.7020e+00 1.0000e-02 8.2000e+00 1.2500e+01 1.4000e+00 3.1535e+01 3.2060e+00 5.0000e-03 7.1000e+00 1.6000e+01 6.0000e-01 2.9566e+01 2.8990e+00 1.0000e-02 6.9000e+00 1.7200e+01 9.0000e-01 5.3090e+01
2.6400e+00 1.4000e-02 8.4000e+00 1.5300e+01 1.6000e+00 5.7613e+01 2.9180e+00 5.0000e-03 8.7000e+00 1.0800e+01 1.6000e+00 3.5805e+01 3.2060e+00 5.0000e-03 7.1000e+00 1.6000e+01 6.0000e-01 2.9566e+01 2.8990e+00 1.0000e-02 6.9000e+00 1.7200e+01 9.0000e-01 5.3090e+01 2.9760e+00 5.0000e-03 6.5000e+00 1.7000e+01 1.3000e+00 5.2263e+01
2.8680e+00 5.0000e-03 8.3000e+00 1.3300e+01 1.6000e+00 4.7674e+01 2.6740e+00 5.0000e-03 8.0000e+00 1.1700e+01 1.1000e+00 4.1377e+01 2.8990e+00 1.0000e-02 6.9000e+00 1.7200e+01 9.0000e-01 5.3090e+01 2.9760e+00 5.0000e-03 6.5000e+00 1.7000e+01 1.3000e+00 5.2263e+01 2.9330e+00 0.0000e+00 7.1000e+00 1.3600e+01 5.0000e-01 3.9974e+01
2.1600e+00 0.0000e+00 8.8000e+00 1.2800e+01 1.5000e+00 5.0235e+01 2.5300e+00 5.0000e-03 8.8000e+00 9.9000e+00 1.0000e+00 4.1699e+01 2.9760e+00 5.0000e-03 6.5000e+00 1.7000e+01 1.3000e+00 5.2263e+01 2.9330e+00 0.0000e+00 7.1000e+00 1.3600e+01 5.0000e-01 3.9974e+01 2.1400e+00 0.0000e+00 7.1000e+00 1.2900e+01 1.1000e+00 4.1045e+01
2.3230e+00 0.0000e+00 9.0000e+00 1.2100e+01 1.4000e+00 4.4200e+01 2.5580e+00 1.0000e-02 8.0000e+00 1.0500e+01 6.0000e-01 4.4200e+01 2.9330e+00 0.0000e+00 7.1000e+00 1.3600e+01 5.0000e-01 3.9974e+01 2.1400e+00 0.0000e+00 7.1000e+00 1.2900e+01 1.1000e+00 4.1045e+01 2.1420e+00 9.0000e-03 7.3000e+00 1.1800e+01 1.1000e+00 3.9589e+01
1.7660e+00 5.0000e-03 8.6000e+00 9.9000e+00 1.2000e+00 4.8177e+01 1.9300e+00 1.4000e-02 8.0000e+00 1.1800e+01 1.4000e+00 2.8411e+01 2.1400e+00 0.0000e+00 7.1000e+00 1.2900e+01 1.1000e+00 4.1045e+01 2.1420e+00 9.0000e-03 7.3000e+00 1.1800e+01 1.1000e+00 3.9589e+01 1.9050e+00 2.7000e-02 7.4000e+00 9.9000e+00 7.0000e-01 4.4200e+01
3.0960e+00 1.0000e-02 8.0000e+00 1.2400e+01 4.0000e-01 4.2605e+01 2.6500e+00 3.8000e-02 7.6000e+00 8.1000e+00 3.0000e-01 4.3166e+01 2.1420e+00 9.0000e-03 7.3000e+00 1.1800e+01 1.1000e+00 3.9589e+01 1.9050e+00 2.7000e-02 7.4000e+00 9.9000e+00 7.0000e-01 4.4200e+01 1.5160e+00 5.0000e-03 7.5000e+00 8.5000e+00 5.0000e-01 5.9117e+01
2.0160e+00 5.0000e-03 8.8000e+00 9.8000e+00 1.3000e+00 4.8012e+01 1.9340e+00 1.4000e-02 8.2000e+00 8.5000e+00 9.0000e-01 4.6389e+01 1.9050e+00 2.7000e-02 7.4000e+00 9.9000e+00 7.0000e-01 4.4200e+01 1.5160e+00 5.0000e-03 7.5000e+00 8.5000e+00 5.0000e-01 5.9117e+01 2.5610e+00 7.0000e-03 7.7000e+00 9.0000e+00 9.0000e-01 4.5782e+01
2.3090e+00 1.0000e-02 8.2000e+00 1.0300e+01 5.0000e-01 4.2011e+01 2.0690e+00 1.4000e-02 8.2000e+00 1.0000e+01 5.0000e-01 4.3166e+01 1.5160e+00 5.0000e-03 7.5000e+00 8.5000e+00 5.0000e-01 5.9117e+01 2.5610e+00 7.0000e-03 7.7000e+00 9.0000e+00 9.0000e-01 4.5782e+01 2.4300e+00 0.0000e+00 8.1000e+00 1.0000e+01 1.0000e+00 5.8622e+01
2.2080e+00 0.0000e+00 8.4000e+00 7.4000e+00 8.0000e-01 1.4811e+01 2.7220e+00 1.9000e-02 8.0000e+00 1.0000e+01 8.0000e-01 4.7500e+01 2.5610e+00 7.0000e-03 7.7000e+00 9.0000e+00 9.0000e-01 4.5782e+01 2.4300e+00 0.0000e+00 8.1000e+00 1.0000e+01 1.0000e+00 5.8622e+01 2.1750e+00 1.0000e-02 8.2000e+00 1.0400e+01 4.0000e-01 4.6773e+01
2.5630e+00 5.0000e-03 8.6000e+00 1.2000e+01 5.0000e-01 3.5805e+01 2.7020e+00 1.0000e-02 8.2000e+00 1.2500e+01 1.4000e+00 3.1535e+01 2.4300e+00 0.0000e+00 8.1000e+00 1.0000e+01 1.0000e+00 5.8622e+01 2.1750e+00 1.0000e-02 8.2000e+00 1.0400e+01 4.0000e-01 4.6773e+01 2.3520e+00 9.0000e-03 7.9000e+00 1.1500e+01 6.0000e-01 3.4578e+01
2.7840e+00 5.0000e-03 8.1000e+00 1.5400e+01 1.0000e+00 4.0701e+01 3.2060e+00 5.0000e-03 7.1000e+00 1.6000e+01 6.0000e-01 2.9566e+01 2.1750e+00 1.0000e-02 8.2000e+00 1.0400e+01 4.0000e-01 4.6773e+01 2.3520e+00 9.0000e-03 7.9000e+00 1.1500e+01 6.0000e-01 3.4578e+01 2.7350e+00 3.0000e-03 7.8000e+00 1.3300e+01 7.0000e-01 3.6366e+01
2.8660e+00 5.0000e-03 8.9000e+00 1.2300e+01 8.0000e-01 4.5988e+01 2.8990e+00 1.0000e-02 6.9000e+00 1.7200e+01 9.0000e-01 5.3090e+01 2.3520e+00 9.0000e-03 7.9000e+00 1.1500e+01 6.0000e-01 3.4578e+01 2.7350e+00 3.0000e-03 7.8000e+00 1.3300e+01 7.0000e-01 3.6366e+01 2.7100e+00 1.0000e-03 8.1000e+00 1.4600e+01 7.0000e-01 3.9188e+01
2.9180e+00 5.0000e-03 8.7000e+00 1.0800e+01 1.6000e+00 3.5805e+01 2.9760e+00 5.0000e-03 6.5000e+00 1.7000e+01 1.3000e+00 5.2263e+01 2.7350e+00 3.0000e-03 7.8000e+00 1.3300e+01 7.0000e-01 3.6366e+01 2.7100e+00 1.0000e-03 8.1000e+00 1.4600e+01 7.0000e-01 3.9188e+01 2.9340e+00 3.0000e-03 7.8000e+00 1.3900e+01 1.1000e+00 4.5571e+01
2.6740e+00 5.0000e-03 8.0000e+00 1.1700e+01 1.1000e+00 4.1377e+01 2.9330e+00 0.0000e+00 7.1000e+00 1.3600e+01 5.0000e-01 3.9974e+01 2.7100e+00 1.0000e-03 8.1000e+00 1.4600e+01 7.0000e-01 3.9188e+01 2.9340e+00 3.0000e-03 7.8000e+00 1.3900e+01 1.1000e+00 4.5571e+01 2.3930e+00 1.0000e-03 7.8000e+00 1.3800e+01 5.0000e-01 4.9548e+01
2.5300e+00 5.0000e-03 8.8000e+00 9.9000e+00 1.0000e+00 4.1699e+01 2.1400e+00 0.0000e+00 7.1000e+00 1.2900e+01 1.1000e+00 4.1045e+01 2.9340e+00 3.0000e-03 7.8000e+00 1.3900e+01 1.1000e+00 4.5571e+01 2.3930e+00 1.0000e-03 7.8000e+00 1.3800e+01 5.0000e-01 4.9548e+01 2.3170e+00 0.0000e+00 7.9000e+00 1.0100e+01 9.0000e-01 4.8012e+01
2.5580e+00 1.0000e-02 8.0000e+00 1.0500e+01 6.0000e-01 4.4200e+01 2.1420e+00 9.0000e-03 7.3000e+00 1.1800e+01 1.1000e+00 3.9589e+01 2.3930e+00 1.0000e-03 7.8000e+00 1.3800e+01 5.0000e-01 4.9548e+01 2.3170e+00 0.0000e+00 7.9000e+00 1.0100e+01 9.0000e-01 4.8012e+01 2.2780e+00 3.0000e-03 7.8000e+00 1.0000e+01 5.0000e-01 3.1535e+01
1.9300e+00 1.4000e-02 8.0000e+00 1.1800e+01 1.4000e+00 2.8411e+01 1.9050e+00 2.7000e-02 7.4000e+00 9.9000e+00 7.0000e-01 4.4200e+01 2.3170e+00 0.0000e+00 7.9000e+00 1.0100e+01 9.0000e-01 4.8012e+01 2.2780e+00 3.0000e-03 7.8000e+00 1.0000e+01 5.0000e-01 3.1535e+01 1.7340e+00 3.0000e-03 8.6000e+00 9.9000e+00 5.0000e-01 4.9405e+01
2.6500e+00 3.8000e-02 7.6000e+00 8.1000e+00 3.0000e-01 4.3166e+01 1.5160e+00 5.0000e-03 7.5000e+00 8.5000e+00 5.0000e-01 5.9117e+01 2.2780e+00 3.0000e-03 7.8000e+00 1.0000e+01 5.0000e-01 3.1535e+01 1.7340e+00 3.0000e-03 8.6000e+00 9.9000e+00 5.0000e-01 4.9405e+01 1.6810e+00 1.6000e-02 7.6000e+00 9.8000e+00 4.0000e-01 4.8177e+01
1.9340e+00 1.4000e-02 8.2000e+00 8.5000e+00 9.0000e-01 4.6389e+01 2.5610e+00 7.0000e-03 7.7000e+00 9.0000e+00 9.0000e-01 4.5782e+01 1.7340e+00 3.0000e-03 8.6000e+00 9.9000e+00 5.0000e-01 4.9405e+01 1.6810e+00 1.6000e-02 7.6000e+00 9.8000e+00 4.0000e-01 4.8177e+01 2.4080e+00 1.8000e-02 7.4000e+00 7.5000e+00 5.0000e-01 5.0366e+01
2.0690e+00 1.4000e-02 8.2000e+00 1.0000e+01 5.0000e-01 4.3166e+01 2.4300e+00 0.0000e+00 8.1000e+00 1.0000e+01 1.0000e+00 5.8622e+01 1.6810e+00 1.6000e-02 7.6000e+00 9.8000e+00 4.0000e-01 4.8177e+01 2.4080e+00 1.8000e-02 7.4000e+00 7.5000e+00 5.0000e-01 5.0366e+01 1.9270e+00 1.1000e-02 7.8000e+00 8.6000e+00 1.1000e+00 5.4212e+01
2.7220e+00 1.9000e-02 8.0000e+00 1.0000e+01 8.0000e-01 4.7500e+01 2.1750e+00 1.0000e-02 8.2000e+00 1.0400e+01 4.0000e-01 4.6773e+01 2.4080e+00 1.8000e-02 7.4000e+00 7.5000e+00 5.0000e-01 5.0366e+01 1.9270e+00 1.1000e-02 7.8000e+00 8.6000e+00 1.1000e+00 5.4212e+01 1.5650e+00 0.0000e+00 8.0000e+00 1.0400e+01 7.0000e-01 4.1045e+01
2.7020e+00 1.0000e-02 8.2000e+00 1.2500e+01 1.4000e+00 3.1535e+01 2.3520e+00 9.0000e-03 7.9000e+00 1.1500e+01 6.0000e-01 3.4578e+01 1.9270e+00 1.1000e-02 7.8000e+00 8.6000e+00 1.1000e+00 5.4212e+01 1.5650e+00 0.0000e+00 8.0000e+00 1.0400e+01 7.0000e-01 4.1045e+01 1.9730e+00 8.0000e-03 7.9000e+00 9.4000e+00 6.0000e-01 4.5782e+01
3.2060e+00 5.0000e-03 7.1000e+00 1.6000e+01 6.0000e-01 2.9566e+01 2.7350e+00 3.0000e-03 7.8000e+00 1.3300e+01 7.0000e-01 3.6366e+01 1.5650e+00 0.0000e+00 8.0000e+00 1.0400e+01 7.0000e-01 4.1045e+01 1.9730e+00 8.0000e-03 7.9000e+00 9.4000e+00 6.0000e-01 4.5782e+01 2.6100e+00 7.0000e-03 8.2000e+00 1.3400e+01 1.2000e+00 4.9548e+01
2.8990e+00 1.0000e-02 6.9000e+00 1.7200e+01 9.0000e-01 5.3090e+01 2.7100e+00 1.0000e-03 8.1000e+00 1.4600e+01 7.0000e-01 3.9188e+01 1.9730e+00 8.0000e-03 7.9000e+00 9.4000e+00 6.0000e-01 4.5782e+01 2.6100e+00 7.0000e-03 8.2000e+00 1.3400e+01 1.2000e+00 4.9548e+01 2.9910e+00 3.0000e-03 7.9000e+00 1.3800e+01 1.2000e+00 4.1377e+01
2.9760e+00 5.0000e-03 6.5000e+00 1.7000e+01 1.3000e+00 5.2263e+01 2.9340e+00 3.0000e-03 7.8000e+00 1.3900e+01 1.1000e+00 4.5571e+01 2.6100e+00 7.0000e-03 8.2000e+00 1.3400e+01 1.2000e+00 4.9548e+01 2.9910e+00 3.0000e-03 7.9000e+00 1.3800e+01 1.2000e+00 4.1377e+01 4.0320e+00 6.0000e-03 7.8000e+00 1.3200e+01 1.3000e+00 3.2389e+01
2.9330e+00 0.0000e+00 7.1000e+00 1.3600e+01 5.0000e-01 3.9974e+01 2.3930e+00 1.0000e-03 7.8000e+00 1.3800e+01 5.0000e-01 4.9548e+01 2.9910e+00 3.0000e-03 7.9000e+00 1.3800e+01 1.2000e+00 4.1377e+01 4.0320e+00 6.0000e-03 7.8000e+00 1.3200e+01 1.3000e+00 3.2389e+01 3.1360e+00 6.0000e-03 8.1000e+00 1.2500e+01 1.3000e+00 4.3166e+01
2.1400e+00 0.0000e+00 7.1000e+00 1.2900e+01 1.1000e+00 4.1045e+01 2.3170e+00 0.0000e+00 7.9000e+00 1.0100e+01 9.0000e-01 4.8012e+01 4.0320e+00 6.0000e-03 7.8000e+00 1.3200e+01 1.3000e+00 3.2389e+01 3.1360e+00 6.0000e-03 8.1000e+00 1.2500e+01 1.3000e+00 4.3166e+01 2.7300e+00 4.0000e-03 8.1000e+00 1.1400e+01 8.0000e-01 4.2312e+01
2.1420e+00 9.0000e-03 7.3000e+00 1.1800e+01 1.1000e+00 3.9589e+01 2.2780e+00 3.0000e-03 7.8000e+00 1.0000e+01 5.0000e-01 3.1535e+01 3.1360e+00 6.0000e-03 8.1000e+00 1.2500e+01 1.3000e+00 4.3166e+01 2.7300e+00 4.0000e-03 8.1000e+00 1.1400e+01 8.0000e-01 4.2312e+01 2.0840e+00 2.4000e-02 8.0000e+00 9.5000e+00 1.1000e+00 4.2605e+01
1.9050e+00 2.7000e-02 7.4000e+00 9.9000e+00 7.0000e-01 4.4200e+01 1.7340e+00 3.0000e-03 8.6000e+00 9.9000e+00 5.0000e-01 4.9405e+01 2.7300e+00 4.0000e-03 8.1000e+00 1.1400e+01 8.0000e-01 4.2312e+01 2.0840e+00 2.4000e-02 8.0000e+00 9.5000e+00 1.1000e+00 4.2605e+01 1.5190e+00 1.0000e-03 8.2000e+00 1.0100e+01 2.0000e-01 4.4909e+01
1.5160e+00 5.0000e-03 7.5000e+00 8.5000e+00 5.0000e-01 5.9117e+01 1.6810e+00 1.6000e-02 7.6000e+00 9.8000e+00 4.0000e-01 4.8177e+01 2.0840e+00 2.4000e-02 8.0000e+00 9.5000e+00 1.1000e+00 4.2605e+01 1.5190e+00 1.0000e-03 8.2000e+00 1.0100e+01 2.0000e-01 4.4909e+01 2.6140e+00 1.5000e-02 8.0000e+00 1.1300e+01 7.0000e-01 3.1535e+01
2.5610e+00 7.0000e-03 7.7000e+00 9.0000e+00 9.0000e-01 4.5782e+01 2.4080e+00 1.8000e-02 7.4000e+00 7.5000e+00 5.0000e-01 5.0366e+01 1.5190e+00 1.0000e-03 8.2000e+00 1.0100e+01 2.0000e-01 4.4909e+01 2.6140e+00 1.5000e-02 8.0000e+00 1.1300e+01 7.0000e-01 3.1535e+01 2.0330e+00 2.9000e-02 7.9000e+00 9.3000e+00 5.0000e-01 3.6366e+01
2.4300e+00 0.0000e+00 8.1000e+00 1.0000e+01 1.0000e+00 5.8622e+01 1.9270e+00 1.1000e-02 7.8000e+00 8.6000e+00 1.1000e+00 5.4212e+01 2.6140e+00 1.5000e-02 8.0000e+00 1.1300e+01 7.0000e-01 3.1535e+01 2.0330e+00 2.9000e-02 7.9000e+00 9.3000e+00 5.0000e-01 3.6366e+01 1.6730e+00 5.0000e-03 8.4000e+00 1.1300e+01 9.0000e-01 4.5571e+01
2.1750e+00 1.0000e-02 8.2000e+00 1.0400e+01 4.0000e-01 4.6773e+01 1.5650e+00 0.0000e+00 8.0000e+00 1.0400e+01 7.0000e-01 4.1045e+01 2.0330e+00 2.9000e-02 7.9000e+00 9.3000e+00 5.0000e-01 3.6366e+01 1.6730e+00 5.0000e-03 8.4000e+00 1.1300e+01 9.0000e-01 4.5571e+01 1.4690e+00 1.6000e-02 8.1000e+00 8.6000e+00 2.0000e-01 3.6897e+01
2.3520e+00 9.0000e-03 7.9000e+00 1.1500e+01 6.0000e-01 3.4578e+01 1.9730e+00 8.0000e-03 7.9000e+00 9.4000e+00 6.0000e-01 4.5782e+01 1.6730e+00 5.0000e-03 8.4000e+00 1.1300e+01 9.0000e-01 4.5571e+01 1.4690e+00 1.6000e-02 8.1000e+00 8.6000e+00 2.0000e-01 3.6897e+01 2.3480e+00 2.2000e-02 7.9000e+00 1.1000e+01 8.0000e-01 3.1535e+01
2.7350e+00 3.0000e-03 7.8000e+00 1.3300e+01 7.0000e-01 3.6366e+01 2.6100e+00 7.0000e-03 8.2000e+00 1.3400e+01 1.2000e+00 4.9548e+01 1.4690e+00 1.6000e-02 8.1000e+00 8.6000e+00 2.0000e-01 3.6897e+01 2.3480e+00 2.2000e-02 7.9000e+00 1.1000e+01 8.0000e-01 3.1535e+01 2.5650e+00 9.0000e-03 8.3000e+00 1.2500e+01 7.0000e-01 4.1045e+01
2.7100e+00 1.0000e-03 8.1000e+00 1.4600e+01 7.0000e-01 3.9188e+01 2.9910e+00 3.0000e-03 7.9000e+00 1.3800e+01 1.2000e+00 4.1377e+01 2.3480e+00 2.2000e-02 7.9000e+00 1.1000e+01 8.0000e-01 3.1535e+01 2.5650e+00 9.0000e-03 8.3000e+00 1.2500e+01 7.0000e-01 4.1045e+01 2.5380e+00 1.0000e-02 7.9000e+00 1.3300e+01 2.0000e-01 2.8411e+01
2.9340e+00 3.0000e-03 7.8000e+00 1.3900e+01 1.1000e+00 4.5571e+01 4.0320e+00 6.0000e-03 7.8000e+00 1.3200e+01 1.3000e+00 3.2389e+01 2.5650e+00 9.0000e-03 8.3000e+00 1.2500e+01 7.0000e-01 4.1045e+01 2.5380e+00 1.0000e-02 7.9000e+00 1.3300e+01 2.0000e-01 2.8411e+01 2.7410e+00 0.0000e+00 7.3000e+00 1.4400e+01 1.3000e+00 3.7878e+01
2.3930e+00 1.0000e-03 7.8000e+00 1.3800e+01 5.0000e-01 4.9548e+01 3.1360e+00 6.0000e-03 8.1000e+00 1.2500e+01 1.3000e+00 4.3166e+01 2.5380e+00 1.0000e-02 7.9000e+00 1.3300e+01 2.0000e-01 2.8411e+01 2.7410e+00 0.0000e+00 7.3000e+00 1.4400e+01 1.3000e+00 3.7878e+01 2.6180e+00 0.0000e+00 7.5000e+00 1.2900e+01 1.1000e+00 4.0344e+01
2.3170e+00 0.0000e+00 7.9000e+00 1.0100e+01 9.0000e-01 4.8012e+01 2.7300e+00 4.0000e-03 8.1000e+00 1.1400e+01 8.0000e-01 4.2312e+01 2.7410e+00 0.0000e+00 7.3000e+00 1.4400e+01 1.3000e+00 3.7878e+01 2.6180e+00 0.0000e+00 7.5000e+00 1.2900e+01 1.1000e+00 4.0344e+01 2.0550e+00 6.0000e-03 7.3000e+00 1.1400e+01 4.0000e-01 3.7878e+01
2.2780e+00 3.0000e-03 7.8000e+00 1.0000e+01 5.0000e-01 3.1535e+01 2.0840e+00 2.4000e-02 8.0000e+00 9.5000e+00 1.1000e+00 4.2605e+01 2.6180e+00 0.0000e+00 7.5000e+00 1.2900e+01 1.1000e+00 4.0344e+01 2.0550e+00 6.0000e-03 7.3000e+00 1.1400e+01 4.0000e-01 3.7878e+01 1.9400e+00 0.0000e+00 7.1000e+00 1.0500e+01 3.0000e-01 4.1045e+01
1.7340e+00 3.0000e-03 8.6000e+00 9.9000e+00 5.0000e-01 4.9405e+01 1.5190e+00 1.0000e-03 8.2000e+00 1.0100e+01 2.0000e-01 4.4909e+01 2.0550e+00 6.0000e-03 7.3000e+00 1.1400e+01 4.0000e-01 3.7878e+01 1.9400e+00 0.0000e+00 7.1000e+00 1.0500e+01 3.0000e-01 4.1045e+01 1.3670e+00 0.0000e+00 8.2000e+00 1.0200e+01 5.0000e-01 3.2389e+01
1.6810e+00 1.6000e-02 7.6000e+00 9.8000e+00 4.0000e-01 4.8177e+01 2.6140e+00 1.5000e-02 8.0000e+00 1.1300e+01 7.0000e-01 3.1535e+01 1.9400e+00 0.0000e+00 7.1000e+00 1.0500e+01 3.0000e-01 4.1045e+01 1.3670e+00 0.0000e+00 8.2000e+00 1.0200e+01 5.0000e-01 3.2389e+01 2.0560e+00 5.0000e-03 7.6000e+00 8.5000e+00 6.0000e-01 3.4578e+01
2.4080e+00 1.8000e-02 7.4000e+00 7.5000e+00 5.0000e-01 5.0366e+01 2.0330e+00 2.9000e-02 7.9000e+00 9.3000e+00 5.0000e-01 3.6366e+01 1.3670e+00 0.0000e+00 8.2000e+00 1.0200e+01 5.0000e-01 3.2389e+01 2.0560e+00 5.0000e-03 7.6000e+00 8.5000e+00 6.0000e-01 3.4578e+01 2.5140e+00 9.0000e-03 7.6000e+00 8.5000e+00 4.0000e-01 2.7101e+01
1.9270e+00 1.1000e-02 7.8000e+00 8.6000e+00 1.1000e+00 5.4212e+01 1.6730e+00 5.0000e-03 8.4000e+00 1.1300e+01 9.0000e-01 4.5571e+01 2.0560e+00 5.0000e-03 7.6000e+00 8.5000e+00 6.0000e-01 3.4578e+01 2.5140e+00 9.0000e-03 7.6000e+00 8.5000e+00 4.0000e-01 2.7101e+01 2.3440e+00 1.4000e-02 8.3000e+00 1.0100e+01 8.0000e-01 3.8335e+01
1.5650e+00 0.0000e+00 8.0000e+00 1.0400e+01 7.0000e-01 4.1045e+01 1.4690e+00 1.6000e-02 8.1000e+00 8.6000e+00 2.0000e-01 3.6897e+01 2.5140e+00 9.0000e-03 7.6000e+00 8.5000e+00 4.0000e-01 2.7101e+01 2.3440e+00 1.4000e-02 8.3000e+00 1.0100e+01 8.0000e-01 3.8335e+01 1.9720e+00 0.0000e+00 7.6000e+00 1.0100e+01 4.0000e-01 3.5805e+01
1.9730e+00 8.0000e-03 7.9000e+00 9.4000e+00 6.0000e-01 4.5782e+01 2.3480e+00 2.2000e-02 7.9000e+00 1.1000e+01 8.0000e-01 3.1535e+01 2.3440e+00 1.4000e-02 8.3000e+00 1.0100e+01 8.0000e-01 3.8335e+01 1.9720e+00 0.0000e+00 7.6000e+00 1.0100e+01 4.0000e-01 3.5805e+01 2.0130e+00 0.0000e+00 8.1000e+00 1.0700e+01 2.4000e+00 3.3174e+01
2.6100e+00 7.0000e-03 8.2000e+00 1.3400e+01 1.2000e+00 4.9548e+01 2.5650e+00 9.0000e-03 8.3000e+00 1.2500e+01 7.0000e-01 4.1045e+01 1.9720e+00 0.0000e+00 7.6000e+00 1.0100e+01 4.0000e-01 3.5805e+01 2.0130e+00 0.0000e+00 8.1000e+00 1.0700e+01 2.4000e+00 3.3174e+01 2.5470e+00 1.1000e-02 7.6000e+00 1.4900e+01 1.5000e+00 3.4578e+01
2.9910e+00 3.0000e-03 7.9000e+00 1.3800e+01 1.2000e+00 4.1377e+01 2.5380e+00 1.0000e-02 7.9000e+00 1.3300e+01 2.0000e-01 2.8411e+01 2.0130e+00 0.0000e+00 8.1000e+00 1.0700e+01 2.4000e+00 3.3174e+01 2.5470e+00 1.1000e-02 7.6000e+00 1.4900e+01 1.5000e+00 3.4578e+01 2.8940e+00 7.0000e-03 7.9000e+00 1.3700e+01 1.5000e+00 2.5589e+01
4.0320e+00 6.0000e-03 7.8000e+00 1.3200e+01 1.3000e+00 3.2389e+01 2.7410e+00 0.0000e+00 7.3000e+00 1.4400e+01 1.3000e+00 3.7878e+01 2.5470e+00 1.1000e-02 7.6000e+00 1.4900e+01 1.5000e+00 3.4578e+01 2.8940e+00 7.0000e-03 7.9000e+00 1.3700e+01 1.5000e+00 2.5589e+01 2.6040e+00 3.0000e-03 7.8000e+00 1.3700e+01 2.2000e+00 3.7878e+01
3.1360e+00 6.0000e-03 8.1000e+00 1.2500e+01 1.3000e+00 4.3166e+01 2.6180e+00 0.0000e+00 7.5000e+00 1.2900e+01 1.1000e+00 4.0344e+01 2.8940e+00 7.0000e-03 7.9000e+00 1.3700e+01 1.5000e+00 2.5589e+01 2.6040e+00 3.0000e-03 7.8000e+00 1.3700e+01 2.2000e+00 3.7878e+01 2.0200e+00 0.0000e+00 7.6000e+00 1.3300e+01 1.6000e+00 3.5211e+01
2.7300e+00 4.0000e-03 8.1000e+00 1.1400e+01 8.0000e-01 4.2312e+01 2.0550e+00 6.0000e-03 7.3000e+00 1.1400e+01 4.0000e-01 3.7878e+01 2.6040e+00 3.0000e-03 7.8000e+00 1.3700e+01 2.2000e+00 3.7878e+01 2.0200e+00 0.0000e+00 7.6000e+00 1.3300e+01 1.6000e+00 3.5211e+01 2.3850e+00 1.1000e-02 7.8000e+00 1.1600e+01 8.0000e-01 3.8771e+01
2.0840e+00 2.4000e-02 8.0000e+00 9.5000e+00 1.1000e+00 4.2605e+01 1.9400e+00 0.0000e+00 7.1000e+00 1.0500e+01 3.0000e-01 4.1045e+01 2.0200e+00 0.0000e+00 7.6000e+00 1.3300e+01 1.6000e+00 3.5211e+01 2.3850e+00 1.1000e-02 7.8000e+00 1.1600e+01 8.0000e-01 3.8771e+01 2.3820e+00 8.0000e-03 8.0000e+00 1.1000e+01 6.0000e-01 4.2605e+01
1.5190e+00 1.0000e-03 8.2000e+00 1.0100e+01 2.0000e-01 4.4909e+01 1.3670e+00 0.0000e+00 8.2000e+00 1.0200e+01 5.0000e-01 3.2389e+01 2.3850e+00 1.1000e-02 7.8000e+00 1.1600e+01 8.0000e-01 3.8771e+01 2.3820e+00 8.0000e-03 8.0000e+00 1.1000e+01 6.0000e-01 4.2605e+01 2.1100e+00 1.2000e-02 8.4000e+00 1.0300e+01 9.0000e-01 4.3435e+01
2.6140e+00 1.5000e-02 8.0000e+00 1.1300e+01 7.0000e-01 3.1535e+01 2.0560e+00 5.0000e-03 7.6000e+00 8.5000e+00 6.0000e-01 3.4578e+01 2.3820e+00 8.0000e-03 8.0000e+00 1.1000e+01 6.0000e-01 4.2605e+01 2.1100e+00 1.2000e-02 8.4000e+00 1.0300e+01 9.0000e-01 4.3435e+01 2.6200e+00 2.1000e-02 7.7000e+00 8.6000e+00 7.0000e-01 3.6897e+01
2.0330e+00 2.9000e-02 7.9000e+00 9.3000e+00 5.0000e-01 3.6366e+01 2.5140e+00 9.0000e-03 7.6000e+00 8.5000e+00 4.0000e-01 2.7101e+01 2.1100e+00 1.2000e-02 8.4000e+00 1.0300e+01 9.0000e-01 4.3435e+01 2.6200e+00 2.1000e-02 7.7000e+00 8.6000e+00 7.0000e-01 3.6897e+01 1.8060e+00 1.6000e-02 7.8000e+00 7.7000e+00 5.0000e-01 4.5988e+01
1.6730e+00 5.0000e-03 8.4000e+00 1.1300e+01 9.0000e-01 4.5571e+01 2.3440e+00 1.4000e-02 8.3000e+00 1.0100e+01 8.0000e-01 3.8335e+01 2.6200e+00 2.1000e-02 7.7000e+00 8.6000e+00 7.0000e-01 3.6897e+01 1.8060e+00 1.6000e-02 7.8000e+00 7.7000e+00 5.0000e-01 4.5988e+01 2.8730e+00 2.2000e-02 7.7000e+00 8.7000e+00 4.0000e-01 2.7101e+01
1.4690e+00 1.6000e-02 8.1000e+00 8.6000e+00 2.0000e-01 3.6897e+01 1.9720e+00 0.0000e+00 7.6000e+00 1.0100e+01 4.0000e-01 3.5805e+01 1.8060e+00 1.6000e-02 7.8000e+00 7.7000e+00 5.0000e-01 4.5988e+01 2.8730e+00 2.2000e-02 7.7000e+00 8.7000e+00 4.0000e-01 2.7101e+01 2.5650e+00 1.2000e-02 7.9000e+00 1.0500e+01 8.0000e-01 3.6897e+01
2.3480e+00 2.2000e-02 7.9000e+00 1.1000e+01 8.0000e-01 3.1535e+01 2.0130e+00 0.0000e+00 8.1000e+00 1.0700e+01 2.4000e+00 3.3174e+01 2.8730e+00 2.2000e-02 7.7000e+00 8.7000e+00 4.0000e-01 2.7101e+01 2.5650e+00 1.2000e-02 7.9000e+00 1.0500e+01 8.0000e-01 3.6897e+01 2.8630e+00 1.2000e-02 8.1000e+00 1.1700e+01 7.0000e-01 3.5211e+01
2.5650e+00 9.0000e-03 8.3000e+00 1.2500e+01 7.0000e-01 4.1045e+01 2.5470e+00 1.1000e-02 7.6000e+00 1.4900e+01 1.5000e+00 3.4578e+01 2.5650e+00 1.2000e-02 7.9000e+00 1.0500e+01 8.0000e-01 3.6897e+01 2.8630e+00 1.2000e-02 8.1000e+00 1.1700e+01 7.0000e-01 3.5211e+01 2.8710e+00 0.0000e+00 7.8000e+00 1.2000e+01 5.0000e-01 3.0600e+01
2.7410e+00 0.0000e+00 7.3000e+00 1.4400e+01 1.3000e+00 3.7878e+01 2.6040e+00 3.0000e-03 7.8000e+00 1.3700e+01 2.2000e+00 3.7878e+01 2.8710e+00 0.0000e+00 7.8000e+00 1.2000e+01 5.0000e-01 3.0600e+01 4.4400e+00 5.1000e-02 7.8000e+00 1.0400e+01 1.9000e+00 4.9548e+01 3.0150e+00 4.0000e-03 7.8000e+00 1.3600e+01 1.0000e-01 3.2389e+01
2.6180e+00 0.0000e+00 7.5000e+00 1.2900e+01 1.1000e+00 4.0344e+01 2.0200e+00 0.0000e+00 7.6000e+00 1.3300e+01 1.6000e+00 3.5211e+01 4.4400e+00 5.1000e-02 7.8000e+00 1.0400e+01 1.9000e+00 4.9548e+01 3.0150e+00 4.0000e-03 7.8000e+00 1.3600e+01 1.0000e-01 3.2389e+01 2.9300e+00 0.0000e+00 8.0000e+00 1.3600e+01 1.2000e+00 3.8771e+01
2.0550e+00 6.0000e-03 7.3000e+00 1.1400e+01 4.0000e-01 3.7878e+01 2.3850e+00 1.1000e-02 7.8000e+00 1.1600e+01 8.0000e-01 3.8771e+01 3.0150e+00 4.0000e-03 7.8000e+00 1.3600e+01 1.0000e-01 3.2389e+01 2.9300e+00 0.0000e+00 8.0000e+00 1.3600e+01 1.2000e+00 3.8771e+01 2.7210e+00 0.0000e+00 8.1000e+00 1.3400e+01 7.0000e-01 4.8177e+01
1.9400e+00 0.0000e+00 7.1000e+00 1.0500e+01 3.0000e-01 4.1045e+01 2.3820e+00 8.0000e-03 8.0000e+00 1.1000e+01 6.0000e-01 4.2605e+01 2.9300e+00 0.0000e+00 8.0000e+00 1.3600e+01 1.2000e+00 3.8771e+01 2.7210e+00 0.0000e+00 8.1000e+00 1.3400e+01 7.0000e-01 4.8177e+01 2.1900e+00 0.0000e+00 8.0000e+00 1.1000e+01 3.0000e-01 3.7400e+01
1.3670e+00 0.0000e+00 8.2000e+00 1.0200e+01 5.0000e-01 3.2389e+01 2.1100e+00 1.2000e-02 8.4000e+00 1.0300e+01 9.0000e-01 4.3435e+01 2.7210e+00 0.0000e+00 8.1000e+00 1.3400e+01 7.0000e-01 4.8177e+01 2.1900e+00 0.0000e+00 8.0000e+00 1.1000e+01 3.0000e-01 3.7400e+01 1.4210e+00 7.0000e-03 8.0000e+00 1.0000e+01 7.0000e-01 4.0701e+01
2.0560e+00 5.0000e-03 7.6000e+00 8.5000e+00 6.0000e-01 3.4578e+01 2.6200e+00 2.1000e-02 7.7000e+00 8.6000e+00 7.0000e-01 3.6897e+01 2.1900e+00 0.0000e+00 8.0000e+00 1.1000e+01 3.0000e-01 3.7400e+01 1.4210e+00 7.0000e-03 8.0000e+00 1.0000e+01 7.0000e-01 4.0701e+01 1.2660e+00 0.0000e+00 7.5000e+00 8.9000e+00 2.0000e-01 4.7324e+01
2.5140e+00 9.0000e-03 7.6000e+00 8.5000e+00 4.0000e-01 2.7101e+01 1.8060e+00 1.6000e-02 7.8000e+00 7.7000e+00 5.0000e-01 4.5988e+01 1.4210e+00 7.0000e-03 8.0000e+00 1.0000e+01 7.0000e-01 4.0701e+01 1.2660e+00 0.0000e+00 7.5000e+00 8.9000e+00 2.0000e-01 4.7324e+01 2.4080e+00 1.3000e-02 7.5000e+00 7.1000e+00 3.0000e-01 3.3174e+01
2.3440e+00 1.4000e-02 8.3000e+00 1.0100e+01 8.0000e-01 3.8335e+01 2.8730e+00 2.2000e-02 7.7000e+00 8.7000e+00 4.0000e-01 2.7101e+01 1.2660e+00 0.0000e+00 7.5000e+00 8.9000e+00 2.0000e-01 4.7324e+01 2.4080e+00 1.3000e-02 7.5000e+00 7.1000e+00 3.0000e-01 3.3174e+01 1.8760e+00 6.0000e-03 7.5000e+00 7.7000e+00 6.0000e-01 2.8411e+01
1.9720e+00 0.0000e+00 7.6000e+00 1.0100e+01 4.0000e-01 3.5805e+01 2.5650e+00 1.2000e-02 7.9000e+00 1.0500e+01 8.0000e-01 3.6897e+01 2.4080e+00 1.3000e-02 7.5000e+00 7.1000e+00 3.0000e-01 3.3174e+01 1.8760e+00 6.0000e-03 7.5000e+00 7.7000e+00 6.0000e-01 2.8411e+01 2.5280e+00 6.0000e-03 7.4000e+00 9.2000e+00 3.0000e-01 2.9566e+01
2.0130e+00 0.0000e+00 8.1000e+00 1.0700e+01 2.4000e+00 3.3174e+01 2.8630e+00 1.2000e-02 8.1000e+00 1.1700e+01 7.0000e-01 3.5211e+01 1.8760e+00 6.0000e-03 7.5000e+00 7.7000e+00 6.0000e-01 2.8411e+01 2.5280e+00 6.0000e-03 7.4000e+00 9.2000e+00 3.0000e-01 2.9566e+01 2.3230e+00 3.0000e-03 7.9000e+00 1.0100e+01 1.0000e-01 2.3800e+01
2.5470e+00 1.1000e-02 7.6000e+00 1.4900e+01 1.5000e+00 3.4578e+01 2.8710e+00 0.0000e+00 7.8000e+00 1.2000e+01 5.0000e-01 3.0600e+01 2.5280e+00 6.0000e-03 7.4000e+00 9.2000e+00 3.0000e-01 2.9566e+01 2.3230e+00 3.0000e-03 7.9000e+00 1.0100e+01 1.0000e-01 2.3800e+01 2.9590e+00 6.0000e-03 7.7000e+00 1.2200e+01 8.0000e-01 2.1611e+01
2.8940e+00 7.0000e-03 7.9000e+00 1.3700e+01 1.5000e+00 2.5589e+01 4.4400e+00 5.1000e-02 7.8000e+00 1.0400e+01 1.9000e+00 4.9548e+01 2.3230e+00 3.0000e-03 7.9000e+00 1.0100e+01 1.0000e-01 2.3800e+01 2.9590e+00 6.0000e-03 7.7000e+00 1.2200e+01 8.0000e-01 2.1611e+01 2.9130e+00 0.0000e+00 7.4000e+00 1.4000e+01 1.3000e+00 2.1611e+01
2.6040e+00 3.0000e-03 7.8000e+00 1.3700e+01 2.2000e+00 3.7878e+01 3.0150e+00 4.0000e-03 7.8000e+00 1.3600e+01 1.0000e-01 3.2389e+01 2.9590e+00 6.0000e-03 7.7000e+00 1.2200e+01 8.0000e-01 2.1611e+01 2.9130e+00 0.0000e+00 7.4000e+00 1.4000e+01 1.3000e+00 2.1611e+01 2.8040e+00 0.0000e+00 7.9000e+00 1.2700e+01 6.0000e-01 4.9548e+01
2.0200e+00 0.0000e+00 7.6000e+00 1.3300e+01 1.6000e+00 3.5211e+01 2.9300e+00 0.0000e+00 8.0000e+00 1.3600e+01 1.2000e+00 3.8771e+01 2.9130e+00 0.0000e+00 7.4000e+00 1.4000e+01 1.3000e+00 2.1611e+01 2.8040e+00 0.0000e+00 7.9000e+00 1.2700e+01 6.0000e-01 4.9548e+01 2.6700e+00 0.0000e+00 7.8000e+00 1.2100e+01 1.2000e+00 3.2389e+01
2.3850e+00 1.1000e-02 7.8000e+00 1.1600e+01 8.0000e-01 3.8771e+01 2.7210e+00 0.0000e+00 8.1000e+00 1.3400e+01 7.0000e-01 4.8177e+01 2.8040e+00 0.0000e+00 7.9000e+00 1.2700e+01 6.0000e-01 4.9548e+01 2.6700e+00 0.0000e+00 7.8000e+00 1.2100e+01 1.2000e+00 3.2389e+01 2.2200e+00 3.0000e-03 8.2000e+00 1.1500e+01 1.2000e+00 2.5589e+01
2.5380e+00 1.0000e-02 7.9000e+00 1.3300e+01 2.0000e-01 2.8411e+01 2.8940e+00 7.0000e-03 7.9000e+00 1.3700e+01 1.5000e+00 2.5589e+01 2.8630e+00 1.2000e-02 8.1000e+00 1.1700e+01 7.0000e-01 3.5211e+01 2.8710e+00 0.0000e+00 7.8000e+00 1.2000e+01 5.0000e-01 3.0600e+01 4.4400e+00 5.1000e-02 7.8000e+00 1.0400e+01 1.9000e+00 4.9548e+01
