2.7520e+00 7.7000e-02 8.1000e+00 1.8400e+01 1.4000e+00 4.0344e+01 2.6640e+00 2.4000e-02 8.9000e+00 1.3600e+01 1.0000e+00 4.1699e+01 2.4340e+00 5.0000e-03 8.7000e+00 1.1600e+01 8.0000e-01 3.5805e+01 2.6590e+00 1.0000e-02 8.1000e+00 1.4800e+01 8.0000e-01 4.1377e+01 2.7500e+00 1.0000e-02 9.2000e+00 1.1900e+01 8.0000e-01 4.2312e+01
2.2160e+00 0.0000e+00 8.2000e+00 1.4300e+01 1.2000e+00 5.3760e+01 2.7200e+00 3.8000e-02 8.6000e+00 1.4900e+01 1.7000e+00 5.7676e+01 2.6590e+00 1.0000e-02 8.1000e+00 1.4800e+01 8.0000e-01 4.1377e+01 2.7500e+00 1.0000e-02 9.2000e+00 1.1900e+01 8.0000e-01 4.2312e+01 2.8130e+00 5.0000e-03 9.3000e+00 1.0200e+01 1.3000e+00 3.6366e+01
2.0800e+00 5.0000e-03 8.0000e+00 1.3700e+01 1.9000e+00 4.0344e+01 2.6160e+00 1.9000e-02 7.9000e+00 1.3100e+01 1.4000e+00 4.3951e+01 2.7500e+00 1.0000e-02 9.2000e+00 1.1900e+01 8.0000e-01 4.2312e+01 2.8130e+00 5.0000e-03 9.3000e+00 1.0200e+01 1.3000e+00 3.6366e+01 2.5580e+00 5.0000e-03 8.2000e+00 1.2200e+01 1.0000e+00 5.0999e+01
2.1200e+00 0.0000e+00 8.2000e+00 1.1700e+01 1.3000e+00 4.9548e+01 2.3040e+00 1.0000e-02 8.1000e+00 1.1300e+01 7.0000e-01 4.8810e+01 2.8130e+00 5.0000e-03 9.3000e+00 1.0200e+01 1.3000e+00 3.6366e+01 2.5580e+00 5.0000e-03 8.2000e+00 1.2200e+01 1.0000e+00 5.0999e+01 2.4620e+00 5.0000e-03 9.1000e+00 9.0000e+00 1.0000e+00 4.6583e+01
3.0720e+00 0.0000e+00 8.0000e+00 1.0600e+01 1.0000e+00 2.7101e+01 2.4190e+00 0.0000e+00 8.0000e+00 1.0700e+01 1.1000e+00 4.2312e+01 2.5580e+00 5.0000e-03 8.2000e+00 1.2200e+01 1.0000e+00 5.0999e+01 2.4620e+00 5.0000e-03 9.1000e+00 9.0000e+00 1.0000e+00 4.6583e+01 2.7700e+00 1.0000e-02 8.2000e+00 1.0600e+01 3.0000e-01 4.5571e+01
2.6000e+00 5.0000e-03 8.0000e+00 9.7000e+00 1.5000e+00 2.5589e+01 1.9060e+00 5.0000e-03 8.1000e+00 8.8000e+00 1.4000e+00 4.1045e+01 2.4620e+00 5.0000e-03 9.1000e+00 9.0000e+00 1.0000e+00 4.6583e+01 2.7700e+00 1.0000e-02 8.2000e+00 1.0600e+01 3.0000e-01 4.5571e+01 2.0740e+00 5.0000e-03 7.8000e+00 1.1000e+01 1.0000e+00 3.3901e+01
2.2480e+00 0.0000e+00 8.0000e+00 9.6000e+00 1.2000e+00 4.0701e+01 3.1440e+00 1.0000e-02 8.0000e+00 1.2200e+01 5.0000e-01 4.2312e+01 2.7700e+00 1.0000e-02 8.2000e+00 1.0600e+01 3.0000e-01 4.5571e+01 2.0740e+00 5.0000e-03 7.8000e+00 1.1000e+01 1.0000e+00 3.3901e+01 2.6640e+00 1.4000e-02 7.3000e+00 8.6000e+00 1.0000e-01 4.1377e+01
2.2720e+00 0.0000e+00 7.4000e+00 9.2000e+00 1.5000e+00 8.0116e+00 2.0540e+00 0.0000e+00 8.3000e+00 8.2000e+00 6.0000e-01 4.8962e+01 2.0740e+00 5.0000e-03 7.8000e+00 1.1000e+01 1.0000e+00 3.3901e+01 2.6640e+00 1.4000e-02 7.3000e+00 8.6000e+00 1.0000e-01 4.1377e+01 2.0400e+00 5.0000e-03 8.1000e+00 8.0000e+00 7.0000e-01 1.8789e+01
1.9040e+00 1.4000e-02 8.0000e+00 8.4000e+00 1.2000e+00 3.3901e+01 2.3380e+00 5.0000e-03 8.3000e+00 1.0100e+01 5.0000e-01 4.3435e+01 2.6640e+00 1.4000e-02 7.3000e+00 8.6000e+00 1.0000e-01 4.1377e+01 2.0400e+00 5.0000e-03 8.1000e+00 8.0000e+00 7.0000e-01 1.8789e+01 1.8240e+00 1.4000e-02 8.3000e+00 9.3000e+00 1.0000e+00 3.8335e+01
1.7600e+00 1.0000e-02 8.1000e+00 9.5000e+00 1.2000e+00 4.2011e+01 2.0880e+00 5.0000e-03 8.5000e+00 7.4000e+00 7.0000e-01 4.4909e+01 2.0400e+00 5.0000e-03 8.1000e+00 8.0000e+00 7.0000e-01 1.8789e+01 1.8240e+00 1.4000e-02 8.3000e+00 9.3000e+00 1.0000e+00 3.8335e+01 2.7070e+00 1.4000e-02 8.0000e+00 9.2000e+00 5.0000e-01 5.0101e+01
2.2320e+00 2.2320e+00 8.2000e+00 1.0200e+01 1.2000e+00 3.3901e+01 2.4340e+00 5.0000e-03 8.7000e+00 1.1600e+01 8.0000e-01 3.5805e+01 1.8240e+00 1.4000e-02 8.3000e+00 9.3000e+00 1.0000e+00 3.8335e+01 2.7070e+00 1.4000e-02 8.0000e+00 9.2000e+00 5.0000e-01 5.0101e+01 2.4960e+00 1.0000e-02 8.3000e+00 1.1400e+01 1.5000e+00 3.5211e+01
2.5640e+00 5.0000e-03 8.2000e+00 1.2200e+01 1.6000e+00 3.1535e+01 2.6590e+00 1.0000e-02 8.1000e+00 1.4800e+01 8.0000e-01 4.1377e+01 2.7070e+00 1.4000e-02 8.0000e+00 9.2000e+00 5.0000e-01 5.0101e+01 2.4960e+00 1.0000e-02 8.3000e+00 1.1400e+01 1.5000e+00 3.5211e+01 3.3070e+00 0.0000e+00 7.1000e+00 1.5600e+01 4.0000e-01 4.9548e+01
2.6640e+00 2.4000e-02 8.9000e+00 1.3600e+01 1.0000e+00 4.1699e+01 2.7500e+00 1.0000e-02 9.2000e+00 1.1900e+01 8.0000e-01 4.2312e+01 2.4960e+00 1.0000e-02 8.3000e+00 1.1400e+01 1.5000e+00 3.5211e+01 3.3070e+00 0.0000e+00 7.1000e+00 1.5600e+01 4.0000e-01 4.9548e+01 2.7410e+00 1.4000e-02 6.8000e+00 1.6600e+01 1.3000e+00 5.6419e+01
2.7200e+00 3.8000e-02 8.6000e+00 1.4900e+01 1.7000e+00 5.7676e+01 2.8130e+00 5.0000e-03 9.3000e+00 1.0200e+01 1.3000e+00 3.6366e+01 3.3070e+00 0.0000e+00 7.1000e+00 1.5600e+01 4.0000e-01 4.9548e+01 2.7410e+00 1.4000e-02 6.8000e+00 1.6600e+01 1.3000e+00 5.6419e+01 2.7550e+00 5.0000e-03 6.2000e+00 1.5700e+01 8.0000e-01 4.8499e+01
2.6160e+00 1.9000e-02 7.9000e+00 1.3100e+01 1.4000e+00 4.3951e+01 2.5580e+00 5.0000e-03 8.2000e+00 1.2200e+01 1.0000e+00 5.0999e+01 2.7410e+00 1.4000e-02 6.8000e+00 1.6600e+01 1.3000e+00 5.6419e+01 2.7550e+00 5.0000e-03 6.2000e+00 1.5700e+01 8.0000e-01 4.8499e+01 2.2610e+00 0.0000e+00 7.0000e+00 1.3200e+01 3.0000e-01 4.5135e+01
2.3040e+00 1.0000e-02 8.1000e+00 1.1300e+01 7.0000e-01 4.8810e+01 2.4620e+00 5.0000e-03 9.1000e+00 9.0000e+00 1.0000e+00 4.6583e+01 2.7550e+00 5.0000e-03 6.2000e+00 1.5700e+01 8.0000e-01 4.8499e+01 2.2610e+00 0.0000e+00 7.0000e+00 1.3200e+01 3.0000e-01 4.5135e+01 2.4440e+00 0.0000e+00 7.0000e+00 1.1800e+01 9.0000e-01 4.1699e+01
2.4190e+00 0.0000e+00 8.0000e+00 1.0700e+01 1.1000e+00 4.2312e+01 2.7700e+00 1.0000e-02 8.2000e+00 1.0600e+01 3.0000e-01 4.5571e+01 2.2610e+00 0.0000e+00 7.0000e+00 1.3200e+01 3.0000e-01 4.5135e+01 2.4440e+00 0.0000e+00 7.0000e+00 1.1800e+01 9.0000e-01 4.1699e+01 2.0630e+00 3.0000e-03 7.1000e+00 1.1000e+01 1.1000e+00 3.8771e+01
1.9060e+00 5.0000e-03 8.1000e+00 8.8000e+00 1.4000e+00 4.1045e+01 2.0740e+00 5.0000e-03 7.8000e+00 1.1000e+01 1.0000e+00 3.3901e+01 2.4440e+00 0.0000e+00 7.0000e+00 1.1800e+01 9.0000e-01 4.1699e+01 2.0630e+00 3.0000e-03 7.1000e+00 1.1000e+01 1.1000e+00 3.8771e+01 1.9090e+00 1.7000e-02 7.2000e+00 9.5000e+00 6.0000e-01 4.0701e+01
3.1440e+00 1.0000e-02 8.0000e+00 1.2200e+01 5.0000e-01 4.2312e+01 2.6640e+00 1.4000e-02 7.3000e+00 8.6000e+00 1.0000e-01 4.1377e+01 2.0630e+00 3.0000e-03 7.1000e+00 1.1000e+01 1.1000e+00 3.8771e+01 1.9090e+00 1.7000e-02 7.2000e+00 9.5000e+00 6.0000e-01 4.0701e+01 1.4630e+00 0.0000e+00 7.4000e+00 8.0000e+00 1.0000e-01 6.0560e+01
2.0540e+00 0.0000e+00 8.3000e+00 8.2000e+00 6.0000e-01 4.8962e+01 2.0400e+00 5.0000e-03 8.1000e+00 8.0000e+00 7.0000e-01 1.8789e+01 1.9090e+00 1.7000e-02 7.2000e+00 9.5000e+00 6.0000e-01 4.0701e+01 1.4630e+00 0.0000e+00 7.4000e+00 8.0000e+00 1.0000e-01 6.0560e+01 2.4660e+00 0.0000e+00 7.9000e+00 8.6000e+00 6.0000e-01 3.6366e+01
2.3380e+00 5.0000e-03 8.3000e+00 1.0100e+01 5.0000e-01 4.3435e+01 1.8240e+00 1.4000e-02 8.3000e+00 9.3000e+00 1.0000e+00 3.8335e+01 1.4630e+00 0.0000e+00 7.4000e+00 8.0000e+00 1.0000e-01 6.0560e+01 2.4660e+00 0.0000e+00 7.9000e+00 8.6000e+00 6.0000e-01 3.6366e+01 2.2400e+00 0.0000e+00 7.6000e+00 8.7000e+00 7.0000e-01 5.6059e+01
2.0880e+00 5.0000e-03 8.5000e+00 7.4000e+00 7.0000e-01 4.4909e+01 2.7070e+00 1.4000e-02 8.0000e+00 9.2000e+00 5.0000e-01 5.0101e+01 2.4660e+00 0.0000e+00 7.9000e+00 8.6000e+00 6.0000e-01 3.6366e+01 2.2400e+00 0.0000e+00 7.6000e+00 8.7000e+00 7.0000e-01 5.6059e+01 1.8880e+00 4.0000e-03 8.3000e+00 9.5000e+00 1.0000e-01 4.8012e+01
2.4340e+00 5.0000e-03 8.7000e+00 1.1600e+01 8.0000e-01 3.5805e+01 2.4960e+00 1.0000e-02 8.3000e+00 1.1400e+01 1.5000e+00 3.5211e+01 2.2400e+00 0.0000e+00 7.6000e+00 8.7000e+00 7.0000e-01 5.6059e+01 1.8880e+00 4.0000e-03 8.3000e+00 9.5000e+00 1.0000e-01 4.8012e+01 2.1420e+00 4.0000e-03 8.1000e+00 1.0500e+01 5.0000e-01 3.3901e+01
2.6590e+00 1.0000e-02 8.1000e+00 1.4800e+01 8.0000e-01 4.1377e+01 3.3070e+00 0.0000e+00 7.1000e+00 1.5600e+01 4.0000e-01 4.9548e+01 1.8880e+00 4.0000e-03 8.3000e+00 9.5000e+00 1.0000e-01 4.8012e+01 2.1420e+00 4.0000e-03 8.1000e+00 1.0500e+01 5.0000e-01 3.3901e+01 2.5750e+00 0.0000e+00 7.9000e+00 1.2900e+01 7.0000e-01 4.5135e+01
2.7500e+00 1.0000e-02 9.2000e+00 1.1900e+01 8.0000e-01 4.2312e+01 2.7410e+00 1.4000e-02 6.8000e+00 1.6600e+01 1.3000e+00 5.6419e+01 2.1420e+00 4.0000e-03 8.1000e+00 1.0500e+01 5.0000e-01 3.3901e+01 2.5750e+00 0.0000e+00 7.9000e+00 1.2900e+01 7.0000e-01 4.5135e+01 2.5890e+00 0.0000e+00 7.9000e+00 1.4000e+01 6.0000e-01 3.5805e+01
2.8130e+00 5.0000e-03 9.3000e+00 1.0200e+01 1.3000e+00 3.6366e+01 2.7550e+00 5.0000e-03 6.2000e+00 1.5700e+01 8.0000e-01 4.8499e+01 2.5750e+00 0.0000e+00 7.9000e+00 1.2900e+01 7.0000e-01 4.5135e+01 2.5890e+00 0.0000e+00 7.9000e+00 1.4000e+01 6.0000e-01 3.5805e+01 2.7020e+00 0.0000e+00 8.1000e+00 1.3600e+01 1.0000e+00 3.0600e+01
2.5580e+00 5.0000e-03 8.2000e+00 1.2200e+01 1.0000e+00 5.0999e+01 2.2610e+00 0.0000e+00 7.0000e+00 1.3200e+01 3.0000e-01 4.5135e+01 2.5890e+00 0.0000e+00 7.9000e+00 1.4000e+01 6.0000e-01 3.5805e+01 2.7020e+00 0.0000e+00 8.1000e+00 1.3600e+01 1.0000e+00 3.0600e+01 2.2810e+00 0.0000e+00 8.1000e+00 1.3100e+01 4.0000e-01 4.0701e+01
2.4620e+00 5.0000e-03 9.1000e+00 9.0000e+00 1.0000e+00 4.6583e+01 2.4440e+00 0.0000e+00 7.0000e+00 1.1800e+01 9.0000e-01 4.1699e+01 2.7020e+00 0.0000e+00 8.1000e+00 1.3600e+01 1.0000e+00 3.0600e+01 2.2810e+00 0.0000e+00 8.1000e+00 1.3100e+01 4.0000e-01 4.0701e+01 2.2130e+00 0.0000e+00 7.8000e+00 1.1000e+01 4.0000e-01 4.6190e+01
2.7700e+00 1.0000e-02 8.2000e+00 1.0600e+01 3.0000e-01 4.5571e+01 2.0630e+00 3.0000e-03 7.1000e+00 1.1000e+01 1.1000e+00 3.8771e+01 2.2810e+00 0.0000e+00 8.1000e+00 1.3100e+01 4.0000e-01 4.0701e+01 2.2130e+00 0.0000e+00 7.8000e+00 1.1000e+01 4.0000e-01 4.6190e+01 2.2030e+00 3.0000e-03 7.9000e+00 9.3000e+00 2.0000e-01 3.6366e+01
2.0740e+00 5.0000e-03 7.8000e+00 1.1000e+01 1.0000e+00 3.3901e+01 1.9090e+00 1.7000e-02 7.2000e+00 9.5000e+00 6.0000e-01 4.0701e+01 2.2130e+00 0.0000e+00 7.8000e+00 1.1000e+01 4.0000e-01 4.6190e+01 2.2030e+00 3.0000e-03 7.9000e+00 9.3000e+00 2.0000e-01 3.6366e+01 1.5180e+00 0.0000e+00 8.5000e+00 8.7000e+00 1.0000e-01 4.6583e+01
2.6640e+00 1.4000e-02 7.3000e+00 8.6000e+00 1.0000e-01 4.1377e+01 1.4630e+00 0.0000e+00 7.4000e+00 8.0000e+00 1.0000e-01 6.0560e+01 2.2030e+00 3.0000e-03 7.9000e+00 9.3000e+00 2.0000e-01 3.6366e+01 1.5180e+00 0.0000e+00 8.5000e+00 8.7000e+00 1.0000e-01 4.6583e+01 1.5380e+00 1.6000e-02 7.8000e+00 8.4000e+00 1.0000e-01 4.8012e+01
2.0400e+00 5.0000e-03 8.1000e+00 8.0000e+00 7.0000e-01 1.8789e+01 2.4660e+00 0.0000e+00 7.9000e+00 8.6000e+00 6.0000e-01 3.6366e+01 1.5180e+00 0.0000e+00 8.5000e+00 8.7000e+00 1.0000e-01 4.6583e+01 1.5380e+00 1.6000e-02 7.8000e+00 8.4000e+00 1.0000e-01 4.8012e+01 2.2410e+00 1.0000e-02 7.5000e+00 8.3000e+00 1.0000e-01 4.5988e+01
1.8240e+00 1.4000e-02 8.3000e+00 9.3000e+00 1.0000e+00 3.8335e+01 2.2400e+00 0.0000e+00 7.6000e+00 8.7000e+00 7.0000e-01 5.6059e+01 1.5380e+00 1.6000e-02 7.8000e+00 8.4000e+00 1.0000e-01 4.8012e+01 2.2410e+00 1.0000e-02 7.5000e+00 8.3000e+00 1.0000e-01 4.5988e+01 1.7230e+00 1.2000e-02 7.8000e+00 8.4000e+00 5.0000e-01 5.1360e+01
2.7070e+00 1.4000e-02 8.0000e+00 9.2000e+00 5.0000e-01 5.0101e+01 1.8880e+00 4.0000e-03 8.3000e+00 9.5000e+00 1.0000e-01 4.8012e+01 2.2410e+00 1.0000e-02 7.5000e+00 8.3000e+00 1.0000e-01 4.5988e+01 1.7230e+00 1.2000e-02 7.8000e+00 8.4000e+00 5.0000e-01 5.1360e+01 1.4090e+00 4.0000e-03 7.5000e+00 9.6000e+00 2.0000e-01 3.9974e+01
2.4960e+00 1.0000e-02 8.3000e+00 1.1400e+01 1.5000e+00 3.5211e+01 2.1420e+00 4.0000e-03 8.1000e+00 1.0500e+01 5.0000e-01 3.3901e+01 1.7230e+00 1.2000e-02 7.8000e+00 8.4000e+00 5.0000e-01 5.1360e+01 1.4090e+00 4.0000e-03 7.5000e+00 9.6000e+00 2.0000e-01 3.9974e+01 1.5590e+00 1.0000e-02 7.6000e+00 9.2000e+00 1.0000e+00 3.9589e+01
3.3070e+00 0.0000e+00 7.1000e+00 1.5600e+01 4.0000e-01 4.9548e+01 2.5750e+00 0.0000e+00 7.9000e+00 1.2900e+01 7.0000e-01 4.5135e+01 1.4090e+00 4.0000e-03 7.5000e+00 9.6000e+00 2.0000e-01 3.9974e+01 1.5590e+00 1.0000e-02 7.6000e+00 9.2000e+00 1.0000e+00 3.9589e+01 2.5500e+00 7.0000e-03 8.2000e+00 1.2900e+01 6.0000e-01 4.9548e+01
2.7410e+00 1.4000e-02 6.8000e+00 1.6600e+01 1.3000e+00 5.6419e+01 2.5890e+00 0.0000e+00 7.9000e+00 1.4000e+01 6.0000e-01 3.5805e+01 1.5590e+00 1.0000e-02 7.6000e+00 9.2000e+00 1.0000e+00 3.9589e+01 2.5500e+00 7.0000e-03 8.2000e+00 1.2900e+01 6.0000e-01 4.9548e+01 2.9040e+00 4.0000e-03 7.8000e+00 1.3500e+01 1.2000e+00 3.8335e+01
2.7550e+00 5.0000e-03 6.2000e+00 1.5700e+01 8.0000e-01 4.8499e+01 2.7020e+00 0.0000e+00 8.1000e+00 1.3600e+01 1.0000e+00 3.0600e+01 2.5500e+00 7.0000e-03 8.2000e+00 1.2900e+01 6.0000e-01 4.9548e+01 2.9040e+00 4.0000e-03 7.8000e+00 1.3500e+01 1.2000e+00 3.8335e+01 3.8140e+00 7.0000e-03 7.6000e+00 1.3500e+01 8.0000e-01 2.5589e+01
2.2610e+00 0.0000e+00 7.0000e+00 1.3200e+01 3.0000e-01 4.5135e+01 2.2810e+00 0.0000e+00 8.1000e+00 1.3100e+01 4.0000e-01 4.0701e+01 2.9040e+00 4.0000e-03 7.8000e+00 1.3500e+01 1.2000e+00 3.8335e+01 3.8140e+00 7.0000e-03 7.6000e+00 1.3500e+01 8.0000e-01 2.5589e+01 3.1850e+00 8.0000e-03 8.1000e+00 1.2800e+01 1.3000e+00 4.9548e+01
2.4440e+00 0.0000e+00 7.0000e+00 1.1800e+01 9.0000e-01 4.1699e+01 2.2130e+00 0.0000e+00 7.8000e+00 1.1000e+01 4.0000e-01 4.6190e+01 3.8140e+00 7.0000e-03 7.6000e+00 1.3500e+01 8.0000e-01 2.5589e+01 3.1850e+00 8.0000e-03 8.1000e+00 1.2800e+01 1.3000e+00 4.9548e+01 2.6000e+00 4.0000e-03 7.9000e+00 1.1200e+01 6.0000e-01 4.2011e+01
2.0630e+00 3.0000e-03 7.1000e+00 1.1000e+01 1.1000e+00 3.8771e+01 2.2030e+00 3.0000e-03 7.9000e+00 9.3000e+00 2.0000e-01 3.6366e+01 3.1850e+00 8.0000e-03 8.1000e+00 1.2800e+01 1.3000e+00 4.9548e+01 2.6000e+00 4.0000e-03 7.9000e+00 1.1200e+01 6.0000e-01 4.2011e+01 2.1080e+00 1.4000e-02 8.1000e+00 1.0600e+01 3.0000e-01 4.1699e+01
1.9090e+00 1.7000e-02 7.2000e+00 9.5000e+00 6.0000e-01 4.0701e+01 1.5180e+00 0.0000e+00 8.5000e+00 8.7000e+00 1.0000e-01 4.6583e+01 2.6000e+00 4.0000e-03 7.9000e+00 1.1200e+01 6.0000e-01 4.2011e+01 2.1080e+00 1.4000e-02 8.1000e+00 1.0600e+01 3.0000e-01 4.1699e+01 1.5110e+00 3.0000e-03 7.7000e+00 9.2000e+00 1.0000e-01 1.8789e+01
1.4630e+00 0.0000e+00 7.4000e+00 8.0000e+00 1.0000e-01 6.0560e+01 1.5380e+00 1.6000e-02 7.8000e+00 8.4000e+00 1.0000e-01 4.8012e+01 2.1080e+00 1.4000e-02 8.1000e+00 1.0600e+01 3.0000e-01 4.1699e+01 1.5110e+00 3.0000e-03 7.7000e+00 9.2000e+00 1.0000e-01 1.8789e+01 2.6960e+00 9.0000e-03 7.6000e+00 9.8000e+00 2.0000e-01 1.8789e+01
2.4660e+00 0.0000e+00 7.9000e+00 8.6000e+00 6.0000e-01 3.6366e+01 2.2410e+00 1.0000e-02 7.5000e+00 8.3000e+00 1.0000e-01 4.5988e+01 1.5110e+00 3.0000e-03 7.7000e+00 9.2000e+00 1.0000e-01 1.8789e+01 2.6960e+00 9.0000e-03 7.6000e+00 9.8000e+00 2.0000e-01 1.8789e+01 1.8860e+00 2.2000e-02 7.5000e+00 9.0000e+00 2.0000e-01 2.8411e+01
2.2400e+00 0.0000e+00 7.6000e+00 8.7000e+00 7.0000e-01 5.6059e+01 1.7230e+00 1.2000e-02 7.8000e+00 8.4000e+00 5.0000e-01 5.1360e+01 2.6960e+00 9.0000e-03 7.6000e+00 9.8000e+00 2.0000e-01 1.8789e+01 1.8860e+00 2.2000e-02 7.5000e+00 9.0000e+00 2.0000e-01 2.8411e+01 1.6930e+00 3.0000e-03 7.8000e+00 1.0300e+01 2.0000e-01 4.4909e+01
1.8880e+00 4.0000e-03 8.3000e+00 9.5000e+00 1.0000e-01 4.8012e+01 1.4090e+00 4.0000e-03 7.5000e+00 9.6000e+00 2.0000e-01 3.9974e+01 1.8860e+00 2.2000e-02 7.5000e+00 9.0000e+00 2.0000e-01 2.8411e+01 1.6930e+00 3.0000e-03 7.8000e+00 1.0300e+01 2.0000e-01 4.4909e+01 1.3600e+00 1.4000e-02 7.8000e+00 8.0000e+00 0.0000e+00 3.3901e+01
2.1420e+00 4.0000e-03 8.1000e+00 1.0500e+01 5.0000e-01 3.3901e+01 1.5590e+00 1.0000e-02 7.6000e+00 9.2000e+00 1.0000e+00 3.9589e+01 1.6930e+00 3.0000e-03 7.8000e+00 1.0300e+01 2.0000e-01 4.4909e+01 1.3600e+00 1.4000e-02 7.8000e+00 8.0000e+00 0.0000e+00 3.3901e+01 2.0340e+00 2.2000e-02 8.0000e+00 1.0200e+01 5.0000e-01 3.2389e+01
2.5750e+00 0.0000e+00 7.9000e+00 1.2900e+01 7.0000e-01 4.5135e+01 2.5500e+00 7.0000e-03 8.2000e+00 1.2900e+01 6.0000e-01 4.9548e+01 1.3600e+00 1.4000e-02 7.8000e+00 8.0000e+00 0.0000e+00 3.3901e+01 2.0340e+00 2.2000e-02 8.0000e+00 1.0200e+01 5.0000e-01 3.2389e+01 2.1510e+00 9.0000e-03 8.2000e+00 1.2600e+01 7.0000e-01 4.1045e+01
2.5890e+00 0.0000e+00 7.9000e+00 1.4000e+01 6.0000e-01 3.5805e+01 2.9040e+00 4.0000e-03 7.8000e+00 1.3500e+01 1.2000e+00 3.8335e+01 2.0340e+00 2.2000e-02 8.0000e+00 1.0200e+01 5.0000e-01 3.2389e+01 2.1510e+00 9.0000e-03 8.2000e+00 1.2600e+01 7.0000e-01 4.1045e+01 2.2680e+00 1.0000e-02 8.0000e+00 1.2800e+01 3.0000e-01 2.5589e+01
2.7020e+00 0.0000e+00 8.1000e+00 1.3600e+01 1.0000e+00 3.0600e+01 3.8140e+00 7.0000e-03 7.6000e+00 1.3500e+01 8.0000e-01 2.5589e+01 2.1510e+00 9.0000e-03 8.2000e+00 1.2600e+01 7.0000e-01 4.1045e+01 2.2680e+00 1.0000e-02 8.0000e+00 1.2800e+01 3.0000e-01 2.5589e+01 2.5550e+00 3.0000e-03 7.0000e+00 1.3700e+01 1.3000e+00 3.8771e+01
2.2810e+00 0.0000e+00 8.1000e+00 1.3100e+01 4.0000e-01 4.0701e+01 3.1850e+00 8.0000e-03 8.1000e+00 1.2800e+01 1.3000e+00 4.9548e+01 2.2680e+00 1.0000e-02 8.0000e+00 1.2800e+01 3.0000e-01 2.5589e+01 2.5550e+00 3.0000e-03 7.0000e+00 1.3700e+01 1.3000e+00 3.8771e+01 2.6440e+00 0.0000e+00 7.6000e+00 1.2400e+01 1.3000e+00 4.3435e+01
2.2130e+00 0.0000e+00 7.8000e+00 1.1000e+01 4.0000e-01 4.6190e+01 2.6000e+00 4.0000e-03 7.9000e+00 1.1200e+01 6.0000e-01 4.2011e+01 2.5550e+00 3.0000e-03 7.0000e+00 1.3700e+01 1.3000e+00 3.8771e+01 2.6440e+00 0.0000e+00 7.6000e+00 1.2400e+01 1.3000e+00 4.3435e+01 1.9390e+00 6.0000e-03 6.8000e+00 1.0900e+01 1.0000e-01 4.1377e+01
2.2030e+00 3.0000e-03 7.9000e+00 9.3000e+00 2.0000e-01 3.6366e+01 2.1080e+00 1.4000e-02 8.1000e+00 1.0600e+01 3.0000e-01 4.1699e+01 2.6440e+00 0.0000e+00 7.6000e+00 1.2400e+01 1.3000e+00 4.3435e+01 1.9390e+00 6.0000e-03 6.8000e+00 1.0900e+01 1.0000e-01 4.1377e+01 1.9340e+00 3.0000e-03 7.3000e+00 9.6000e+00 1.0000e-01 2.1611e+01
1.5180e+00 0.0000e+00 8.5000e+00 8.7000e+00 1.0000e-01 4.6583e+01 1.5110e+00 3.0000e-03 7.7000e+00 9.2000e+00 1.0000e-01 1.8789e+01 1.9390e+00 6.0000e-03 6.8000e+00 1.0900e+01 1.0000e-01 4.1377e+01 1.9340e+00 3.0000e-03 7.3000e+00 9.6000e+00 1.0000e-01 2.1611e+01 1.4290e+00 6.0000e-03 7.7000e+00 9.3000e+00 1.0000e-01 1.8789e+01
1.5380e+00 1.6000e-02 7.8000e+00 8.4000e+00 1.0000e-01 4.8012e+01 2.6960e+00 9.0000e-03 7.6000e+00 9.8000e+00 2.0000e-01 1.8789e+01 1.9340e+00 3.0000e-03 7.3000e+00 9.6000e+00 1.0000e-01 2.1611e+01 1.4290e+00 6.0000e-03 7.7000e+00 9.3000e+00 1.0000e-01 1.8789e+01 2.2060e+00 4.0000e-03 7.5000e+00 8.9000e+00 1.0000e-01 1.8789e+01
2.2410e+00 1.0000e-02 7.5000e+00 8.3000e+00 1.0000e-01 4.5988e+01 1.8860e+00 2.2000e-02 7.5000e+00 9.0000e+00 2.0000e-01 2.8411e+01 1.4290e+00 6.0000e-03 7.7000e+00 9.3000e+00 1.0000e-01 1.8789e+01 2.2060e+00 4.0000e-03 7.5000e+00 8.9000e+00 1.0000e-01 1.8789e+01 2.2070e+00 0.0000e+00 7.4000e+00 8.9000e+00 0.0000e+00 1.4811e+01
1.7230e+00 1.2000e-02 7.8000e+00 8.4000e+00 5.0000e-01 5.1360e+01 1.6930e+00 3.0000e-03 7.8000e+00 1.0300e+01 2.0000e-01 4.4909e+01 2.2060e+00 4.0000e-03 7.5000e+00 8.9000e+00 1.0000e-01 1.8789e+01 2.2070e+00 0.0000e+00 7.4000e+00 8.9000e+00 0.0000e+00 1.4811e+01 2.1660e+00 7.0000e-03 7.6000e+00 9.1000e+00 5.0000e-01 3.1535e+01
1.4090e+00 4.0000e-03 7.5000e+00 9.6000e+00 2.0000e-01 3.9974e+01 1.3600e+00 1.4000e-02 7.8000e+00 8.0000e+00 0.0000e+00 3.3901e+01 2.2070e+00 0.0000e+00 7.4000e+00 8.9000e+00 0.0000e+00 1.4811e+01 2.1660e+00 7.0000e-03 7.6000e+00 9.1000e+00 5.0000e-01 3.1535e+01 2.0070e+00 0.0000e+00 7.6000e+00 9.5000e+00 2.0000e-01 3.0600e+01
1.5590e+00 1.0000e-02 7.6000e+00 9.2000e+00 1.0000e+00 3.9589e+01 2.0340e+00 2.2000e-02 8.0000e+00 1.0200e+01 5.0000e-01 3.2389e+01 2.1660e+00 7.0000e-03 7.6000e+00 9.1000e+00 5.0000e-01 3.1535e+01 2.0070e+00 0.0000e+00 7.6000e+00 9.5000e+00 2.0000e-01 3.0600e+01 2.0850e+00 0.0000e+00 8.0000e+00 1.0200e+01 2.3000e+00 2.1611e+01
2.5500e+00 7.0000e-03 8.2000e+00 1.2900e+01 6.0000e-01 4.9548e+01 2.1510e+00 9.0000e-03 8.2000e+00 1.2600e+01 7.0000e-01 4.1045e+01 2.0070e+00 0.0000e+00 7.6000e+00 9.5000e+00 2.0000e-01 3.0600e+01 2.0850e+00 0.0000e+00 8.0000e+00 1.0200e+01 2.3000e+00 2.1611e+01 2.2980e+00 1.4000e-02 7.7000e+00 1.4900e+01 1.1000e+00 3.3901e+01
2.9040e+00 4.0000e-03 7.8000e+00 1.3500e+01 1.2000e+00 3.8335e+01 2.2680e+00 1.0000e-02 8.0000e+00 1.2800e+01 3.0000e-01 2.5589e+01 2.0850e+00 0.0000e+00 8.0000e+00 1.0200e+01 2.3000e+00 2.1611e+01 2.2980e+00 1.4000e-02 7.7000e+00 1.4900e+01 1.1000e+00 3.3901e+01 2.7600e+00 7.0000e-03 7.8000e+00 1.3400e+01 1.4000e+00 2.5589e+01
3.8140e+00 7.0000e-03 7.6000e+00 1.3500e+01 8.0000e-01 2.5589e+01 2.5550e+00 3.0000e-03 7.0000e+00 1.3700e+01 1.3000e+00 3.8771e+01 2.2980e+00 1.4000e-02 7.7000e+00 1.4900e+01 1.1000e+00 3.3901e+01 2.7600e+00 7.0000e-03 7.8000e+00 1.3400e+01 1.4000e+00 2.5589e+01 2.5350e+00 3.0000e-03 7.8000e+00 1.3600e+01 2.0000e+00 3.4578e+01
3.1850e+00 8.0000e-03 8.1000e+00 1.2800e+01 1.3000e+00 4.9548e+01 2.6440e+00 0.0000e+00 7.6000e+00 1.2400e+01 1.3000e+00 4.3435e+01 2.7600e+00 7.0000e-03 7.8000e+00 1.3400e+01 1.4000e+00 2.5589e+01 2.5350e+00 3.0000e-03 7.8000e+00 1.3600e+01 2.0000e+00 3.4578e+01 2.1010e+00 0.0000e+00 8.1000e+00 1.3200e+01 1.2000e+00 3.5211e+01
2.6000e+00 4.0000e-03 7.9000e+00 1.1200e+01 6.0000e-01 4.2011e+01 1.9390e+00 6.0000e-03 6.8000e+00 1.0900e+01 1.0000e-01 4.1377e+01 2.5350e+00 3.0000e-03 7.8000e+00 1.3600e+01 2.0000e+00 3.4578e+01 2.1010e+00 0.0000e+00 8.1000e+00 1.3200e+01 1.2000e+00 3.5211e+01 2.4060e+00 5.0000e-03 7.8000e+00 1.1000e+01 7.0000e-01 3.6366e+01
2.1080e+00 1.4000e-02 8.1000e+00 1.0600e+01 3.0000e-01 4.1699e+01 1.9340e+00 3.0000e-03 7.3000e+00 9.6000e+00 1.0000e-01 2.1611e+01 2.1010e+00 0.0000e+00 8.1000e+00 1.3200e+01 1.2000e+00 3.5211e+01 2.4060e+00 5.0000e-03 7.8000e+00 1.1000e+01 7.0000e-01 3.6366e+01 2.4040e+00 4.0000e-03 7.6000e+00 1.0900e+01 2.0000e-01 3.3174e+01
1.5110e+00 3.0000e-03 7.7000e+00 9.2000e+00 1.0000e-01 1.8789e+01 1.4290e+00 6.0000e-03 7.7000e+00 9.3000e+00 1.0000e-01 1.8789e+01 2.4060e+00 5.0000e-03 7.8000e+00 1.1000e+01 7.0000e-01 3.6366e+01 2.4040e+00 4.0000e-03 7.6000e+00 1.0900e+01 2.0000e-01 3.3174e+01 2.1270e+00 8.0000e-03 8.1000e+00 9.3000e+00 8.0000e-01 3.2389e+01
2.6960e+00 9.0000e-03 7.6000e+00 9.8000e+00 2.0000e-01 1.8789e+01 2.2060e+00 4.0000e-03 7.5000e+00 8.9000e+00 1.0000e-01 1.8789e+01 2.4040e+00 4.0000e-03 7.6000e+00 1.0900e+01 2.0000e-01 3.3174e+01 2.1270e+00 8.0000e-03 8.1000e+00 9.3000e+00 8.0000e-01 3.2389e+01 2.5810e+00 7.0000e-03 7.4000e+00 8.8000e+00 1.0000e-01 2.3800e+01
1.8860e+00 2.2000e-02 7.5000e+00 9.0000e+00 2.0000e-01 2.8411e+01 2.2070e+00 0.0000e+00 7.4000e+00 8.9000e+00 0.0000e+00 1.4811e+01 2.1270e+00 8.0000e-03 8.1000e+00 9.3000e+00 8.0000e-01 3.2389e+01 2.5810e+00 7.0000e-03 7.4000e+00 8.8000e+00 1.0000e-01 2.3800e+01 1.7880e+00 1.0000e-02 7.8000e+00 7.9000e+00 1.0000e-01 3.8771e+01
1.6930e+00 3.0000e-03 7.8000e+00 1.0300e+01 2.0000e-01 4.4909e+01 2.1660e+00 7.0000e-03 7.6000e+00 9.1000e+00 5.0000e-01 3.1535e+01 2.5810e+00 7.0000e-03 7.4000e+00 8.8000e+00 1.0000e-01 2.3800e+01 1.7880e+00 1.0000e-02 7.8000e+00 7.9000e+00 1.0000e-01 3.8771e+01 2.6170e+00 7.0000e-03 7.5000e+00 8.9000e+00 1.0000e-01 4.9548e+01
1.3600e+00 1.4000e-02 7.8000e+00 8.0000e+00 0.0000e+00 3.3901e+01 2.0070e+00 0.0000e+00 7.6000e+00 9.5000e+00 2.0000e-01 3.0600e+01 1.7880e+00 1.0000e-02 7.8000e+00 7.9000e+00 1.0000e-01 3.8771e+01 2.6170e+00 7.0000e-03 7.5000e+00 8.9000e+00 1.0000e-01 4.9548e+01 2.3860e+00 7.0000e-03 7.5000e+00 9.7000e+00 5.0000e-01 2.9566e+01
2.0340e+00 2.2000e-02 8.0000e+00 1.0200e+01 5.0000e-01 3.2389e+01 2.0850e+00 0.0000e+00 8.0000e+00 1.0200e+01 2.3000e+00 2.1611e+01 2.6170e+00 7.0000e-03 7.5000e+00 8.9000e+00 1.0000e-01 4.9548e+01 2.3860e+00 7.0000e-03 7.5000e+00 9.7000e+00 5.0000e-01 2.9566e+01 2.6580e+00 1.1000e-02 7.9000e+00 1.0600e+01 4.0000e-01 3.2389e+01
2.1510e+00 9.0000e-03 8.2000e+00 1.2600e+01 7.0000e-01 4.1045e+01 2.2980e+00 1.4000e-02 7.7000e+00 1.4900e+01 1.1000e+00 3.3901e+01 2.3860e+00 7.0000e-03 7.5000e+00 9.7000e+00 5.0000e-01 2.9566e+01 2.6580e+00 1.1000e-02 7.9000e+00 1.0600e+01 4.0000e-01 3.2389e+01 2.4700e+00 0.0000e+00 7.6000e+00 1.1900e+01 4.0000e-01 2.8411e+01
2.5550e+00 3.0000e-03 7.0000e+00 1.3700e+01 1.3000e+00 3.8771e+01 2.5350e+00 3.0000e-03 7.8000e+00 1.3600e+01 2.0000e+00 3.4578e+01 2.4700e+00 0.0000e+00 7.6000e+00 1.1900e+01 4.0000e-01 2.8411e+01 4.4400e+00 5.1000e-02 7.8000e+00 1.0400e+01 1.9000e+00 4.9548e+01 2.7450e+00 5.0000e-03 7.7000e+00 1.3600e+01 1.0000e-01 3.3901e+01
2.6440e+00 0.0000e+00 7.6000e+00 1.2400e+01 1.3000e+00 4.3435e+01 2.1010e+00 0.0000e+00 8.1000e+00 1.3200e+01 1.2000e+00 3.5211e+01 4.4400e+00 5.1000e-02 7.8000e+00 1.0400e+01 1.9000e+00 4.9548e+01 2.7450e+00 5.0000e-03 7.7000e+00 1.3600e+01 1.0000e-01 3.3901e+01 2.7850e+00 5.0000e-03 8.2000e+00 1.3400e+01 1.6000e+00 4.0701e+01
1.9390e+00 6.0000e-03 6.8000e+00 1.0900e+01 1.0000e-01 4.1377e+01 2.4060e+00 5.0000e-03 7.8000e+00 1.1000e+01 7.0000e-01 3.6366e+01 2.7450e+00 5.0000e-03 7.7000e+00 1.3600e+01 1.0000e-01 3.3901e+01 2.7850e+00 5.0000e-03 8.2000e+00 1.3400e+01 1.6000e+00 4.0701e+01 2.5230e+00 0.0000e+00 7.8000e+00 1.2700e+01 9.0000e-01 3.8771e+01
1.9340e+00 3.0000e-03 7.3000e+00 9.6000e+00 1.0000e-01 2.1611e+01 2.4040e+00 4.0000e-03 7.6000e+00 1.0900e+01 2.0000e-01 3.3174e+01 2.7850e+00 5.0000e-03 8.2000e+00 1.3400e+01 1.6000e+00 4.0701e+01 2.5230e+00 0.0000e+00 7.8000e+00 1.2700e+01 9.0000e-01 3.8771e+01 2.1200e+00 5.0000e-03 7.7000e+00 1.0100e+01 4.0000e-01 3.6366e+01
1.4290e+00 6.0000e-03 7.7000e+00 9.3000e+00 1.0000e-01 1.8789e+01 2.1270e+00 8.0000e-03 8.1000e+00 9.3000e+00 8.0000e-01 3.2389e+01 2.5230e+00 0.0000e+00 7.8000e+00 1.2700e+01 9.0000e-01 3.8771e+01 2.1200e+00 5.0000e-03 7.7000e+00 1.0100e+01 4.0000e-01 3.6366e+01 1.4200e+00 6.0000e-03 7.6000e+00 9.2000e+00 3.0000e-01 2.3800e+01
2.2060e+00 4.0000e-03 7.5000e+00 8.9000e+00 1.0000e-01 1.8789e+01 2.5810e+00 7.0000e-03 7.4000e+00 8.8000e+00 1.0000e-01 2.3800e+01 2.1200e+00 5.0000e-03 7.7000e+00 1.0100e+01 4.0000e-01 3.6366e+01 1.4200e+00 6.0000e-03 7.6000e+00 9.2000e+00 3.0000e-01 2.3800e+01 1.3120e+00 3.0000e-03 7.5000e+00 8.7000e+00 1.0000e-01 3.6366e+01
2.2070e+00 0.0000e+00 7.4000e+00 8.9000e+00 0.0000e+00 1.4811e+01 1.7880e+00 1.0000e-02 7.8000e+00 7.9000e+00 1.0000e-01 3.8771e+01 1.4200e+00 6.0000e-03 7.6000e+00 9.2000e+00 3.0000e-01 2.3800e+01 1.3120e+00 3.0000e-03 7.5000e+00 8.7000e+00 1.0000e-01 3.6366e+01 2.1740e+00 0.0000e+00 7.4000e+00 8.4000e+00 1.0000e-01 3.0600e+01
2.1660e+00 7.0000e-03 7.6000e+00 9.1000e+00 5.0000e-01 3.1535e+01 2.6170e+00 7.0000e-03 7.5000e+00 8.9000e+00 1.0000e-01 4.9548e+01 1.3120e+00 3.0000e-03 7.5000e+00 8.7000e+00 1.0000e-01 3.6366e+01 2.1740e+00 0.0000e+00 7.4000e+00 8.4000e+00 1.0000e-01 3.0600e+01 1.5830e+00 4.0000e-03 7.5000e+00 8.4000e+00 3.0000e-01 2.5589e+01
2.0070e+00 0.0000e+00 7.6000e+00 9.5000e+00 2.0000e-01 3.0600e+01 2.3860e+00 7.0000e-03 7.5000e+00 9.7000e+00 5.0000e-01 2.9566e+01 2.1740e+00 0.0000e+00 7.4000e+00 8.4000e+00 1.0000e-01 3.0600e+01 1.5830e+00 4.0000e-03 7.5000e+00 8.4000e+00 3.0000e-01 2.5589e+01 2.2800e+00 3.0000e-03 7.4000e+00 9.2000e+00 3.0000e-01 4.9548e+01
2.0850e+00 0.0000e+00 8.0000e+00 1.0200e+01 2.3000e+00 2.1611e+01 2.6580e+00 1.1000e-02 7.9000e+00 1.0600e+01 4.0000e-01 3.2389e+01 1.5830e+00 4.0000e-03 7.5000e+00 8.4000e+00 3.0000e-01 2.5589e+01 2.2800e+00 3.0000e-03 7.4000e+00 9.2000e+00 3.0000e-01 4.9548e+01 2.0190e+00 3.0000e-03 7.5000e+00 9.9000e+00 1.0000e-01 1.4811e+01
2.2980e+00 1.4000e-02 7.7000e+00 1.4900e+01 1.1000e+00 3.3901e+01 2.4700e+00 0.0000e+00 7.6000e+00 1.1900e+01 4.0000e-01 2.8411e+01 2.2800e+00 3.0000e-03 7.4000e+00 9.2000e+00 3.0000e-01 4.9548e+01 2.0190e+00 3.0000e-03 7.5000e+00 9.9000e+00 1.0000e-01 1.4811e+01 2.7820e+00 3.0000e-03 7.6000e+00 1.2000e+01 2.0000e-01 1.8789e+01
2.7600e+00 7.0000e-03 7.8000e+00 1.3400e+01 1.4000e+00 2.5589e+01 4.4400e+00 5.1000e-02 7.8000e+00 1.0400e+01 1.9000e+00 4.9548e+01 2.0190e+00 3.0000e-03 7.5000e+00 9.9000e+00 1.0000e-01 1.4811e+01 2.7820e+00 3.0000e-03 7.6000e+00 1.2000e+01 2.0000e-01 1.8789e+01 2.6740e+00 0.0000e+00 7.5000e+00 1.3300e+01 1.1000e+00 2.1611e+01
2.5350e+00 3.0000e-03 7.8000e+00 1.3600e+01 2.0000e+00 3.4578e+01 2.7450e+00 5.0000e-03 7.7000e+00 1.3600e+01 1.0000e-01 3.3901e+01 2.7820e+00 3.0000e-03 7.6000e+00 1.2000e+01 2.0000e-01 1.8789e+01 2.6740e+00 0.0000e+00 7.5000e+00 1.3300e+01 1.1000e+00 2.1611e+01 2.7170e+00 0.0000e+00 7.7000e+00 1.2700e+01 6.0000e-01 4.2011e+01
2.1010e+00 0.0000e+00 8.1000e+00 1.3200e+01 1.2000e+00 3.5211e+01 2.7850e+00 5.0000e-03 8.2000e+00 1.3400e+01 1.6000e+00 4.0701e+01 2.6740e+00 0.0000e+00 7.5000e+00 1.3300e+01 1.1000e+00 2.1611e+01 2.7170e+00 0.0000e+00 7.7000e+00 1.2700e+01 6.0000e-01 4.2011e+01 2.5520e+00 0.0000e+00 7.5000e+00 1.1600e+01 7.0000e-01 3.3174e+01
2.4060e+00 5.0000e-03 7.8000e+00 1.1000e+01 7.0000e-01 3.6366e+01 2.5230e+00 0.0000e+00 7.8000e+00 1.2700e+01 9.0000e-01 3.8771e+01 2.7170e+00 0.0000e+00 7.7000e+00 1.2700e+01 6.0000e-01 4.2011e+01 2.5520e+00 0.0000e+00 7.5000e+00 1.1600e+01 7.0000e-01 3.3174e+01 2.0710e+00 3.0000e-03 7.8000e+00 1.0600e+01 1.0000e+00 3.3174e+01
2.2680e+00 1.0000e-02 8.0000e+00 1.2800e+01 3.0000e-01 2.5589e+01 2.7600e+00 7.0000e-03 7.8000e+00 1.3400e+01 1.4000e+00 2.5589e+01 2.6580e+00 1.1000e-02 7.9000e+00 1.0600e+01 4.0000e-01 3.2389e+01 2.4700e+00 0.0000e+00 7.6000e+00 1.1900e+01 4.0000e-01 2.8411e+01 4.4400e+00 5.1000e-02 7.8000e+00 1.0400e+01 1.9000e+00 4.9548e+01
