2.8200e+00 1.4000e-02 8.3000e+00 1.5200e+01 1.4000e+00 4.9548e+01 3.1280e+00 1.0000e-02 7.8000e+00 1.4800e+01 2.0000e+00 3.6897e+01 2.9040e+00 4.8000e-02 7.9000e+00 1.1100e+01 7.0000e-01 3.3901e+01 3.3940e+00 1.9000e-02 8.8000e+00 1.4000e+01 1.0000e+00 3.2389e+01 3.3650e+00 1.0000e-02 8.4000e+00 1.7700e+01 9.0000e-01 3.8771e+01
2.0040e+00 0.0000e+00 8.4000e+00 1.4400e+01 1.2000e+00 3.3901e+01 2.9120e+00 1.4000e-02 8.1000e+00 1.6100e+01 2.1000e+00 5.3090e+01 3.3940e+00 1.9000e-02 8.8000e+00 1.4000e+01 1.0000e+00 3.2389e+01 3.3650e+00 1.0000e-02 8.4000e+00 1.7700e+01 9.0000e-01 3.8771e+01 3.4560e+00 1.0000e-02 8.1000e+00 1.5000e+01 1.5000e+00 4.4442e+01
2.8320e+00 0.0000e+00 8.4000e+00 1.1100e+01 1.9000e+00 4.9548e+01 3.2160e+00 5.0000e-03 8.4000e+00 1.5300e+01 1.3000e+00 4.8656e+01 3.3650e+00 1.0000e-02 8.4000e+00 1.7700e+01 9.0000e-01 3.8771e+01 3.4560e+00 1.0000e-02 8.1000e+00 1.5000e+01 1.5000e+00 4.4442e+01 2.9710e+00 5.0000e-03 8.4000e+00 1.0600e+01 1.4000e+00 4.6773e+01
2.1120e+00 0.0000e+00 8.5000e+00 1.1200e+01 1.8000e+00 4.9548e+01 2.3100e+00 1.4000e-02 8.0000e+00 1.2500e+01 2.2000e+00 4.7674e+01 3.4560e+00 1.0000e-02 8.1000e+00 1.5000e+01 1.5000e+00 4.4442e+01 2.9710e+00 5.0000e-03 8.4000e+00 1.0600e+01 1.4000e+00 4.6773e+01 2.7310e+00 1.9000e-02 8.4000e+00 9.8000e+00 1.8000e+00 4.8012e+01
2.6040e+00 0.0000e+00 8.4000e+00 8.3000e+00 2.2000e+00 3.6897e+01 2.7550e+00 0.0000e+00 5.1000e+00 1.1200e+01 1.6000e+00 4.5355e+01 2.9710e+00 5.0000e-03 8.4000e+00 1.0600e+01 1.4000e+00 4.6773e+01 2.7310e+00 1.9000e-02 8.4000e+00 9.8000e+00 1.8000e+00 4.8012e+01 2.8560e+00 2.4000e-02 7.9000e+00 1.2000e+01 2.1000e+00 4.9548e+01
2.6640e+00 2.9000e-02 8.4000e+00 6.9000e+00 5.8000e+00 4.9548e+01 2.0500e+00 2.4000e-02 8.1000e+00 8.6000e+00 1.4000e+00 4.4200e+01 2.7310e+00 1.9000e-02 8.4000e+00 9.8000e+00 1.8000e+00 4.8012e+01 2.8560e+00 2.4000e-02 7.9000e+00 1.2000e+01 2.1000e+00 4.9548e+01 2.1790e+00 2.9000e-02 7.6000e+00 7.2000e+00 1.0000e+00 3.7400e+01
2.6800e+00 0.0000e+00 7.8000e+00 8.0000e+00 1.8000e+00 4.6960e+01 3.1630e+00 1.4000e-02 7.9000e+00 5.2000e+00 8.0000e-01 4.5571e+01 2.8560e+00 2.4000e-02 7.9000e+00 1.2000e+01 2.1000e+00 4.9548e+01 2.1790e+00 2.9000e-02 7.6000e+00 7.2000e+00 1.0000e+00 3.7400e+01 3.2830e+00 1.0100e-01 7.8000e+00 8.0000e+00 1.2000e+00 4.6773e+01
3.8800e+00 1.3400e-01 7.7000e+00 5.8000e+00 4.2000e+00 3.6366e+01 2.0690e+00 0.0000e+00 8.1000e+00 8.3000e+00 1.4000e+00 4.5135e+01 2.1790e+00 2.9000e-02 7.6000e+00 7.2000e+00 1.0000e+00 3.7400e+01 3.2830e+00 1.0100e-01 7.8000e+00 8.0000e+00 1.2000e+00 4.6773e+01 2.4670e+00 6.2000e-02 8.2000e+00 8.8000e+00 1.6000e+00 4.8177e+01
2.0640e+00 5.8000e-02 8.6000e+00 1.1000e+01 1.2000e+00 4.8499e+01 2.8660e+00 4.3000e-02 8.0000e+00 9.0000e+00 1.0000e+00 4.2312e+01 3.2830e+00 1.0100e-01 7.8000e+00 8.0000e+00 1.2000e+00 4.6773e+01 2.4670e+00 6.2000e-02 8.2000e+00 8.8000e+00 1.6000e+00 4.8177e+01 2.1120e+00 4.3000e-02 7.9000e+00 1.0200e+01 6.0000e-01 4.6773e+01
2.2240e+00 1.0000e-02 7.9000e+00 7.7000e+00 2.3000e+00 4.1045e+01 2.2900e+00 2.4000e-02 7.9000e+00 7.9000e+00 1.5000e+00 3.2389e+01 2.4670e+00 6.2000e-02 8.2000e+00 8.8000e+00 1.6000e+00 4.8177e+01 2.1120e+00 4.3000e-02 7.9000e+00 1.0200e+01 6.0000e-01 4.6773e+01 2.7790e+00 3.4000e-02 8.3000e+00 9.5000e+00 1.4000e+00 5.1121e+01
2.2720e+00 2.2720e+00 8.3000e+00 1.0600e+01 1.3000e+00 2.9566e+01 2.9040e+00 4.8000e-02 7.9000e+00 1.1100e+01 7.0000e-01 3.3901e+01 2.1120e+00 4.3000e-02 7.9000e+00 1.0200e+01 6.0000e-01 4.6773e+01 2.7790e+00 3.4000e-02 8.3000e+00 9.5000e+00 1.4000e+00 5.1121e+01 3.2930e+00 2.4000e-02 7.4000e+00 1.3200e+01 2.1000e+00 4.9548e+01
2.7690e+00 2.4000e-02 8.5000e+00 1.2500e+01 1.9000e+00 3.9188e+01 3.3940e+00 1.9000e-02 8.8000e+00 1.4000e+01 1.0000e+00 3.2389e+01 2.7790e+00 3.4000e-02 8.3000e+00 9.5000e+00 1.4000e+00 5.1121e+01 3.2930e+00 2.4000e-02 7.4000e+00 1.3200e+01 2.1000e+00 4.9548e+01 3.7300e+00 1.4000e-02 8.3000e+00 1.3100e+01 3.0000e-01 3.7400e+01
3.1280e+00 1.0000e-02 7.8000e+00 1.4800e+01 2.0000e+00 3.6897e+01 3.3650e+00 1.0000e-02 8.4000e+00 1.7700e+01 9.0000e-01 3.8771e+01 3.2930e+00 2.4000e-02 7.4000e+00 1.3200e+01 2.1000e+00 4.9548e+01 3.7300e+00 1.4000e-02 8.3000e+00 1.3100e+01 3.0000e-01 3.7400e+01 3.2590e+00 1.9000e-02 8.3000e+00 1.4700e+01 1.1000e+00 3.7400e+01
2.9120e+00 1.4000e-02 8.1000e+00 1.6100e+01 2.1000e+00 5.3090e+01 3.4560e+00 1.0000e-02 8.1000e+00 1.5000e+01 1.5000e+00 4.4442e+01 3.7300e+00 1.4000e-02 8.3000e+00 1.3100e+01 3.0000e-01 3.7400e+01 3.2590e+00 1.9000e-02 8.3000e+00 1.4700e+01 1.1000e+00 3.7400e+01 3.3260e+00 2.4000e-02 8.4000e+00 1.3200e+01 2.0000e+00 4.8810e+01
3.2160e+00 5.0000e-03 8.4000e+00 1.5300e+01 1.3000e+00 4.8656e+01 2.9710e+00 5.0000e-03 8.4000e+00 1.0600e+01 1.4000e+00 4.6773e+01 3.2590e+00 1.9000e-02 8.3000e+00 1.4700e+01 1.1000e+00 3.7400e+01 3.3260e+00 2.4000e-02 8.4000e+00 1.3200e+01 2.0000e+00 4.8810e+01 2.8850e+00 0.0000e+00 8.4000e+00 1.1700e+01 7.0000e-01 3.0600e+01
2.3100e+00 1.4000e-02 8.0000e+00 1.2500e+01 2.2000e+00 4.7674e+01 2.7310e+00 1.9000e-02 8.4000e+00 9.8000e+00 1.8000e+00 4.8012e+01 3.3260e+00 2.4000e-02 8.4000e+00 1.3200e+01 2.0000e+00 4.8810e+01 2.8850e+00 0.0000e+00 8.4000e+00 1.1700e+01 7.0000e-01 3.0600e+01 1.9890e+00 0.0000e+00 8.2000e+00 1.1200e+01 1.5000e+00 3.8335e+01
2.0500e+00 2.4000e-02 8.1000e+00 8.6000e+00 1.4000e+00 4.4200e+01 2.1790e+00 2.9000e-02 7.6000e+00 7.2000e+00 1.0000e+00 3.7400e+01 1.9890e+00 0.0000e+00 8.2000e+00 1.1200e+01 1.5000e+00 3.8335e+01 4.4400e+00 5.1000e-02 7.8000e+00 1.0400e+01 1.9000e+00 4.9548e+01 2.3300e+00 8.4000e-02 7.8000e+00 4.6000e+00 8.0000e-01 5.4300e+01
3.1630e+00 1.4000e-02 7.9000e+00 5.2000e+00 8.0000e-01 4.5571e+01 3.2830e+00 1.0100e-01 7.8000e+00 8.0000e+00 1.2000e+00 4.6773e+01 4.4400e+00 5.1000e-02 7.8000e+00 1.0400e+01 1.9000e+00 4.9548e+01 2.3300e+00 8.4000e-02 7.8000e+00 4.6000e+00 8.0000e-01 5.4300e+01 1.6880e+00 4.4000e-02 8.7000e+00 8.4000e+00 2.1000e+00 6.2410e+01
2.0690e+00 0.0000e+00 8.1000e+00 8.3000e+00 1.4000e+00 4.5135e+01 2.4670e+00 6.2000e-02 8.2000e+00 8.8000e+00 1.6000e+00 4.8177e+01 2.3300e+00 8.4000e-02 7.8000e+00 4.6000e+00 8.0000e-01 5.4300e+01 1.6880e+00 4.4000e-02 8.7000e+00 8.4000e+00 2.1000e+00 6.2410e+01 2.8810e+00 2.8000e-02 8.0000e+00 7.8000e+00 1.0000e+00 4.6773e+01
2.8660e+00 4.3000e-02 8.0000e+00 9.0000e+00 1.0000e+00 4.2312e+01 2.1120e+00 4.3000e-02 7.9000e+00 1.0200e+01 6.0000e-01 4.6773e+01 1.6880e+00 4.4000e-02 8.7000e+00 8.4000e+00 2.1000e+00 6.2410e+01 2.8810e+00 2.8000e-02 8.0000e+00 7.8000e+00 1.0000e+00 4.6773e+01 2.9640e+00 5.3000e-02 8.3000e+00 5.1000e+00 1.3000e+00 5.5377e+01
2.2900e+00 2.4000e-02 7.9000e+00 7.9000e+00 1.5000e+00 3.2389e+01 2.7790e+00 3.4000e-02 8.3000e+00 9.5000e+00 1.4000e+00 5.1121e+01 2.8810e+00 2.8000e-02 8.0000e+00 7.8000e+00 1.0000e+00 4.6773e+01 2.9640e+00 5.3000e-02 8.3000e+00 5.1000e+00 1.3000e+00 5.5377e+01 2.2490e+00 2.2000e-02 8.2000e+00 1.1500e+01 2.0000e-01 3.5211e+01
2.9040e+00 4.8000e-02 7.9000e+00 1.1100e+01 7.0000e-01 3.3901e+01 3.2930e+00 2.4000e-02 7.4000e+00 1.3200e+01 2.1000e+00 4.9548e+01 2.9640e+00 5.3000e-02 8.3000e+00 5.1000e+00 1.3000e+00 5.5377e+01 2.2490e+00 2.2000e-02 8.2000e+00 1.1500e+01 2.0000e-01 3.5211e+01 2.4420e+00 1.7000e-02 8.1000e+00 1.6500e+01 7.0000e-01 4.2011e+01
3.3940e+00 1.9000e-02 8.8000e+00 1.4000e+01 1.0000e+00 3.2389e+01 3.7300e+00 1.4000e-02 8.3000e+00 1.3100e+01 3.0000e-01 3.7400e+01 2.2490e+00 2.2000e-02 8.2000e+00 1.1500e+01 2.0000e-01 3.5211e+01 2.4420e+00 1.7000e-02 8.1000e+00 1.6500e+01 7.0000e-01 4.2011e+01 2.9740e+00 6.0000e-03 8.4000e+00 1.2600e+01 9.0000e-01 4.9548e+01
3.3650e+00 1.0000e-02 8.4000e+00 1.7700e+01 9.0000e-01 3.8771e+01 3.2590e+00 1.9000e-02 8.3000e+00 1.4700e+01 1.1000e+00 3.7400e+01 2.4420e+00 1.7000e-02 8.1000e+00 1.6500e+01 7.0000e-01 4.2011e+01 2.9740e+00 6.0000e-03 8.4000e+00 1.2600e+01 9.0000e-01 4.9548e+01 3.1440e+00 7.0000e-03 8.2000e+00 1.2400e+01 8.0000e-01 4.9548e+01
3.4560e+00 1.0000e-02 8.1000e+00 1.5000e+01 1.5000e+00 4.4442e+01 3.3260e+00 2.4000e-02 8.4000e+00 1.3200e+01 2.0000e+00 4.8810e+01 2.9740e+00 6.0000e-03 8.4000e+00 1.2600e+01 9.0000e-01 4.9548e+01 3.1440e+00 7.0000e-03 8.2000e+00 1.2400e+01 8.0000e-01 4.9548e+01 3.1760e+00 3.0000e-03 8.0000e+00 1.7500e+01 1.2000e+00 2.9566e+01
2.9710e+00 5.0000e-03 8.4000e+00 1.0600e+01 1.4000e+00 4.6773e+01 2.8850e+00 0.0000e+00 8.4000e+00 1.1700e+01 7.0000e-01 3.0600e+01 3.1440e+00 7.0000e-03 8.2000e+00 1.2400e+01 8.0000e-01 4.9548e+01 3.1760e+00 3.0000e-03 8.0000e+00 1.7500e+01 1.2000e+00 2.9566e+01 2.7360e+00 3.0000e-03 8.2000e+00 1.4000e+01 1.2000e+00 2.7101e+01
2.7310e+00 1.9000e-02 8.4000e+00 9.8000e+00 1.8000e+00 4.8012e+01 1.9890e+00 0.0000e+00 8.2000e+00 1.1200e+01 1.5000e+00 3.8335e+01 3.1760e+00 3.0000e-03 8.0000e+00 1.7500e+01 1.2000e+00 2.9566e+01 2.7360e+00 3.0000e-03 8.2000e+00 1.4000e+01 1.2000e+00 2.7101e+01 2.4510e+00 3.0000e-03 8.2000e+00 9.4000e+00 1.2000e+00 4.9829e+01
2.8560e+00 2.4000e-02 7.9000e+00 1.2000e+01 2.1000e+00 4.9548e+01 4.4400e+00 5.1000e-02 7.8000e+00 1.0400e+01 1.9000e+00 4.9548e+01 2.7360e+00 3.0000e-03 8.2000e+00 1.4000e+01 1.2000e+00 2.7101e+01 2.4510e+00 3.0000e-03 8.2000e+00 9.4000e+00 1.2000e+00 4.9829e+01 2.5130e+00 2.3000e-02 7.7000e+00 9.5000e+00 2.9000e+00 4.7500e+01
2.1790e+00 2.9000e-02 7.6000e+00 7.2000e+00 1.0000e+00 3.7400e+01 2.3300e+00 8.4000e-02 7.8000e+00 4.6000e+00 8.0000e-01 5.4300e+01 2.4510e+00 3.0000e-03 8.2000e+00 9.4000e+00 1.2000e+00 4.9829e+01 2.5130e+00 2.3000e-02 7.7000e+00 9.5000e+00 2.9000e+00 4.7500e+01 1.7340e+00 2.2000e-02 7.8000e+00 1.0000e+01 1.9000e+00 5.5058e+01
3.2830e+00 1.0100e-01 7.8000e+00 8.0000e+00 1.2000e+00 4.6773e+01 1.6880e+00 4.4000e-02 8.7000e+00 8.4000e+00 2.1000e+00 6.2410e+01 2.5130e+00 2.3000e-02 7.7000e+00 9.5000e+00 2.9000e+00 4.7500e+01 1.7340e+00 2.2000e-02 7.8000e+00 1.0000e+01 1.9000e+00 5.5058e+01 1.6730e+00 3.0000e-02 8.3000e+00 9.3000e+00 1.0000e+00 5.2155e+01
2.4670e+00 6.2000e-02 8.2000e+00 8.8000e+00 1.6000e+00 4.8177e+01 2.8810e+00 2.8000e-02 8.0000e+00 7.8000e+00 1.0000e+00 4.6773e+01 1.7340e+00 2.2000e-02 7.8000e+00 1.0000e+01 1.9000e+00 5.5058e+01 1.6730e+00 3.0000e-02 8.3000e+00 9.3000e+00 1.0000e+00 5.2155e+01 2.3650e+00 6.3000e-02 8.4000e+00 1.0500e+01 2.2000e+00 5.8509e+01
2.1120e+00 4.3000e-02 7.9000e+00 1.0200e+01 6.0000e-01 4.6773e+01 2.9640e+00 5.3000e-02 8.3000e+00 5.1000e+00 1.3000e+00 5.5377e+01 1.6730e+00 3.0000e-02 8.3000e+00 9.3000e+00 1.0000e+00 5.2155e+01 2.3650e+00 6.3000e-02 8.4000e+00 1.0500e+01 2.2000e+00 5.8509e+01 2.1070e+00 3.6000e-02 8.2000e+00 9.0000e+00 2.0000e+00 5.5686e+01
2.7790e+00 3.4000e-02 8.3000e+00 9.5000e+00 1.4000e+00 5.1121e+01 2.2490e+00 2.2000e-02 8.2000e+00 1.1500e+01 2.0000e-01 3.5211e+01 2.3650e+00 6.3000e-02 8.4000e+00 1.0500e+01 2.2000e+00 5.8509e+01 2.1070e+00 3.6000e-02 8.2000e+00 9.0000e+00 2.0000e+00 5.5686e+01 1.8190e+00 1.6000e-02 7.8000e+00 1.0500e+01 3.5000e+00 4.8012e+01
3.2930e+00 2.4000e-02 7.4000e+00 1.3200e+01 2.1000e+00 4.9548e+01 2.4420e+00 1.7000e-02 8.1000e+00 1.6500e+01 7.0000e-01 4.2011e+01 2.1070e+00 3.6000e-02 8.2000e+00 9.0000e+00 2.0000e+00 5.5686e+01 1.8190e+00 1.6000e-02 7.8000e+00 1.0500e+01 3.5000e+00 4.8012e+01 1.9250e+00 2.2000e-02 8.1000e+00 1.0500e+01 9.0000e-01 4.5988e+01
3.7300e+00 1.4000e-02 8.3000e+00 1.3100e+01 3.0000e-01 3.7400e+01 2.9740e+00 6.0000e-03 8.4000e+00 1.2600e+01 9.0000e-01 4.9548e+01 1.8190e+00 1.6000e-02 7.8000e+00 1.0500e+01 3.5000e+00 4.8012e+01 1.9250e+00 2.2000e-02 8.1000e+00 1.0500e+01 9.0000e-01 4.5988e+01 3.2040e+00 1.8000e-02 8.0000e+00 1.2600e+01 1.6000e+00 1.8789e+01
3.2590e+00 1.9000e-02 8.3000e+00 1.4700e+01 1.1000e+00 3.7400e+01 3.1440e+00 7.0000e-03 8.2000e+00 1.2400e+01 8.0000e-01 4.9548e+01 1.9250e+00 2.2000e-02 8.1000e+00 1.0500e+01 9.0000e-01 4.5988e+01 3.2040e+00 1.8000e-02 8.0000e+00 1.2600e+01 1.6000e+00 1.8789e+01 3.3380e+00 9.0000e-03 7.9000e+00 1.1700e+01 2.0000e+00 4.2605e+01
3.3260e+00 2.4000e-02 8.4000e+00 1.3200e+01 2.0000e+00 4.8810e+01 3.1760e+00 3.0000e-03 8.0000e+00 1.7500e+01 1.2000e+00 2.9566e+01 3.2040e+00 1.8000e-02 8.0000e+00 1.2600e+01 1.6000e+00 1.8789e+01 3.3380e+00 9.0000e-03 7.9000e+00 1.1700e+01 2.0000e+00 4.2605e+01 4.2480e+00 1.8000e-02 7.5000e+00 1.3500e+01 1.6000e+00 3.5211e+01
2.8850e+00 0.0000e+00 8.4000e+00 1.1700e+01 7.0000e-01 3.0600e+01 2.7360e+00 3.0000e-03 8.2000e+00 1.4000e+01 1.2000e+00 2.7101e+01 3.3380e+00 9.0000e-03 7.9000e+00 1.1700e+01 2.0000e+00 4.2605e+01 4.2480e+00 1.8000e-02 7.5000e+00 1.3500e+01 1.6000e+00 3.5211e+01 3.9860e+00 3.9000e-02 7.8000e+00 1.2300e+01 1.9000e+00 3.3174e+01
1.9890e+00 0.0000e+00 8.2000e+00 1.1200e+01 1.5000e+00 3.8335e+01 2.4510e+00 3.0000e-03 8.2000e+00 9.4000e+00 1.2000e+00 4.9829e+01 4.2480e+00 1.8000e-02 7.5000e+00 1.3500e+01 1.6000e+00 3.5211e+01 3.9860e+00 3.9000e-02 7.8000e+00 1.2300e+01 1.9000e+00 3.3174e+01 3.3480e+00 2.7000e-02 8.1000e+00 1.1000e+01 2.3000e+00 5.3760e+01
4.4400e+00 5.1000e-02 7.8000e+00 1.0400e+01 1.9000e+00 4.9548e+01 2.5130e+00 2.3000e-02 7.7000e+00 9.5000e+00 2.9000e+00 4.7500e+01 3.9860e+00 3.9000e-02 7.8000e+00 1.2300e+01 1.9000e+00 3.3174e+01 3.3480e+00 2.7000e-02 8.1000e+00 1.1000e+01 2.3000e+00 5.3760e+01 2.0530e+00 3.1000e-02 8.0000e+00 8.0000e+00 1.6000e+00 4.3696e+01
2.3300e+00 8.4000e-02 7.8000e+00 4.6000e+00 8.0000e-01 5.4300e+01 1.7340e+00 2.2000e-02 7.8000e+00 1.0000e+01 1.9000e+00 5.5058e+01 3.3480e+00 2.7000e-02 8.1000e+00 1.1000e+01 2.3000e+00 5.3760e+01 2.0530e+00 3.1000e-02 8.0000e+00 8.0000e+00 1.6000e+00 4.3696e+01 1.4670e+00 1.7000e-02 8.0000e+00 8.9000e+00 5.0000e-01 5.2370e+01
1.6880e+00 4.4000e-02 8.7000e+00 8.4000e+00 2.1000e+00 6.2410e+01 1.6730e+00 3.0000e-02 8.3000e+00 9.3000e+00 1.0000e+00 5.2155e+01 2.0530e+00 3.1000e-02 8.0000e+00 8.0000e+00 1.6000e+00 4.3696e+01 1.4670e+00 1.7000e-02 8.0000e+00 8.9000e+00 5.0000e-01 5.2370e+01 3.0470e+00 6.0000e-02 8.3000e+00 1.3400e+01 1.5000e+00 6.0834e+01
2.8810e+00 2.8000e-02 8.0000e+00 7.8000e+00 1.0000e+00 4.6773e+01 2.3650e+00 6.3000e-02 8.4000e+00 1.0500e+01 2.2000e+00 5.8509e+01 1.4670e+00 1.7000e-02 8.0000e+00 8.9000e+00 5.0000e-01 5.2370e+01 3.0470e+00 6.0000e-02 8.3000e+00 1.3400e+01 1.5000e+00 6.0834e+01 2.1370e+00 6.6000e-02 8.8000e+00 1.4200e+01 1.3000e+00 5.7424e+01
2.9640e+00 5.3000e-02 8.3000e+00 5.1000e+00 1.3000e+00 5.5377e+01 2.1070e+00 3.6000e-02 8.2000e+00 9.0000e+00 2.0000e+00 5.5686e+01 3.0470e+00 6.0000e-02 8.3000e+00 1.3400e+01 1.5000e+00 6.0834e+01 2.1370e+00 6.6000e-02 8.8000e+00 1.4200e+01 1.3000e+00 5.7424e+01 2.0030e+00 6.5000e-02 8.3000e+00 8.9000e+00 1.7000e+00 5.4123e+01
2.2490e+00 2.2000e-02 8.2000e+00 1.1500e+01 2.0000e-01 3.5211e+01 1.8190e+00 1.6000e-02 7.8000e+00 1.0500e+01 3.5000e+00 4.8012e+01 2.1370e+00 6.6000e-02 8.8000e+00 1.4200e+01 1.3000e+00 5.7424e+01 2.0030e+00 6.5000e-02 8.3000e+00 8.9000e+00 1.7000e+00 5.4123e+01 1.6070e+00 2.0000e-02 7.8000e+00 9.8000e+00 3.0000e-01 4.9829e+01
2.4420e+00 1.7000e-02 8.1000e+00 1.6500e+01 7.0000e-01 4.2011e+01 1.9250e+00 2.2000e-02 8.1000e+00 1.0500e+01 9.0000e-01 4.5988e+01 2.0030e+00 6.5000e-02 8.3000e+00 8.9000e+00 1.7000e+00 5.4123e+01 1.6070e+00 2.0000e-02 7.8000e+00 9.8000e+00 3.0000e-01 4.9829e+01 2.7920e+00 3.7000e-02 7.5000e+00 1.2100e+01 9.0000e-01 3.1535e+01
2.9740e+00 6.0000e-03 8.4000e+00 1.2600e+01 9.0000e-01 4.9548e+01 3.2040e+00 1.8000e-02 8.0000e+00 1.2600e+01 1.6000e+00 1.8789e+01 1.6070e+00 2.0000e-02 7.8000e+00 9.8000e+00 3.0000e-01 4.9829e+01 2.7920e+00 3.7000e-02 7.5000e+00 1.2100e+01 9.0000e-01 3.1535e+01 2.9300e+00 3.0000e-02 7.6000e+00 1.4100e+01 1.6000e+00 3.9188e+01
3.1440e+00 7.0000e-03 8.2000e+00 1.2400e+01 8.0000e-01 4.9548e+01 3.3380e+00 9.0000e-03 7.9000e+00 1.1700e+01 2.0000e+00 4.2605e+01 2.7920e+00 3.7000e-02 7.5000e+00 1.2100e+01 9.0000e-01 3.1535e+01 2.9300e+00 3.0000e-02 7.6000e+00 1.4100e+01 1.6000e+00 3.9188e+01 3.3090e+00 5.3000e-02 7.4000e+00 1.2000e+01 1.2000e+00 2.8411e+01
3.1760e+00 3.0000e-03 8.0000e+00 1.7500e+01 1.2000e+00 2.9566e+01 4.2480e+00 1.8000e-02 7.5000e+00 1.3500e+01 1.6000e+00 3.5211e+01 2.9300e+00 3.0000e-02 7.6000e+00 1.4100e+01 1.6000e+00 3.9188e+01 3.3090e+00 5.3000e-02 7.4000e+00 1.2000e+01 1.2000e+00 2.8411e+01 3.2760e+00 1.0000e-02 8.1000e+00 1.5200e+01 2.1000e+00 4.1377e+01
2.7360e+00 3.0000e-03 8.2000e+00 1.4000e+01 1.2000e+00 2.7101e+01 3.9860e+00 3.9000e-02 7.8000e+00 1.2300e+01 1.9000e+00 3.3174e+01 3.3090e+00 5.3000e-02 7.4000e+00 1.2000e+01 1.2000e+00 2.8411e+01 3.2760e+00 1.0000e-02 8.1000e+00 1.5200e+01 2.1000e+00 4.1377e+01 2.9200e+00 4.0000e-03 8.4000e+00 1.3800e+01 1.5000e+00 3.9188e+01
2.4510e+00 3.0000e-03 8.2000e+00 9.4000e+00 1.2000e+00 4.9829e+01 3.3480e+00 2.7000e-02 8.1000e+00 1.1000e+01 2.3000e+00 5.3760e+01 3.2760e+00 1.0000e-02 8.1000e+00 1.5200e+01 2.1000e+00 4.1377e+01 2.9200e+00 4.0000e-03 8.4000e+00 1.3800e+01 1.5000e+00 3.9188e+01 2.2560e+00 1.3000e-02 8.4000e+00 1.2200e+01 1.0000e+00 4.6389e+01
2.5130e+00 2.3000e-02 7.7000e+00 9.5000e+00 2.9000e+00 4.7500e+01 2.0530e+00 3.1000e-02 8.0000e+00 8.0000e+00 1.6000e+00 4.3696e+01 2.9200e+00 4.0000e-03 8.4000e+00 1.3800e+01 1.5000e+00 3.9188e+01 2.2560e+00 1.3000e-02 8.4000e+00 1.2200e+01 1.0000e+00 4.6389e+01 2.0000e+00 7.0000e-03 8.6000e+00 1.1900e+01 6.0000e-01 5.9063e+01
1.7340e+00 2.2000e-02 7.8000e+00 1.0000e+01 1.9000e+00 5.5058e+01 1.4670e+00 1.7000e-02 8.0000e+00 8.9000e+00 5.0000e-01 5.2370e+01 2.2560e+00 1.3000e-02 8.4000e+00 1.2200e+01 1.0000e+00 4.6389e+01 2.0000e+00 7.0000e-03 8.6000e+00 1.1900e+01 6.0000e-01 5.9063e+01 1.4460e+00 7.0000e-03 8.3000e+00 1.0200e+01 1.8000e+00 5.4977e+01
1.6730e+00 3.0000e-02 8.3000e+00 9.3000e+00 1.0000e+00 5.2155e+01 3.0470e+00 6.0000e-02 8.3000e+00 1.3400e+01 1.5000e+00 6.0834e+01 2.0000e+00 7.0000e-03 8.6000e+00 1.1900e+01 6.0000e-01 5.9063e+01 1.4460e+00 7.0000e-03 8.3000e+00 1.0200e+01 1.8000e+00 5.4977e+01 2.4150e+00 5.5000e-02 7.7000e+00 8.4000e+00 8.0000e-01 3.7400e+01
2.3650e+00 6.3000e-02 8.4000e+00 1.0500e+01 2.2000e+00 5.8509e+01 2.1370e+00 6.6000e-02 8.8000e+00 1.4200e+01 1.3000e+00 5.7424e+01 1.4460e+00 7.0000e-03 8.3000e+00 1.0200e+01 1.8000e+00 5.4977e+01 2.4150e+00 5.5000e-02 7.7000e+00 8.4000e+00 8.0000e-01 3.7400e+01 3.3230e+00 6.8000e-02 7.7000e+00 8.5000e+00 5.0000e-01 3.3174e+01
2.1070e+00 3.6000e-02 8.2000e+00 9.0000e+00 2.0000e+00 5.5686e+01 2.0030e+00 6.5000e-02 8.3000e+00 8.9000e+00 1.7000e+00 5.4123e+01 2.4150e+00 5.5000e-02 7.7000e+00 8.4000e+00 8.0000e-01 3.7400e+01 3.3230e+00 6.8000e-02 7.7000e+00 8.5000e+00 5.0000e-01 3.3174e+01 3.0000e+00 3.6000e-02 8.7000e+00 1.1800e+01 1.7000e+00 5.3090e+01
1.8190e+00 1.6000e-02 7.8000e+00 1.0500e+01 3.5000e+00 4.8012e+01 1.6070e+00 2.0000e-02 7.8000e+00 9.8000e+00 3.0000e-01 4.9829e+01 3.3230e+00 6.8000e-02 7.7000e+00 8.5000e+00 5.0000e-01 3.3174e+01 3.0000e+00 3.6000e-02 8.7000e+00 1.1800e+01 1.7000e+00 5.3090e+01 2.2200e+00 3.0000e-03 8.4000e+00 1.1300e+01 4.0000e-01 5.2890e+01
1.9250e+00 2.2000e-02 8.1000e+00 1.0500e+01 9.0000e-01 4.5988e+01 2.7920e+00 3.7000e-02 7.5000e+00 1.2100e+01 9.0000e-01 3.1535e+01 3.0000e+00 3.6000e-02 8.7000e+00 1.1800e+01 1.7000e+00 5.3090e+01 2.2200e+00 3.0000e-03 8.4000e+00 1.1300e+01 4.0000e-01 5.2890e+01 2.2130e+00 8.0000e-03 7.8000e+00 1.0500e+01 3.0000e+00 5.5219e+01
3.2040e+00 1.8000e-02 8.0000e+00 1.2600e+01 1.6000e+00 1.8789e+01 2.9300e+00 3.0000e-02 7.6000e+00 1.4100e+01 1.6000e+00 3.9188e+01 2.2200e+00 3.0000e-03 8.4000e+00 1.1300e+01 4.0000e-01 5.2890e+01 2.2130e+00 8.0000e-03 7.8000e+00 1.0500e+01 3.0000e+00 5.5219e+01 2.7200e+00 2.3000e-02 7.6000e+00 1.4700e+01 1.6000e+00 3.2389e+01
3.3380e+00 9.0000e-03 7.9000e+00 1.1700e+01 2.0000e+00 4.2605e+01 3.3090e+00 5.3000e-02 7.4000e+00 1.2000e+01 1.2000e+00 2.8411e+01 2.2130e+00 8.0000e-03 7.8000e+00 1.0500e+01 3.0000e+00 5.5219e+01 2.7200e+00 2.3000e-02 7.6000e+00 1.4700e+01 1.6000e+00 3.2389e+01 3.1390e+00 8.0000e-03 7.6000e+00 1.5100e+01 1.4000e+00 2.5589e+01
4.2480e+00 1.8000e-02 7.5000e+00 1.3500e+01 1.6000e+00 3.5211e+01 3.2760e+00 1.0000e-02 8.1000e+00 1.5200e+01 2.1000e+00 4.1377e+01 2.7200e+00 2.3000e-02 7.6000e+00 1.4700e+01 1.6000e+00 3.2389e+01 3.1390e+00 8.0000e-03 7.6000e+00 1.5100e+01 1.4000e+00 2.5589e+01 2.8310e+00 5.0000e-03 7.8000e+00 1.6200e+01 2.4000e+00 4.4442e+01
3.9860e+00 3.9000e-02 7.8000e+00 1.2300e+01 1.9000e+00 3.3174e+01 2.9200e+00 4.0000e-03 8.4000e+00 1.3800e+01 1.5000e+00 3.9188e+01 3.1390e+00 8.0000e-03 7.6000e+00 1.5100e+01 1.4000e+00 2.5589e+01 2.8310e+00 5.0000e-03 7.8000e+00 1.6200e+01 2.4000e+00 4.4442e+01 2.5900e+00 1.1000e-02 8.1000e+00 1.2900e+01 2.5000e+00 4.2605e+01
3.3480e+00 2.7000e-02 8.1000e+00 1.1000e+01 2.3000e+00 5.3760e+01 2.2560e+00 1.3000e-02 8.4000e+00 1.2200e+01 1.0000e+00 4.6389e+01 2.8310e+00 5.0000e-03 7.8000e+00 1.6200e+01 2.4000e+00 4.4442e+01 2.5900e+00 1.1000e-02 8.1000e+00 1.2900e+01 2.5000e+00 4.2605e+01 2.7560e+00 1.7000e-02 7.8000e+00 1.0700e+01 2.5000e+00 4.8656e+01
2.0530e+00 3.1000e-02 8.0000e+00 8.0000e+00 1.6000e+00 4.3696e+01 2.0000e+00 7.0000e-03 8.6000e+00 1.1900e+01 6.0000e-01 5.9063e+01 2.5900e+00 1.1000e-02 8.1000e+00 1.2900e+01 2.5000e+00 4.2605e+01 2.7560e+00 1.7000e-02 7.8000e+00 1.0700e+01 2.5000e+00 4.8656e+01 2.6750e+00 3.4000e-02 8.5000e+00 1.1400e+01 1.6000e+00 5.1709e+01
1.4670e+00 1.7000e-02 8.0000e+00 8.9000e+00 5.0000e-01 5.2370e+01 1.4460e+00 7.0000e-03 8.3000e+00 1.0200e+01 1.8000e+00 5.4977e+01 2.7560e+00 1.7000e-02 7.8000e+00 1.0700e+01 2.5000e+00 4.8656e+01 2.6750e+00 3.4000e-02 8.5000e+00 1.1400e+01 1.6000e+00 5.1709e+01 2.5520e+00 2.5000e-02 8.8000e+00 1.1000e+01 1.0000e+00 4.9966e+01
3.0470e+00 6.0000e-02 8.3000e+00 1.3400e+01 1.5000e+00 6.0834e+01 2.4150e+00 5.5000e-02 7.7000e+00 8.4000e+00 8.0000e-01 3.7400e+01 2.6750e+00 3.4000e-02 8.5000e+00 1.1400e+01 1.6000e+00 5.1709e+01 2.5520e+00 2.5000e-02 8.8000e+00 1.1000e+01 1.0000e+00 4.9966e+01 2.9270e+00 7.0000e-02 7.5000e+00 8.8000e+00 1.1000e+00 4.0344e+01
2.1370e+00 6.6000e-02 8.8000e+00 1.4200e+01 1.3000e+00 5.7424e+01 3.3230e+00 6.8000e-02 7.7000e+00 8.5000e+00 5.0000e-01 3.3174e+01 2.5520e+00 2.5000e-02 8.8000e+00 1.1000e+01 1.0000e+00 4.9966e+01 2.9270e+00 7.0000e-02 7.5000e+00 8.8000e+00 1.1000e+00 4.0344e+01 1.7220e+00 3.4000e-02 8.6000e+00 9.5000e+00 2.0000e+00 6.1359e+01
2.0030e+00 6.5000e-02 8.3000e+00 8.9000e+00 1.7000e+00 5.4123e+01 3.0000e+00 3.6000e-02 8.7000e+00 1.1800e+01 1.7000e+00 5.3090e+01 2.9270e+00 7.0000e-02 7.5000e+00 8.8000e+00 1.1000e+00 4.0344e+01 1.7220e+00 3.4000e-02 8.6000e+00 9.5000e+00 2.0000e+00 6.1359e+01 3.6200e+00 7.2000e-02 7.7000e+00 8.3000e+00 8.0000e-01 4.1045e+01
1.6070e+00 2.0000e-02 7.8000e+00 9.8000e+00 3.0000e-01 4.9829e+01 2.2200e+00 3.0000e-03 8.4000e+00 1.1300e+01 4.0000e-01 5.2890e+01 1.7220e+00 3.4000e-02 8.6000e+00 9.5000e+00 2.0000e+00 6.1359e+01 3.6200e+00 7.2000e-02 7.7000e+00 8.3000e+00 8.0000e-01 4.1045e+01 3.5800e+00 4.4000e-02 7.7000e+00 9.8000e+00 1.6000e+00 3.5211e+01
2.7920e+00 3.7000e-02 7.5000e+00 1.2100e+01 9.0000e-01 3.1535e+01 2.2130e+00 8.0000e-03 7.8000e+00 1.0500e+01 3.0000e+00 5.5219e+01 3.6200e+00 7.2000e-02 7.7000e+00 8.3000e+00 8.0000e-01 4.1045e+01 3.5800e+00 4.4000e-02 7.7000e+00 9.8000e+00 1.6000e+00 3.5211e+01 3.1400e+00 2.9000e-02 8.0000e+00 1.2100e+01 1.3000e+00 5.2045e+01
2.9300e+00 3.0000e-02 7.6000e+00 1.4100e+01 1.6000e+00 3.9188e+01 2.7200e+00 2.3000e-02 7.6000e+00 1.4700e+01 1.6000e+00 3.2389e+01 3.5800e+00 4.4000e-02 7.7000e+00 9.8000e+00 1.6000e+00 3.5211e+01 3.1400e+00 2.9000e-02 8.0000e+00 1.2100e+01 1.3000e+00 5.2045e+01 3.3840e+00 1.4000e-02 7.5000e+00 1.3100e+01 9.0000e-01 3.6897e+01
3.2760e+00 1.0000e-02 8.1000e+00 1.5200e+01 2.1000e+00 4.1377e+01 2.8310e+00 5.0000e-03 7.8000e+00 1.6200e+01 2.4000e+00 4.4442e+01 3.3840e+00 1.4000e-02 7.5000e+00 1.3100e+01 9.0000e-01 3.6897e+01 4.4400e+00 5.1000e-02 7.8000e+00 1.0400e+01 1.9000e+00 4.9548e+01 3.5320e+00 1.1000e-02 8.1000e+00 1.6300e+01 1.0000e-01 3.8771e+01
2.9200e+00 4.0000e-03 8.4000e+00 1.3800e+01 1.5000e+00 3.9188e+01 2.5900e+00 1.1000e-02 8.1000e+00 1.2900e+01 2.5000e+00 4.2605e+01 4.4400e+00 5.1000e-02 7.8000e+00 1.0400e+01 1.9000e+00 4.9548e+01 3.5320e+00 1.1000e-02 8.1000e+00 1.6300e+01 1.0000e-01 3.8771e+01 3.0390e+00 1.1000e-02 8.3000e+00 1.3900e+01 1.3000e+00 3.9589e+01
2.2560e+00 1.3000e-02 8.4000e+00 1.2200e+01 1.0000e+00 4.6389e+01 2.7560e+00 1.7000e-02 7.8000e+00 1.0700e+01 2.5000e+00 4.8656e+01 3.5320e+00 1.1000e-02 8.1000e+00 1.6300e+01 1.0000e-01 3.8771e+01 3.0390e+00 1.1000e-02 8.3000e+00 1.3900e+01 1.3000e+00 3.9589e+01 3.0790e+00 9.0000e-03 7.8000e+00 1.2200e+01 9.0000e-01 5.6205e+01
2.0000e+00 7.0000e-03 8.6000e+00 1.1900e+01 6.0000e-01 5.9063e+01 2.6750e+00 3.4000e-02 8.5000e+00 1.1400e+01 1.6000e+00 5.1709e+01 3.0390e+00 1.1000e-02 8.3000e+00 1.3900e+01 1.3000e+00 3.9589e+01 3.0790e+00 9.0000e-03 7.8000e+00 1.2200e+01 9.0000e-01 5.6205e+01 2.1430e+00 1.7000e-02 8.4000e+00 1.2100e+01 1.3000e+00 5.6277e+01
1.4460e+00 7.0000e-03 8.3000e+00 1.0200e+01 1.8000e+00 5.4977e+01 2.5520e+00 2.5000e-02 8.8000e+00 1.1000e+01 1.0000e+00 4.9966e+01 3.0790e+00 9.0000e-03 7.8000e+00 1.2200e+01 9.0000e-01 5.6205e+01 2.1430e+00 1.7000e-02 8.4000e+00 1.2100e+01 1.3000e+00 5.6277e+01 1.6490e+00 1.9000e-02 7.9000e+00 9.6000e+00 1.7000e+00 4.0344e+01
2.4150e+00 5.5000e-02 7.7000e+00 8.4000e+00 8.0000e-01 3.7400e+01 2.9270e+00 7.0000e-02 7.5000e+00 8.8000e+00 1.1000e+00 4.0344e+01 2.1430e+00 1.7000e-02 8.4000e+00 1.2100e+01 1.3000e+00 5.6277e+01 1.6490e+00 1.9000e-02 7.9000e+00 9.6000e+00 1.7000e+00 4.0344e+01 1.2210e+00 1.3000e-02 8.7000e+00 1.2000e+01 8.0000e-01 6.0373e+01
3.3230e+00 6.8000e-02 7.7000e+00 8.5000e+00 5.0000e-01 3.3174e+01 1.7220e+00 3.4000e-02 8.6000e+00 9.5000e+00 2.0000e+00 6.1359e+01 1.6490e+00 1.9000e-02 7.9000e+00 9.6000e+00 1.7000e+00 4.0344e+01 1.2210e+00 1.3000e-02 8.7000e+00 1.2000e+01 8.0000e-01 6.0373e+01 2.7150e+00 7.6000e-02 7.8000e+00 7.2000e+00 8.0000e-01 3.4578e+01
3.0000e+00 3.6000e-02 8.7000e+00 1.1800e+01 1.7000e+00 5.3090e+01 3.6200e+00 7.2000e-02 7.7000e+00 8.3000e+00 8.0000e-01 4.1045e+01 1.2210e+00 1.3000e-02 8.7000e+00 1.2000e+01 8.0000e-01 6.0373e+01 2.7150e+00 7.6000e-02 7.8000e+00 7.2000e+00 8.0000e-01 3.4578e+01 2.1060e+00 3.7000e-02 8.1000e+00 9.8000e+00 1.1000e+00 2.9566e+01
2.2200e+00 3.0000e-03 8.4000e+00 1.1300e+01 4.0000e-01 5.2890e+01 3.5800e+00 4.4000e-02 7.7000e+00 9.8000e+00 1.6000e+00 3.5211e+01 2.7150e+00 7.6000e-02 7.8000e+00 7.2000e+00 8.0000e-01 3.4578e+01 2.1060e+00 3.7000e-02 8.1000e+00 9.8000e+00 1.1000e+00 2.9566e+01 2.8430e+00 2.8000e-02 7.8000e+00 8.2000e+00 9.0000e-01 4.1045e+01
2.2130e+00 8.0000e-03 7.8000e+00 1.0500e+01 3.0000e+00 5.5219e+01 3.1400e+00 2.9000e-02 8.0000e+00 1.2100e+01 1.3000e+00 5.2045e+01 2.1060e+00 3.7000e-02 8.1000e+00 9.8000e+00 1.1000e+00 2.9566e+01 2.8430e+00 2.8000e-02 7.8000e+00 8.2000e+00 9.0000e-01 4.1045e+01 2.6450e+00 1.1000e-02 8.2000e+00 1.4800e+01 2.0000e-01 3.7400e+01
2.7200e+00 2.3000e-02 7.6000e+00 1.4700e+01 1.6000e+00 3.2389e+01 3.3840e+00 1.4000e-02 7.5000e+00 1.3100e+01 9.0000e-01 3.6897e+01 2.8430e+00 2.8000e-02 7.8000e+00 8.2000e+00 9.0000e-01 4.1045e+01 2.6450e+00 1.1000e-02 8.2000e+00 1.4800e+01 2.0000e-01 3.7400e+01 2.9700e+00 1.4000e-02 7.9000e+00 1.5100e+01 9.0000e-01 3.0600e+01
3.1390e+00 8.0000e-03 7.6000e+00 1.5100e+01 1.4000e+00 2.5589e+01 4.4400e+00 5.1000e-02 7.8000e+00 1.0400e+01 1.9000e+00 4.9548e+01 2.6450e+00 1.1000e-02 8.2000e+00 1.4800e+01 2.0000e-01 3.7400e+01 2.9700e+00 1.4000e-02 7.9000e+00 1.5100e+01 9.0000e-01 3.0600e+01 3.4280e+00 1.1000e-02 7.5000e+00 1.3800e+01 1.5000e+00 2.7101e+01
2.8310e+00 5.0000e-03 7.8000e+00 1.6200e+01 2.4000e+00 4.4442e+01 3.5320e+00 1.1000e-02 8.1000e+00 1.6300e+01 1.0000e-01 3.8771e+01 2.9700e+00 1.4000e-02 7.9000e+00 1.5100e+01 9.0000e-01 3.0600e+01 3.4280e+00 1.1000e-02 7.5000e+00 1.3800e+01 1.5000e+00 2.7101e+01 3.1460e+00 3.0000e-03 8.5000e+00 1.3300e+01 7.0000e-01 5.5533e+01
2.5900e+00 1.1000e-02 8.1000e+00 1.2900e+01 2.5000e+00 4.2605e+01 3.0390e+00 1.1000e-02 8.3000e+00 1.3900e+01 1.3000e+00 3.9589e+01 3.4280e+00 1.1000e-02 7.5000e+00 1.3800e+01 1.5000e+00 2.7101e+01 3.1460e+00 3.0000e-03 8.5000e+00 1.3300e+01 7.0000e-01 5.5533e+01 3.0640e+00 9.0000e-03 8.2000e+00 1.2600e+01 1.2000e+00 4.4678e+01
2.7560e+00 1.7000e-02 7.8000e+00 1.0700e+01 2.5000e+00 4.8656e+01 3.0790e+00 9.0000e-03 7.8000e+00 1.2200e+01 9.0000e-01 5.6205e+01 3.1460e+00 3.0000e-03 8.5000e+00 1.3300e+01 7.0000e-01 5.5533e+01 3.0640e+00 9.0000e-03 8.2000e+00 1.2600e+01 1.2000e+00 4.4678e+01 2.1970e+00 1.6000e-02 8.0000e+00 1.1200e+01 1.3000e+00 4.7845e+01
2.7550e+00 0.0000e+00 5.1000e+00 1.1200e+01 1.6000e+00 4.5355e+01 2.8560e+00 2.4000e-02 7.9000e+00 1.2000e+01 2.1000e+00 4.9548e+01 2.8850e+00 0.0000e+00 8.4000e+00 1.1700e+01 7.0000e-01 3.0600e+01 1.9890e+00 0.0000e+00 8.2000e+00 1.1200e+01 1.5000e+00 3.8335e+01 4.4400e+00 5.1000e-02 7.8000e+00 1.0400e+01 1.9000e+00 4.9548e+01
3.3090e+00 5.3000e-02 7.4000e+00 1.2000e+01 1.2000e+00 2.8411e+01 3.1390e+00 8.0000e-03 7.6000e+00 1.5100e+01 1.4000e+00 2.5589e+01 3.1400e+00 2.9000e-02 8.0000e+00 1.2100e+01 1.3000e+00 5.2045e+01 3.3840e+00 1.4000e-02 7.5000e+00 1.3100e+01 9.0000e-01 3.6897e+01 4.4400e+00 5.1000e-02 7.8000e+00 1.0400e+01 1.9000e+00 4.9548e+01
