6.9360e+00 3.5500e-01 8.5000e+00 1.6800e+01 2.9000e+00 5.8678e+01 8.5320e+00 4.9900e-01 8.4000e+00 1.2100e+01 3.3000e+00 5.0101e+01 2.8990e+00 6.2000e-02 8.8000e+00 1.3000e+01 1.1000e+00 4.4200e+01 5.9280e+00 1.9700e-01 8.0000e+00 1.4800e+01 2.0000e+00 4.5355e+01 5.5520e+00 2.1100e-01 9.9000e+00 1.1700e+01 2.0000e+00 3.8771e+01
4.9680e+00 1.1000e-01 7.9000e+00 1.4900e+01 2.3000e+00 6.3565e+01 7.5120e+00 3.7900e-01 9.3000e+00 1.8000e+01 5.5000e+00 6.3734e+01 5.9280e+00 1.9700e-01 8.0000e+00 1.4800e+01 2.0000e+00 4.5355e+01 5.5520e+00 2.1100e-01 9.9000e+00 1.1700e+01 2.0000e+00 3.8771e+01 4.2960e+00 9.6000e-02 9.0000e+00 1.1300e+01 2.2000e+00 4.4909e+01
4.8120e+00 1.9200e-01 7.7000e+00 1.4000e+01 3.4000e+00 6.5836e+01 6.3000e+00 2.6900e-01 8.2000e+00 1.3800e+01 3.6000e+00 6.7543e+01 5.5520e+00 2.1100e-01 9.9000e+00 1.1700e+01 2.0000e+00 3.8771e+01 4.2960e+00 9.6000e-02 9.0000e+00 1.1300e+01 2.2000e+00 4.4909e+01 3.8960e+00 7.2000e-02 9.6000e+00 1.2000e+01 2.2000e+00 5.1822e+01
4.7760e+00 1.5800e-01 8.4000e+00 1.1600e+01 2.6000e+00 6.6540e+01 3.2760e+00 7.2000e-02 8.3000e+00 1.0600e+01 2.5000e+00 5.8790e+01 4.2960e+00 9.6000e-02 9.0000e+00 1.1300e+01 2.2000e+00 4.4909e+01 3.8960e+00 7.2000e-02 9.6000e+00 1.2000e+01 2.2000e+00 5.1822e+01 2.7920e+00 3.8000e-02 9.1000e+00 8.4000e+00 2.8000e+00 4.8012e+01
4.4520e+00 3.4000e-02 7.8000e+00 9.9000e+00 1.3000e+00 2.8411e+01 2.9200e+00 3.4000e-02 8.0000e+00 9.0000e+00 2.5000e+00 4.2890e+01 3.8960e+00 7.2000e-02 9.6000e+00 1.2000e+01 2.2000e+00 5.1822e+01 2.7920e+00 3.8000e-02 9.1000e+00 8.4000e+00 2.8000e+00 4.8012e+01 3.3760e+00 1.0100e-01 8.0000e+00 8.7000e+00 3.4000e+00 5.5139e+01
2.1120e+00 1.5400e-01 7.8000e+00 8.0000e+00 3.0000e+00 5.0751e+01 1.7640e+00 1.2000e-01 8.3000e+00 6.9000e+00 2.2000e+00 4.8499e+01 2.7920e+00 3.8000e-02 9.1000e+00 8.4000e+00 2.8000e+00 4.8012e+01 3.3760e+00 1.0100e-01 8.0000e+00 8.7000e+00 3.4000e+00 5.5139e+01 2.5440e+00 7.7000e-02 7.9000e+00 8.9000e+00 2.8000e+00 5.1121e+01
6.4680e+00 4.0800e-01 7.5000e+00 6.9000e+00 4.7000e+00 4.3435e+01 4.2300e+00 8.6000e-02 8.3000e+00 1.0200e+01 1.4000e+00 4.9405e+01 3.3760e+00 1.0100e-01 8.0000e+00 8.7000e+00 3.4000e+00 5.5139e+01 2.5440e+00 7.7000e-02 7.9000e+00 8.9000e+00 2.8000e+00 5.1121e+01 3.2720e+00 1.1500e-01 7.3000e+00 7.6000e+00 8.0000e-01 5.0876e+01
5.2560e+00 2.9800e-01 7.7000e+00 7.9000e+00 3.2000e+00 4.1045e+01 2.4720e+00 1.1000e-01 8.5000e+00 8.8000e+00 1.6000e+00 5.4212e+01 2.5440e+00 7.7000e-02 7.9000e+00 8.9000e+00 2.8000e+00 5.1121e+01 3.2720e+00 1.1500e-01 7.3000e+00 7.6000e+00 8.0000e-01 5.0876e+01 4.7680e+00 3.8400e-01 8.2000e+00 6.5000e+00 2.5000e+00 5.0366e+01
4.2840e+00 3.2600e-01 7.7000e+00 4.9000e+00 5.2000e+00 3.6897e+01 1.9440e+00 1.4000e-02 8.5000e+00 1.0500e+01 8.0000e-01 4.1045e+01 3.2720e+00 1.1500e-01 7.3000e+00 7.6000e+00 8.0000e-01 5.0876e+01 4.7680e+00 3.8400e-01 8.2000e+00 6.5000e+00 2.5000e+00 5.0366e+01 4.5760e+00 3.1200e-01 8.0000e+00 9.6000e+00 2.2000e+00 5.0496e+01
5.4720e+00 3.0700e-01 8.0000e+00 6.0000e+00 3.2000e+00 4.3166e+01 3.4180e+00 8.2000e-02 8.8000e+00 7.3000e+00 1.7000e+00 4.3696e+01 4.7680e+00 3.8400e-01 8.2000e+00 6.5000e+00 2.5000e+00 5.0366e+01 4.5760e+00 3.1200e-01 8.0000e+00 9.6000e+00 2.2000e+00 5.0496e+01 3.6320e+00 1.2100e-01 7.6000e+00 8.1000e+00 1.7000e+00 6.0652e+01
7.6440e+00 7.6440e+00 7.8000e+00 8.2000e+00 3.0000e+00 4.6583e+01 2.8990e+00 6.2000e-02 8.8000e+00 1.3000e+01 1.1000e+00 4.4200e+01 4.5760e+00 3.1200e-01 8.0000e+00 9.6000e+00 2.2000e+00 5.0496e+01 3.6320e+00 1.2100e-01 7.6000e+00 8.1000e+00 1.7000e+00 6.0652e+01 3.6780e+00 1.2600e-01 7.7000e+00 9.7000e+00 1.4000e+00 4.9689e+01
7.9550e+00 5.5200e-01 7.7000e+00 9.2000e+00 2.7000e+00 3.8335e+01 5.9280e+00 1.9700e-01 8.0000e+00 1.4800e+01 2.0000e+00 4.5355e+01 3.6320e+00 1.2100e-01 7.6000e+00 8.1000e+00 1.7000e+00 6.0652e+01 3.6780e+00 1.2600e-01 7.7000e+00 9.7000e+00 1.4000e+00 4.9689e+01 4.2890e+00 1.3200e-01 7.7000e+00 1.1100e+01 1.7000e+00 4.4200e+01
8.5320e+00 4.9900e-01 8.4000e+00 1.2100e+01 3.3000e+00 5.0101e+01 5.5520e+00 2.1100e-01 9.9000e+00 1.1700e+01 2.0000e+00 3.8771e+01 3.6780e+00 1.2600e-01 7.7000e+00 9.7000e+00 1.4000e+00 4.9689e+01 4.2890e+00 1.3200e-01 7.7000e+00 1.1100e+01 1.7000e+00 4.4200e+01 5.0880e+00 1.0900e-01 7.8000e+00 1.2600e+01 2.5000e+00 5.9170e+01
7.5120e+00 3.7900e-01 9.3000e+00 1.8000e+01 5.5000e+00 6.3734e+01 4.2960e+00 9.6000e-02 9.0000e+00 1.1300e+01 2.2000e+00 4.4909e+01 4.2890e+00 1.3200e-01 7.7000e+00 1.1100e+01 1.7000e+00 4.4200e+01 5.0880e+00 1.0900e-01 7.8000e+00 1.2600e+01 2.5000e+00 5.9170e+01 4.5850e+00 1.0300e-01 7.5000e+00 1.2300e+01 3.1000e+00 5.6277e+01
6.3000e+00 2.6900e-01 8.2000e+00 1.3800e+01 3.6000e+00 6.7543e+01 3.8960e+00 7.2000e-02 9.6000e+00 1.2000e+01 2.2000e+00 5.1822e+01 5.0880e+00 1.0900e-01 7.8000e+00 1.2600e+01 2.5000e+00 5.9170e+01 4.5850e+00 1.0300e-01 7.5000e+00 1.2300e+01 3.1000e+00 5.6277e+01 4.1740e+00 1.5200e-01 7.5000e+00 1.1400e+01 2.8000e+00 5.6132e+01
3.2760e+00 7.2000e-02 8.3000e+00 1.0600e+01 2.5000e+00 5.8790e+01 2.7920e+00 3.8000e-02 9.1000e+00 8.4000e+00 2.8000e+00 4.8012e+01 4.5850e+00 1.0300e-01 7.5000e+00 1.2300e+01 3.1000e+00 5.6277e+01 4.1740e+00 1.5200e-01 7.5000e+00 1.1400e+01 2.8000e+00 5.6132e+01 3.9440e+00 1.8800e-01 7.5000e+00 8.9000e+00 2.7000e+00 5.5986e+01
2.9200e+00 3.4000e-02 8.0000e+00 9.0000e+00 2.5000e+00 4.2890e+01 3.3760e+00 1.0100e-01 8.0000e+00 8.7000e+00 3.4000e+00 5.5139e+01 4.1740e+00 1.5200e-01 7.5000e+00 1.1400e+01 2.8000e+00 5.6132e+01 3.9440e+00 1.8800e-01 7.5000e+00 8.9000e+00 2.7000e+00 5.5986e+01 3.5540e+00 2.0400e-01 7.4000e+00 8.6000e+00 2.7000e+00 5.2045e+01
1.7640e+00 1.2000e-01 8.3000e+00 6.9000e+00 2.2000e+00 4.8499e+01 2.5440e+00 7.7000e-02 7.9000e+00 8.9000e+00 2.8000e+00 5.1121e+01 3.9440e+00 1.8800e-01 7.5000e+00 8.9000e+00 2.7000e+00 5.5986e+01 3.5540e+00 2.0400e-01 7.4000e+00 8.6000e+00 2.7000e+00 5.2045e+01 3.4310e+00 2.3200e-01 7.5000e+00 6.9000e+00 2.3000e+00 5.4034e+01
4.2300e+00 8.6000e-02 8.3000e+00 1.0200e+01 1.4000e+00 4.9405e+01 3.2720e+00 1.1500e-01 7.3000e+00 7.6000e+00 8.0000e-01 5.0876e+01 3.5540e+00 2.0400e-01 7.4000e+00 8.6000e+00 2.7000e+00 5.2045e+01 3.4310e+00 2.3200e-01 7.5000e+00 6.9000e+00 2.3000e+00 5.4034e+01 3.3820e+00 2.5000e-01 7.4000e+00 5.6000e+00 3.0000e+00 6.1444e+01
2.4720e+00 1.1000e-01 8.5000e+00 8.8000e+00 1.6000e+00 5.4212e+01 4.7680e+00 3.8400e-01 8.2000e+00 6.5000e+00 2.5000e+00 5.0366e+01 3.4310e+00 2.3200e-01 7.5000e+00 6.9000e+00 2.3000e+00 5.4034e+01 3.3820e+00 2.5000e-01 7.4000e+00 5.6000e+00 3.0000e+00 6.1444e+01 3.3100e+00 1.3500e-01 7.5000e+00 7.5000e+00 2.9000e+00 6.1100e+01
1.9440e+00 1.4000e-02 8.5000e+00 1.0500e+01 8.0000e-01 4.1045e+01 4.5760e+00 3.1200e-01 8.0000e+00 9.6000e+00 2.2000e+00 5.0496e+01 3.3820e+00 2.5000e-01 7.4000e+00 5.6000e+00 3.0000e+00 6.1444e+01 3.3100e+00 1.3500e-01 7.5000e+00 7.5000e+00 2.9000e+00 6.1100e+01 3.5020e+00 1.3300e-01 7.6000e+00 7.1000e+00 2.1000e+00 6.1187e+01
3.4180e+00 8.2000e-02 8.8000e+00 7.3000e+00 1.7000e+00 4.3696e+01 3.6320e+00 1.2100e-01 7.6000e+00 8.1000e+00 1.7000e+00 6.0652e+01 3.3100e+00 1.3500e-01 7.5000e+00 7.5000e+00 2.9000e+00 6.1100e+01 3.5020e+00 1.3300e-01 7.6000e+00 7.1000e+00 2.1000e+00 6.1187e+01 3.5660e+00 1.5400e-01 7.5000e+00 9.0000e+00 1.7000e+00 5.6559e+01
2.8990e+00 6.2000e-02 8.8000e+00 1.3000e+01 1.1000e+00 4.4200e+01 3.6780e+00 1.2600e-01 7.7000e+00 9.7000e+00 1.4000e+00 4.9689e+01 3.5020e+00 1.3300e-01 7.6000e+00 7.1000e+00 2.1000e+00 6.1187e+01 3.5660e+00 1.5400e-01 7.5000e+00 9.0000e+00 1.7000e+00 5.6559e+01 4.2990e+00 1.8500e-01 7.6000e+00 9.1000e+00 1.8000e+00 4.1377e+01
5.9280e+00 1.9700e-01 8.0000e+00 1.4800e+01 2.0000e+00 4.5355e+01 4.2890e+00 1.3200e-01 7.7000e+00 1.1100e+01 1.7000e+00 4.4200e+01 3.5660e+00 1.5400e-01 7.5000e+00 9.0000e+00 1.7000e+00 5.6559e+01 4.2990e+00 1.8500e-01 7.6000e+00 9.1000e+00 1.8000e+00 4.1377e+01 4.8840e+00 1.8100e-01 8.0000e+00 1.1500e+01 1.6000e+00 4.2605e+01
5.5520e+00 2.1100e-01 9.9000e+00 1.1700e+01 2.0000e+00 3.8771e+01 5.0880e+00 1.0900e-01 7.8000e+00 1.2600e+01 2.5000e+00 5.9170e+01 4.2990e+00 1.8500e-01 7.6000e+00 9.1000e+00 1.8000e+00 4.1377e+01 4.8840e+00 1.8100e-01 8.0000e+00 1.1500e+01 1.6000e+00 4.2605e+01 5.5990e+00 1.6500e-01 8.2000e+00 1.3500e+01 2.1000e+00 4.7144e+01
4.2960e+00 9.6000e-02 9.0000e+00 1.1300e+01 2.2000e+00 4.4909e+01 4.5850e+00 1.0300e-01 7.5000e+00 1.2300e+01 3.1000e+00 5.6277e+01 4.8840e+00 1.8100e-01 8.0000e+00 1.1500e+01 1.6000e+00 4.2605e+01 5.5990e+00 1.6500e-01 8.2000e+00 1.3500e+01 2.1000e+00 4.7144e+01 5.5420e+00 1.5500e-01 7.9000e+00 1.2300e+01 3.1000e+00 5.1121e+01
3.8960e+00 7.2000e-02 9.6000e+00 1.2000e+01 2.2000e+00 5.1822e+01 4.1740e+00 1.5200e-01 7.5000e+00 1.1400e+01 2.8000e+00 5.6132e+01 5.5990e+00 1.6500e-01 8.2000e+00 1.3500e+01 2.1000e+00 4.7144e+01 5.5420e+00 1.5500e-01 7.9000e+00 1.2300e+01 3.1000e+00 5.1121e+01 5.5350e+00 1.0800e-01 7.6000e+00 1.2500e+01 4.2000e+00 6.2098e+01
2.7920e+00 3.8000e-02 9.1000e+00 8.4000e+00 2.8000e+00 4.8012e+01 3.9440e+00 1.8800e-01 7.5000e+00 8.9000e+00 2.7000e+00 5.5986e+01 5.5420e+00 1.5500e-01 7.9000e+00 1.2300e+01 3.1000e+00 5.1121e+01 5.5350e+00 1.0800e-01 7.6000e+00 1.2500e+01 4.2000e+00 6.2098e+01 4.4540e+00 1.5300e-01 7.6000e+00 9.1000e+00 3.5000e+00 5.6059e+01
3.3760e+00 1.0100e-01 8.0000e+00 8.7000e+00 3.4000e+00 5.5139e+01 3.5540e+00 2.0400e-01 7.4000e+00 8.6000e+00 2.7000e+00 5.2045e+01 5.5350e+00 1.0800e-01 7.6000e+00 1.2500e+01 4.2000e+00 6.2098e+01 4.4540e+00 1.5300e-01 7.6000e+00 9.1000e+00 3.5000e+00 5.6059e+01 4.3190e+00 1.4300e-01 7.5000e+00 8.1000e+00 3.4000e+00 6.2712e+01
2.5440e+00 7.7000e-02 7.9000e+00 8.9000e+00 2.8000e+00 5.1121e+01 3.4310e+00 2.3200e-01 7.5000e+00 6.9000e+00 2.3000e+00 5.4034e+01 4.4540e+00 1.5300e-01 7.6000e+00 9.1000e+00 3.5000e+00 5.6059e+01 4.3190e+00 1.4300e-01 7.5000e+00 8.1000e+00 3.4000e+00 6.2712e+01 3.9000e+00 2.1800e-01 7.5000e+00 7.3000e+00 2.9000e+00 6.2749e+01
3.2720e+00 1.1500e-01 7.3000e+00 7.6000e+00 8.0000e-01 5.0876e+01 3.3820e+00 2.5000e-01 7.4000e+00 5.6000e+00 3.0000e+00 6.1444e+01 4.3190e+00 1.4300e-01 7.5000e+00 8.1000e+00 3.4000e+00 6.2712e+01 3.9000e+00 2.1800e-01 7.5000e+00 7.3000e+00 2.9000e+00 6.2749e+01 4.4540e+00 2.5500e-01 7.5000e+00 6.5000e+00 2.9000e+00 6.3148e+01
4.7680e+00 3.8400e-01 8.2000e+00 6.5000e+00 2.5000e+00 5.0366e+01 3.3100e+00 1.3500e-01 7.5000e+00 7.5000e+00 2.9000e+00 6.1100e+01 3.9000e+00 2.1800e-01 7.5000e+00 7.3000e+00 2.9000e+00 6.2749e+01 4.4540e+00 2.5500e-01 7.5000e+00 6.5000e+00 2.9000e+00 6.3148e+01 3.6830e+00 1.5900e-01 7.7000e+00 6.6000e+00 3.5000e+00 6.5280e+01
4.5760e+00 3.1200e-01 8.0000e+00 9.6000e+00 2.2000e+00 5.0496e+01 3.5020e+00 1.3300e-01 7.6000e+00 7.1000e+00 2.1000e+00 6.1187e+01 4.4540e+00 2.5500e-01 7.5000e+00 6.5000e+00 2.9000e+00 6.3148e+01 3.6830e+00 1.5900e-01 7.7000e+00 6.6000e+00 3.5000e+00 6.5280e+01 5.3630e+00 2.0900e-01 7.5000e+00 6.7000e+00 2.8000e+00 6.1187e+01
3.6320e+00 1.2100e-01 7.6000e+00 8.1000e+00 1.7000e+00 6.0652e+01 3.5660e+00 1.5400e-01 7.5000e+00 9.0000e+00 1.7000e+00 5.6559e+01 3.6830e+00 1.5900e-01 7.7000e+00 6.6000e+00 3.5000e+00 6.5280e+01 5.3630e+00 2.0900e-01 7.5000e+00 6.7000e+00 2.8000e+00 6.1187e+01 6.1680e+00 2.3900e-01 7.6000e+00 7.5000e+00 3.3000e+00 6.2786e+01
3.6780e+00 1.2600e-01 7.7000e+00 9.7000e+00 1.4000e+00 4.9689e+01 4.2990e+00 1.8500e-01 7.6000e+00 9.1000e+00 1.8000e+00 4.1377e+01 5.3630e+00 2.0900e-01 7.5000e+00 6.7000e+00 2.8000e+00 6.1187e+01 6.1680e+00 2.3900e-01 7.6000e+00 7.5000e+00 3.3000e+00 6.2786e+01 6.4640e+00 2.7900e-01 7.6000e+00 7.6000e+00 2.0000e+00 5.1242e+01
4.2890e+00 1.3200e-01 7.7000e+00 1.1100e+01 1.7000e+00 4.4200e+01 4.8840e+00 1.8100e-01 8.0000e+00 1.1500e+01 1.6000e+00 4.2605e+01 6.1680e+00 2.3900e-01 7.6000e+00 7.5000e+00 3.3000e+00 6.2786e+01 6.4640e+00 2.7900e-01 7.6000e+00 7.6000e+00 2.0000e+00 5.1242e+01 7.0270e+00 1.2500e-01 7.7000e+00 9.9000e+00 2.1000e+00 6.0788e+01
5.0880e+00 1.0900e-01 7.8000e+00 1.2600e+01 2.5000e+00 5.9170e+01 5.5990e+00 1.6500e-01 8.2000e+00 1.3500e+01 2.1000e+00 4.7144e+01 6.4640e+00 2.7900e-01 7.6000e+00 7.6000e+00 2.0000e+00 5.1242e+01 7.0270e+00 1.2500e-01 7.7000e+00 9.9000e+00 2.1000e+00 6.0788e+01 6.7370e+00 1.5000e-02 7.6000e+00 1.3800e+01 3.0000e+00 4.7845e+01
4.5850e+00 1.0300e-01 7.5000e+00 1.2300e+01 3.1000e+00 5.6277e+01 5.5420e+00 1.5500e-01 7.9000e+00 1.2300e+01 3.1000e+00 5.1121e+01 7.0270e+00 1.2500e-01 7.7000e+00 9.9000e+00 2.1000e+00 6.0788e+01 6.7370e+00 1.5000e-02 7.6000e+00 1.3800e+01 3.0000e+00 4.7845e+01 7.6040e+00 9.1000e-02 7.1000e+00 1.2800e+01 2.5000e+00 2.3800e+01
4.1740e+00 1.5200e-01 7.5000e+00 1.1400e+01 2.8000e+00 5.6132e+01 5.5350e+00 1.0800e-01 7.6000e+00 1.2500e+01 4.2000e+00 6.2098e+01 6.7370e+00 1.5000e-02 7.6000e+00 1.3800e+01 3.0000e+00 4.7845e+01 7.6040e+00 9.1000e-02 7.1000e+00 1.2800e+01 2.5000e+00 2.3800e+01 3.5580e+00 2.1000e-02 8.5000e+00 1.3500e+01 1.5000e+00 5.0366e+01
3.9440e+00 1.8800e-01 7.5000e+00 8.9000e+00 2.7000e+00 5.5986e+01 4.4540e+00 1.5300e-01 7.6000e+00 9.1000e+00 3.5000e+00 5.6059e+01 7.6040e+00 9.1000e-02 7.1000e+00 1.2800e+01 2.5000e+00 2.3800e+01 3.5580e+00 2.1000e-02 8.5000e+00 1.3500e+01 1.5000e+00 5.0366e+01 4.2730e+00 5.3000e-02 8.0000e+00 1.0800e+01 2.8000e+00 6.1899e+01
3.5540e+00 2.0400e-01 7.4000e+00 8.6000e+00 2.7000e+00 5.2045e+01 4.3190e+00 1.4300e-01 7.5000e+00 8.1000e+00 3.4000e+00 6.2712e+01 3.5580e+00 2.1000e-02 8.5000e+00 1.3500e+01 1.5000e+00 5.0366e+01 4.2730e+00 5.3000e-02 8.0000e+00 1.0800e+01 2.8000e+00 6.1899e+01 2.8410e+00 3.3000e-02 7.9000e+00 9.9000e+00 1.2000e+00 4.4678e+01
3.4310e+00 2.3200e-01 7.5000e+00 6.9000e+00 2.3000e+00 5.4034e+01 3.9000e+00 2.1800e-01 7.5000e+00 7.3000e+00 2.9000e+00 6.2749e+01 4.2730e+00 5.3000e-02 8.0000e+00 1.0800e+01 2.8000e+00 6.1899e+01 2.8410e+00 3.3000e-02 7.9000e+00 9.9000e+00 1.2000e+00 4.4678e+01 2.2320e+00 4.4000e-02 8.2000e+00 1.0300e+01 1.1000e+00 5.5686e+01
3.3820e+00 2.5000e-01 7.4000e+00 5.6000e+00 3.0000e+00 6.1444e+01 4.4540e+00 2.5500e-01 7.5000e+00 6.5000e+00 2.9000e+00 6.3148e+01 2.8410e+00 3.3000e-02 7.9000e+00 9.9000e+00 1.2000e+00 4.4678e+01 2.2320e+00 4.4000e-02 8.2000e+00 1.0300e+01 1.1000e+00 5.5686e+01 2.8000e+00 4.4000e-02 8.4000e+00 1.2400e+01 1.0000e+00 5.5377e+01
3.3100e+00 1.3500e-01 7.5000e+00 7.5000e+00 2.9000e+00 6.1100e+01 3.6830e+00 1.5900e-01 7.7000e+00 6.6000e+00 3.5000e+00 6.5280e+01 2.2320e+00 4.4000e-02 8.2000e+00 1.0300e+01 1.1000e+00 5.5686e+01 2.8000e+00 4.4000e-02 8.4000e+00 1.2400e+01 1.0000e+00 5.5377e+01 2.3080e+00 9.1000e-02 7.7000e+00 9.7000e+00 9.0000e-01 3.9188e+01
3.5020e+00 1.3300e-01 7.6000e+00 7.1000e+00 2.1000e+00 6.1187e+01 5.3630e+00 2.0900e-01 7.5000e+00 6.7000e+00 2.8000e+00 6.1187e+01 2.8000e+00 4.4000e-02 8.4000e+00 1.2400e+01 1.0000e+00 5.5377e+01 2.3080e+00 9.1000e-02 7.7000e+00 9.7000e+00 9.0000e-01 3.9188e+01 2.0380e+00 7.9000e-02 7.9000e+00 1.0300e+01 1.3000e+00 4.7845e+01
3.5660e+00 1.5400e-01 7.5000e+00 9.0000e+00 1.7000e+00 5.6559e+01 6.1680e+00 2.3900e-01 7.6000e+00 7.5000e+00 3.3000e+00 6.2786e+01 2.3080e+00 9.1000e-02 7.7000e+00 9.7000e+00 9.0000e-01 3.9188e+01 2.0380e+00 7.9000e-02 7.9000e+00 1.0300e+01 1.3000e+00 4.7845e+01 2.9140e+00 4.8000e-02 8.5000e+00 8.3000e+00 8.0000e-01 2.9566e+01
4.2990e+00 1.8500e-01 7.6000e+00 9.1000e+00 1.8000e+00 4.1377e+01 6.4640e+00 2.7900e-01 7.6000e+00 7.6000e+00 2.0000e+00 5.1242e+01 2.0380e+00 7.9000e-02 7.9000e+00 1.0300e+01 1.3000e+00 4.7845e+01 2.9140e+00 4.8000e-02 8.5000e+00 8.3000e+00 8.0000e-01 2.9566e+01 4.5800e+00 4.8000e-02 7.7000e+00 1.1500e+01 2.7000e+00 2.3800e+01
4.8840e+00 1.8100e-01 8.0000e+00 1.1500e+01 1.6000e+00 4.2605e+01 7.0270e+00 1.2500e-01 7.7000e+00 9.9000e+00 2.1000e+00 6.0788e+01 2.9140e+00 4.8000e-02 8.5000e+00 8.3000e+00 8.0000e-01 2.9566e+01 4.5800e+00 4.8000e-02 7.7000e+00 1.1500e+01 2.7000e+00 2.3800e+01 5.9090e+00 4.7000e-02 8.8000e+00 1.3600e+01 8.0000e-01 4.2312e+01
5.5990e+00 1.6500e-01 8.2000e+00 1.3500e+01 2.1000e+00 4.7144e+01 6.7370e+00 1.5000e-02 7.6000e+00 1.3800e+01 3.0000e+00 4.7845e+01 4.5800e+00 4.8000e-02 7.7000e+00 1.1500e+01 2.7000e+00 2.3800e+01 5.9090e+00 4.7000e-02 8.8000e+00 1.3600e+01 8.0000e-01 4.2312e+01 4.0240e+00 3.6000e-02 7.6000e+00 1.3700e+01 2.0000e-01 4.6389e+01
5.5420e+00 1.5500e-01 7.9000e+00 1.2300e+01 3.1000e+00 5.1121e+01 7.6040e+00 9.1000e-02 7.1000e+00 1.2800e+01 2.5000e+00 2.3800e+01 5.9090e+00 4.7000e-02 8.8000e+00 1.3600e+01 8.0000e-01 4.2312e+01 4.0240e+00 3.6000e-02 7.6000e+00 1.3700e+01 2.0000e-01 4.6389e+01 5.5110e+00 1.0000e-02 6.5000e+00 1.4200e+01 9.0000e-01 4.4678e+01
5.5350e+00 1.0800e-01 7.6000e+00 1.2500e+01 4.2000e+00 6.2098e+01 3.5580e+00 2.1000e-02 8.5000e+00 1.3500e+01 1.5000e+00 5.0366e+01 4.0240e+00 3.6000e-02 7.6000e+00 1.3700e+01 2.0000e-01 4.6389e+01 5.5110e+00 1.0000e-02 6.5000e+00 1.4200e+01 9.0000e-01 4.4678e+01 5.3720e+00 1.2000e-02 7.6000e+00 1.3000e+01 1.7000e+00 4.9405e+01
4.4540e+00 1.5300e-01 7.6000e+00 9.1000e+00 3.5000e+00 5.6059e+01 4.2730e+00 5.3000e-02 8.0000e+00 1.0800e+01 2.8000e+00 6.1899e+01 5.5110e+00 1.0000e-02 6.5000e+00 1.4200e+01 9.0000e-01 4.4678e+01 5.3720e+00 1.2000e-02 7.6000e+00 1.3000e+01 1.7000e+00 4.9405e+01 3.3030e+00 2.0000e-02 7.2000e+00 1.1700e+01 1.3000e+00 4.5571e+01
4.3190e+00 1.4300e-01 7.5000e+00 8.1000e+00 3.4000e+00 6.2712e+01 2.8410e+00 3.3000e-02 7.9000e+00 9.9000e+00 1.2000e+00 4.4678e+01 5.3720e+00 1.2000e-02 7.6000e+00 1.3000e+01 1.7000e+00 4.9405e+01 3.3030e+00 2.0000e-02 7.2000e+00 1.1700e+01 1.3000e+00 4.5571e+01 3.4300e+00 1.7000e-02 8.0000e+00 1.1400e+01 6.0000e-01 3.4578e+01
3.9000e+00 2.1800e-01 7.5000e+00 7.3000e+00 2.9000e+00 6.2749e+01 2.2320e+00 4.4000e-02 8.2000e+00 1.0300e+01 1.1000e+00 5.5686e+01 3.3030e+00 2.0000e-02 7.2000e+00 1.1700e+01 1.3000e+00 4.5571e+01 3.4300e+00 1.7000e-02 8.0000e+00 1.1400e+01 6.0000e-01 3.4578e+01 2.1560e+00 5.3000e-02 7.9000e+00 8.1000e+00 1.4000e+00 2.8411e+01
4.4540e+00 2.5500e-01 7.5000e+00 6.5000e+00 2.9000e+00 6.3148e+01 2.8000e+00 4.4000e-02 8.4000e+00 1.2400e+01 1.0000e+00 5.5377e+01 3.4300e+00 1.7000e-02 8.0000e+00 1.1400e+01 6.0000e-01 3.4578e+01 2.1560e+00 5.3000e-02 7.9000e+00 8.1000e+00 1.4000e+00 2.8411e+01 3.3240e+00 3.3000e-02 7.3000e+00 8.9000e+00 9.0000e-01 3.8771e+01
3.6830e+00 1.5900e-01 7.7000e+00 6.6000e+00 3.5000e+00 6.5280e+01 2.3080e+00 9.1000e-02 7.7000e+00 9.7000e+00 9.0000e-01 3.9188e+01 2.1560e+00 5.3000e-02 7.9000e+00 8.1000e+00 1.4000e+00 2.8411e+01 3.3240e+00 3.3000e-02 7.3000e+00 8.9000e+00 9.0000e-01 3.8771e+01 2.3860e+00 2.3000e-02 7.8000e+00 8.8000e+00 3.0000e-01 2.1611e+01
5.3630e+00 2.0900e-01 7.5000e+00 6.7000e+00 2.8000e+00 6.1187e+01 2.0380e+00 7.9000e-02 7.9000e+00 1.0300e+01 1.3000e+00 4.7845e+01 3.3240e+00 3.3000e-02 7.3000e+00 8.9000e+00 9.0000e-01 3.8771e+01 2.3860e+00 2.3000e-02 7.8000e+00 8.8000e+00 3.0000e-01 2.1611e+01 2.5950e+00 3.2000e-02 7.7000e+00 9.4000e+00 1.1000e+00 4.4909e+01
6.1680e+00 2.3900e-01 7.6000e+00 7.5000e+00 3.3000e+00 6.2786e+01 2.9140e+00 4.8000e-02 8.5000e+00 8.3000e+00 8.0000e-01 2.9566e+01 2.3860e+00 2.3000e-02 7.8000e+00 8.8000e+00 3.0000e-01 2.1611e+01 2.5950e+00 3.2000e-02 7.7000e+00 9.4000e+00 1.1000e+00 4.4909e+01 3.3560e+00 1.9000e-02 7.9000e+00 1.2100e+01 9.0000e-01 5.2788e+01
6.4640e+00 2.7900e-01 7.6000e+00 7.6000e+00 2.0000e+00 5.1242e+01 4.5800e+00 4.8000e-02 7.7000e+00 1.1500e+01 2.7000e+00 2.3800e+01 2.5950e+00 3.2000e-02 7.7000e+00 9.4000e+00 1.1000e+00 4.4909e+01 3.3560e+00 1.9000e-02 7.9000e+00 1.2100e+01 9.0000e-01 5.2788e+01 3.7170e+00 1.2000e-02 7.7000e+00 1.0800e+01 2.9000e+00 4.2011e+01
7.0270e+00 1.2500e-01 7.7000e+00 9.9000e+00 2.1000e+00 6.0788e+01 5.9090e+00 4.7000e-02 8.8000e+00 1.3600e+01 8.0000e-01 4.2312e+01 3.3560e+00 1.9000e-02 7.9000e+00 1.2100e+01 9.0000e-01 5.2788e+01 3.7170e+00 1.2000e-02 7.7000e+00 1.0800e+01 2.9000e+00 4.2011e+01 4.6650e+00 1.5000e-02 7.4000e+00 1.5700e+01 2.3000e+00 5.8101e+01
6.7370e+00 1.5000e-02 7.6000e+00 1.3800e+01 3.0000e+00 4.7845e+01 4.0240e+00 3.6000e-02 7.6000e+00 1.3700e+01 2.0000e-01 4.6389e+01 3.7170e+00 1.2000e-02 7.7000e+00 1.0800e+01 2.9000e+00 4.2011e+01 4.6650e+00 1.5000e-02 7.4000e+00 1.5700e+01 2.3000e+00 5.8101e+01 7.0890e+00 1.3000e-01 7.4000e+00 1.2200e+01 4.4000e+00 3.8335e+01
7.6040e+00 9.1000e-02 7.1000e+00 1.2800e+01 2.5000e+00 2.3800e+01 5.5110e+00 1.0000e-02 6.5000e+00 1.4200e+01 9.0000e-01 4.4678e+01 4.6650e+00 1.5000e-02 7.4000e+00 1.5700e+01 2.3000e+00 5.8101e+01 7.0890e+00 1.3000e-01 7.4000e+00 1.2200e+01 4.4000e+00 3.8335e+01 5.9930e+00 1.1000e-02 7.4000e+00 1.3200e+01 2.2000e+00 3.9974e+01
3.5580e+00 2.1000e-02 8.5000e+00 1.3500e+01 1.5000e+00 5.0366e+01 5.3720e+00 1.2000e-02 7.6000e+00 1.3000e+01 1.7000e+00 4.9405e+01 7.0890e+00 1.3000e-01 7.4000e+00 1.2200e+01 4.4000e+00 3.8335e+01 5.9930e+00 1.1000e-02 7.4000e+00 1.3200e+01 2.2000e+00 3.9974e+01 3.3250e+00 1.5000e-02 6.8000e+00 1.1400e+01 2.0000e+00 5.1709e+01
4.2730e+00 5.3000e-02 8.0000e+00 1.0800e+01 2.8000e+00 6.1899e+01 3.3030e+00 2.0000e-02 7.2000e+00 1.1700e+01 1.3000e+00 4.5571e+01 5.9930e+00 1.1000e-02 7.4000e+00 1.3200e+01 2.2000e+00 3.9974e+01 3.3250e+00 1.5000e-02 6.8000e+00 1.1400e+01 2.0000e+00 5.1709e+01 3.1850e+00 2.6000e-02 7.3000e+00 1.0900e+01 1.6000e+00 4.7324e+01
2.8410e+00 3.3000e-02 7.9000e+00 9.9000e+00 1.2000e+00 4.4678e+01 3.4300e+00 1.7000e-02 8.0000e+00 1.1400e+01 6.0000e-01 3.4578e+01 3.3250e+00 1.5000e-02 6.8000e+00 1.1400e+01 2.0000e+00 5.1709e+01 3.1850e+00 2.6000e-02 7.3000e+00 1.0900e+01 1.6000e+00 4.7324e+01 2.5340e+00 4.0000e-02 8.2000e+00 1.1700e+01 1.5000e+00 4.5571e+01
2.2320e+00 4.4000e-02 8.2000e+00 1.0300e+01 1.1000e+00 5.5686e+01 2.1560e+00 5.3000e-02 7.9000e+00 8.1000e+00 1.4000e+00 2.8411e+01 3.1850e+00 2.6000e-02 7.3000e+00 1.0900e+01 1.6000e+00 4.7324e+01 2.5340e+00 4.0000e-02 8.2000e+00 1.1700e+01 1.5000e+00 4.5571e+01 2.4540e+00 2.9000e-02 7.7000e+00 9.7000e+00 6.0000e-01 5.0999e+01
2.8000e+00 4.4000e-02 8.4000e+00 1.2400e+01 1.0000e+00 5.5377e+01 3.3240e+00 3.3000e-02 7.3000e+00 8.9000e+00 9.0000e-01 3.8771e+01 2.5340e+00 4.0000e-02 8.2000e+00 1.1700e+01 1.5000e+00 4.5571e+01 2.4540e+00 2.9000e-02 7.7000e+00 9.7000e+00 6.0000e-01 5.0999e+01 2.3170e+00 5.9000e-02 7.3000e+00 7.5000e+00 1.0000e+00 4.1699e+01
2.3080e+00 9.1000e-02 7.7000e+00 9.7000e+00 9.0000e-01 3.9188e+01 2.3860e+00 2.3000e-02 7.8000e+00 8.8000e+00 3.0000e-01 2.1611e+01 2.4540e+00 2.9000e-02 7.7000e+00 9.7000e+00 6.0000e-01 5.0999e+01 2.3170e+00 5.9000e-02 7.3000e+00 7.5000e+00 1.0000e+00 4.1699e+01 1.5540e+00 9.1000e-02 8.6000e+00 7.3000e+00 2.0000e+00 6.4811e+01
2.0380e+00 7.9000e-02 7.9000e+00 1.0300e+01 1.3000e+00 4.7845e+01 2.5950e+00 3.2000e-02 7.7000e+00 9.4000e+00 1.1000e+00 4.4909e+01 2.3170e+00 5.9000e-02 7.3000e+00 7.5000e+00 1.0000e+00 4.1699e+01 1.5540e+00 9.1000e-02 8.6000e+00 7.3000e+00 2.0000e+00 6.4811e+01 2.3080e+00 6.0000e-02 7.3000e+00 7.9000e+00 6.0000e-01 2.9566e+01
2.9140e+00 4.8000e-02 8.5000e+00 8.3000e+00 8.0000e-01 2.9566e+01 3.3560e+00 1.9000e-02 7.9000e+00 1.2100e+01 9.0000e-01 5.2788e+01 1.5540e+00 9.1000e-02 8.6000e+00 7.3000e+00 2.0000e+00 6.4811e+01 2.3080e+00 6.0000e-02 7.3000e+00 7.9000e+00 6.0000e-01 2.9566e+01 2.2180e+00 3.9000e-02 7.4000e+00 8.3000e+00 1.8000e+00 3.0600e+01
4.5800e+00 4.8000e-02 7.7000e+00 1.1500e+01 2.7000e+00 2.3800e+01 3.7170e+00 1.2000e-02 7.7000e+00 1.0800e+01 2.9000e+00 4.2011e+01 2.3080e+00 6.0000e-02 7.3000e+00 7.9000e+00 6.0000e-01 2.9566e+01 2.2180e+00 3.9000e-02 7.4000e+00 8.3000e+00 1.8000e+00 3.0600e+01 3.5260e+00 3.5000e-02 7.4000e+00 1.1800e+01 9.0000e-01 3.8771e+01
5.9090e+00 4.7000e-02 8.8000e+00 1.3600e+01 8.0000e-01 4.2312e+01 4.6650e+00 1.5000e-02 7.4000e+00 1.5700e+01 2.3000e+00 5.8101e+01 2.2180e+00 3.9000e-02 7.4000e+00 8.3000e+00 1.8000e+00 3.0600e+01 3.5260e+00 3.5000e-02 7.4000e+00 1.1800e+01 9.0000e-01 3.8771e+01 2.8990e+00 1.5000e-02 6.5000e+00 1.2400e+01 1.0000e+00 3.8771e+01
5.5110e+00 1.0000e-02 6.5000e+00 1.4200e+01 9.0000e-01 4.4678e+01 5.9930e+00 1.1000e-02 7.4000e+00 1.3200e+01 2.2000e+00 3.9974e+01 2.8990e+00 1.5000e-02 6.5000e+00 1.2400e+01 1.0000e+00 3.8771e+01 4.4400e+00 5.1000e-02 7.8000e+00 1.0400e+01 1.9000e+00 4.9548e+01 5.0340e+00 6.0000e-02 8.5000e+00 1.5100e+01 2.3000e+00 4.4442e+01
5.3720e+00 1.2000e-02 7.6000e+00 1.3000e+01 1.7000e+00 4.9405e+01 3.3250e+00 1.5000e-02 6.8000e+00 1.1400e+01 2.0000e+00 5.1709e+01 4.4400e+00 5.1000e-02 7.8000e+00 1.0400e+01 1.9000e+00 4.9548e+01 5.0340e+00 6.0000e-02 8.5000e+00 1.5100e+01 2.3000e+00 4.4442e+01 5.3900e+00 9.9000e-02 8.1000e+00 1.3000e+01 6.6000e+00 5.8219e+01
3.3030e+00 2.0000e-02 7.2000e+00 1.1700e+01 1.3000e+00 4.5571e+01 3.1850e+00 2.6000e-02 7.3000e+00 1.0900e+01 1.6000e+00 4.7324e+01 5.0340e+00 6.0000e-02 8.5000e+00 1.5100e+01 2.3000e+00 4.4442e+01 5.3900e+00 9.9000e-02 8.1000e+00 1.3000e+01 6.6000e+00 5.8219e+01 3.9670e+00 4.2000e-02 8.5000e+00 1.3000e+01 2.8000e+00 5.7296e+01
3.4300e+00 1.7000e-02 8.0000e+00 1.1400e+01 6.0000e-01 3.4578e+01 2.5340e+00 4.0000e-02 8.2000e+00 1.1700e+01 1.5000e+00 4.5571e+01 5.3900e+00 9.9000e-02 8.1000e+00 1.3000e+01 6.6000e+00 5.8219e+01 3.9670e+00 4.2000e-02 8.5000e+00 1.3000e+01 2.8000e+00 5.7296e+01 2.7770e+00 2.9000e-02 9.0000e+00 1.2300e+01 1.4000e+00 5.1360e+01
2.1560e+00 5.3000e-02 7.9000e+00 8.1000e+00 1.4000e+00 2.8411e+01 2.4540e+00 2.9000e-02 7.7000e+00 9.7000e+00 6.0000e-01 5.0999e+01 3.9670e+00 4.2000e-02 8.5000e+00 1.3000e+01 2.8000e+00 5.7296e+01 2.7770e+00 2.9000e-02 9.0000e+00 1.2300e+01 1.4000e+00 5.1360e+01 1.6850e+00 4.9000e-02 8.6000e+00 1.1200e+01 1.4000e+00 5.0101e+01
3.3240e+00 3.3000e-02 7.3000e+00 8.9000e+00 9.0000e-01 3.8771e+01 2.3170e+00 5.9000e-02 7.3000e+00 7.5000e+00 1.0000e+00 4.1699e+01 2.7770e+00 2.9000e-02 9.0000e+00 1.2300e+01 1.4000e+00 5.1360e+01 1.6850e+00 4.9000e-02 8.6000e+00 1.1200e+01 1.4000e+00 5.0101e+01 1.8320e+00 7.8000e-02 9.4000e+00 1.4400e+01 2.4000e+00 6.8878e+01
2.3860e+00 2.3000e-02 7.8000e+00 8.8000e+00 3.0000e-01 2.1611e+01 1.5540e+00 9.1000e-02 8.6000e+00 7.3000e+00 2.0000e+00 6.4811e+01 1.6850e+00 4.9000e-02 8.6000e+00 1.1200e+01 1.4000e+00 5.0101e+01 1.8320e+00 7.8000e-02 9.4000e+00 1.4400e+01 2.4000e+00 6.8878e+01 2.2320e+00 5.6000e-02 7.7000e+00 7.5000e+00 7.0000e-01 2.7101e+01
2.5950e+00 3.2000e-02 7.7000e+00 9.4000e+00 1.1000e+00 4.4909e+01 2.3080e+00 6.0000e-02 7.3000e+00 7.9000e+00 6.0000e-01 2.9566e+01 1.8320e+00 7.8000e-02 9.4000e+00 1.4400e+01 2.4000e+00 6.8878e+01 2.2320e+00 5.6000e-02 7.7000e+00 7.5000e+00 7.0000e-01 2.7101e+01 2.4140e+00 6.4000e-02 8.8000e+00 1.0600e+01 4.0000e-01 3.1535e+01
3.3560e+00 1.9000e-02 7.9000e+00 1.2100e+01 9.0000e-01 5.2788e+01 2.2180e+00 3.9000e-02 7.4000e+00 8.3000e+00 1.8000e+00 3.0600e+01 2.2320e+00 5.6000e-02 7.7000e+00 7.5000e+00 7.0000e-01 2.7101e+01 2.4140e+00 6.4000e-02 8.8000e+00 1.0600e+01 4.0000e-01 3.1535e+01 2.2230e+00 4.2000e-02 8.6000e+00 1.3600e+01 5.0000e-01 2.5589e+01
3.7170e+00 1.2000e-02 7.7000e+00 1.0800e+01 2.9000e+00 4.2011e+01 3.5260e+00 3.5000e-02 7.4000e+00 1.1800e+01 9.0000e-01 3.8771e+01 2.4140e+00 6.4000e-02 8.8000e+00 1.0600e+01 4.0000e-01 3.1535e+01 2.2230e+00 4.2000e-02 8.6000e+00 1.3600e+01 5.0000e-01 2.5589e+01 3.7820e+00 1.9000e-02 9.2000e+00 1.7800e+01 2.0000e-01 3.0600e+01
4.6650e+00 1.5000e-02 7.4000e+00 1.5700e+01 2.3000e+00 5.8101e+01 2.8990e+00 1.5000e-02 6.5000e+00 1.2400e+01 1.0000e+00 3.8771e+01 2.2230e+00 4.2000e-02 8.6000e+00 1.3600e+01 5.0000e-01 2.5589e+01 3.7820e+00 1.9000e-02 9.2000e+00 1.7800e+01 2.0000e-01 3.0600e+01 3.6290e+00 3.2000e-02 8.1000e+00 1.5800e+01 1.0000e-01 4.1045e+01
7.0890e+00 1.3000e-01 7.4000e+00 1.2200e+01 4.4000e+00 3.8335e+01 4.4400e+00 5.1000e-02 7.8000e+00 1.0400e+01 1.9000e+00 4.9548e+01 3.7820e+00 1.9000e-02 9.2000e+00 1.7800e+01 2.0000e-01 3.0600e+01 3.6290e+00 3.2000e-02 8.1000e+00 1.5800e+01 1.0000e-01 4.1045e+01 3.1660e+00 1.7000e-02 7.9000e+00 1.5100e+01 1.5000e+00 3.9589e+01
5.9930e+00 1.1000e-02 7.4000e+00 1.3200e+01 2.2000e+00 3.9974e+01 5.0340e+00 6.0000e-02 8.5000e+00 1.5100e+01 2.3000e+00 4.4442e+01 3.6290e+00 3.2000e-02 8.1000e+00 1.5800e+01 1.0000e-01 4.1045e+01 3.1660e+00 1.7000e-02 7.9000e+00 1.5100e+01 1.5000e+00 3.9589e+01 4.0400e+00 5.0000e-03 8.4000e+00 1.4800e+01 8.0000e-01 4.1699e+01
3.3250e+00 1.5000e-02 6.8000e+00 1.1400e+01 2.0000e+00 5.1709e+01 5.3900e+00 9.9000e-02 8.1000e+00 1.3000e+01 6.6000e+00 5.8219e+01 3.1660e+00 1.7000e-02 7.9000e+00 1.5100e+01 1.5000e+00 3.9589e+01 4.0400e+00 5.0000e-03 8.4000e+00 1.4800e+01 8.0000e-01 4.1699e+01 2.9560e+00 8.0000e-03 8.3000e+00 1.4000e+01 1.5000e+00 4.2605e+01
3.1850e+00 2.6000e-02 7.3000e+00 1.0900e+01 1.6000e+00 4.7324e+01 3.9670e+00 4.2000e-02 8.5000e+00 1.3000e+01 2.8000e+00 5.7296e+01 4.0400e+00 5.0000e-03 8.4000e+00 1.4800e+01 8.0000e-01 4.1699e+01 2.9560e+00 8.0000e-03 8.3000e+00 1.4000e+01 1.5000e+00 4.2605e+01 3.6300e+00 1.6000e-02 9.4000e+00 1.4700e+01 1.3000e+00 4.1377e+01
4.0240e+00 3.6000e-02 7.6000e+00 1.3700e+01 2.0000e-01 4.6389e+01 7.0890e+00 1.3000e-01 7.4000e+00 1.2200e+01 4.4000e+00 3.8335e+01 3.5260e+00 3.5000e-02 7.4000e+00 1.1800e+01 9.0000e-01 3.8771e+01 2.8990e+00 1.5000e-02 6.5000e+00 1.2400e+01 1.0000e+00 3.8771e+01 4.4400e+00 5.1000e-02 7.8000e+00 1.0400e+01 1.9000e+00 4.9548e+01
