5.9710e+00 2.3300e-01 7.1000e+00 1.7000e+01 2.9000e+00 6.6590e+01 5.1480e+00 1.7200e-01 8.1000e+00 1.5500e+01 2.8000e+00 7.1119e+01 2.9660e+00 1.2200e-01 7.4000e+00 1.2000e+01 1.2000e+00 4.9548e+01 3.3540e+00 1.0300e-01 7.4000e+00 1.3200e+01 9.0000e-01 4.4678e+01 3.7600e+00 1.6400e-01 7.7000e+00 1.4200e+01 1.8000e+00 5.4300e+01
5.0140e+00 2.3000e-01 8.1000e+00 1.6000e+01 4.4000e+00 7.4343e+01 4.7030e+00 1.0400e-01 8.5000e+00 1.6400e+01 4.2000e+00 7.7207e+01 3.3540e+00 1.0300e-01 7.4000e+00 1.3200e+01 9.0000e-01 4.4678e+01 3.7600e+00 1.6400e-01 7.7000e+00 1.4200e+01 1.8000e+00 5.4300e+01 3.7020e+00 9.9000e-02 7.7000e+00 1.5000e+01 1.8000e+00 5.5610e+01
4.2010e+00 1.3700e-01 7.9000e+00 1.2600e+01 5.8000e+00 7.2527e+01 3.7860e+00 1.2300e-01 7.7000e+00 1.2800e+01 4.5000e+00 7.3072e+01 3.7600e+00 1.6400e-01 7.7000e+00 1.4200e+01 1.8000e+00 5.4300e+01 3.7020e+00 9.9000e-02 7.7000e+00 1.5000e+01 1.8000e+00 5.5610e+01 3.7300e+00 5.4000e-02 7.7000e+00 1.3000e+01 3.1000e+00 6.5754e+01
4.2650e+00 1.4600e-01 7.9000e+00 1.2700e+01 5.7000e+00 7.2022e+01 2.4840e+00 5.5000e-02 8.0000e+00 1.1800e+01 3.2000e+00 6.5251e+01 3.7020e+00 9.9000e-02 7.7000e+00 1.5000e+01 1.8000e+00 5.5610e+01 3.7300e+00 5.4000e-02 7.7000e+00 1.3000e+01 3.1000e+00 6.5754e+01 3.0770e+00 7.3000e-02 7.7000e+00 1.2400e+01 2.8000e+00 6.2562e+01
3.5160e+00 8.3000e-02 7.3000e+00 1.0200e+01 2.1000e+00 5.5837e+01 2.6110e+00 1.1400e-01 8.0000e+00 1.0000e+01 5.3000e+00 6.8138e+01 3.7300e+00 5.4000e-02 7.7000e+00 1.3000e+01 3.1000e+00 6.5754e+01 3.0770e+00 7.3000e-02 7.7000e+00 1.2400e+01 2.8000e+00 6.2562e+01 3.0200e+00 8.9000e-02 8.0000e+00 1.0400e+01 3.2000e+00 6.2859e+01
3.0800e+00 9.4000e-02 7.8000e+00 9.4000e+00 1.9000e+00 5.5837e+01 2.2030e+00 1.4700e-01 7.9000e+00 7.8000e+00 1.9000e+00 6.2294e+01 3.0770e+00 7.3000e-02 7.7000e+00 1.2400e+01 2.8000e+00 6.2562e+01 3.0200e+00 8.9000e-02 8.0000e+00 1.0400e+01 3.2000e+00 6.2859e+01 2.4640e+00 7.0000e-02 7.7000e+00 9.5000e+00 2.8000e+00 6.0086e+01
2.6080e+00 9.6000e-02 8.2000e+00 1.0000e+01 1.7000e+00 4.3435e+01 2.1220e+00 1.4100e-01 7.5000e+00 7.9000e+00 1.2000e+00 5.4977e+01 3.0200e+00 8.9000e-02 8.0000e+00 1.0400e+01 3.2000e+00 6.2859e+01 2.4640e+00 7.0000e-02 7.7000e+00 9.5000e+00 2.8000e+00 6.0086e+01 2.1140e+00 5.5000e-02 7.3000e+00 7.7000e+00 2.8000e+00 4.1377e+01
2.6530e+00 9.9000e-02 7.8000e+00 9.6000e+00 1.0000e+00 3.9974e+01 2.2540e+00 1.0400e-01 8.0000e+00 8.1000e+00 2.2000e+00 5.7488e+01 2.4640e+00 7.0000e-02 7.7000e+00 9.5000e+00 2.8000e+00 6.0086e+01 2.1140e+00 5.5000e-02 7.3000e+00 7.7000e+00 2.8000e+00 4.1377e+01 2.4230e+00 7.5000e-02 7.4000e+00 7.8000e+00 1.5000e+00 5.2476e+01
3.8860e+00 1.0700e-01 8.0000e+00 8.3000e+00 1.3000e+00 5.6348e+01 2.2530e+00 8.1000e-02 8.1000e+00 1.2700e+01 1.2000e+00 5.5533e+01 2.1140e+00 5.5000e-02 7.3000e+00 7.7000e+00 2.8000e+00 4.1377e+01 2.4230e+00 7.5000e-02 7.4000e+00 7.8000e+00 1.5000e+00 5.2476e+01 2.9990e+00 1.1200e-01 7.4000e+00 7.3000e+00 1.5000e+00 5.2581e+01
3.7820e+00 1.6700e-01 8.0000e+00 9.8000e+00 1.6000e+00 5.9790e+01 2.7830e+00 1.4700e-01 7.7000e+00 1.0400e+01 1.6000e+00 6.1230e+01 2.4230e+00 7.5000e-02 7.4000e+00 7.8000e+00 1.5000e+00 5.2476e+01 2.9990e+00 1.1200e-01 7.4000e+00 7.3000e+00 1.5000e+00 5.2581e+01 3.0440e+00 6.6000e-02 7.7000e+00 9.1000e+00 1.6000e+00 6.3497e+01
3.8950e+00 1.5900e-01 7.7000e+00 9.9000e+00 1.7000e+00 6.4537e+01 2.9660e+00 1.2200e-01 7.4000e+00 1.2000e+01 1.2000e+00 4.9548e+01 2.9990e+00 1.1200e-01 7.4000e+00 7.3000e+00 1.5000e+00 5.2581e+01 3.0440e+00 6.6000e-02 7.7000e+00 9.1000e+00 1.6000e+00 6.3497e+01 3.7690e+00 1.1800e-01 7.6000e+00 1.1300e+01 1.7000e+00 5.1478e+01
3.9040e+00 1.9800e-01 7.6000e+00 1.2700e+01 1.0000e+00 4.8656e+01 3.3540e+00 1.0300e-01 7.4000e+00 1.3200e+01 9.0000e-01 4.4678e+01 3.0440e+00 6.6000e-02 7.7000e+00 9.1000e+00 1.6000e+00 6.3497e+01 3.7690e+00 1.1800e-01 7.6000e+00 1.1300e+01 1.7000e+00 5.1478e+01 4.3160e+00 1.0000e-01 7.4000e+00 1.3700e+01 1.3000e+00 4.8656e+01
5.1480e+00 1.7200e-01 8.1000e+00 1.5500e+01 2.8000e+00 7.1119e+01 3.7600e+00 1.6400e-01 7.7000e+00 1.4200e+01 1.8000e+00 5.4300e+01 3.7690e+00 1.1800e-01 7.6000e+00 1.1300e+01 1.7000e+00 5.1478e+01 4.3160e+00 1.0000e-01 7.4000e+00 1.3700e+01 1.3000e+00 4.8656e+01 5.6090e+00 9.8000e-02 7.8000e+00 1.4600e+01 2.2000e+00 6.2600e+01
4.7030e+00 1.0400e-01 8.5000e+00 1.6400e+01 4.2000e+00 7.7207e+01 3.7020e+00 9.9000e-02 7.7000e+00 1.5000e+01 1.8000e+00 5.5610e+01 4.3160e+00 1.0000e-01 7.4000e+00 1.3700e+01 1.3000e+00 4.8656e+01 5.6090e+00 9.8000e-02 7.8000e+00 1.4600e+01 2.2000e+00 6.2600e+01 4.8090e+00 1.1100e-01 7.8000e+00 1.3800e+01 2.0000e+00 5.9890e+01
3.7860e+00 1.2300e-01 7.7000e+00 1.2800e+01 4.5000e+00 7.3072e+01 3.7300e+00 5.4000e-02 7.7000e+00 1.3000e+01 3.1000e+00 6.5754e+01 5.6090e+00 9.8000e-02 7.8000e+00 1.4600e+01 2.2000e+00 6.2600e+01 4.8090e+00 1.1100e-01 7.8000e+00 1.3800e+01 2.0000e+00 5.9890e+01 3.7590e+00 1.0600e-01 7.7000e+00 1.2600e+01 3.5000e+00 6.7987e+01
2.4840e+00 5.5000e-02 8.0000e+00 1.1800e+01 3.2000e+00 6.5251e+01 3.0770e+00 7.3000e-02 7.7000e+00 1.2400e+01 2.8000e+00 6.2562e+01 4.8090e+00 1.1100e-01 7.8000e+00 1.3800e+01 2.0000e+00 5.9890e+01 3.7590e+00 1.0600e-01 7.7000e+00 1.2600e+01 3.5000e+00 6.7987e+01 3.7610e+00 1.4700e-01 7.7000e+00 1.1300e+01 4.6000e+00 6.0278e+01
2.6110e+00 1.1400e-01 8.0000e+00 1.0000e+01 5.3000e+00 6.8138e+01 3.0200e+00 8.9000e-02 8.0000e+00 1.0400e+01 3.2000e+00 6.2859e+01 3.7590e+00 1.0600e-01 7.7000e+00 1.2600e+01 3.5000e+00 6.7987e+01 3.7610e+00 1.4700e-01 7.7000e+00 1.1300e+01 4.6000e+00 6.0278e+01 3.3900e+00 1.5000e-01 7.8000e+00 8.7000e+00 2.8000e+00 5.4387e+01
2.2030e+00 1.4700e-01 7.9000e+00 7.8000e+00 1.9000e+00 6.2294e+01 2.4640e+00 7.0000e-02 7.7000e+00 9.5000e+00 2.8000e+00 6.0086e+01 3.7610e+00 1.4700e-01 7.7000e+00 1.1300e+01 4.6000e+00 6.0278e+01 3.3900e+00 1.5000e-01 7.8000e+00 8.7000e+00 2.8000e+00 5.4387e+01 2.9760e+00 1.7000e-01 8.0000e+00 8.0000e+00 2.0000e+00 5.9276e+01
2.1220e+00 1.4100e-01 7.5000e+00 7.9000e+00 1.2000e+00 5.4977e+01 2.1140e+00 5.5000e-02 7.3000e+00 7.7000e+00 2.8000e+00 4.1377e+01 3.3900e+00 1.5000e-01 7.8000e+00 8.7000e+00 2.8000e+00 5.4387e+01 2.9760e+00 1.7000e-01 8.0000e+00 8.0000e+00 2.0000e+00 5.9276e+01 2.5050e+00 1.5900e-01 8.0000e+00 7.9000e+00 2.6000e+00 6.1939e+01
2.2540e+00 1.0400e-01 8.0000e+00 8.1000e+00 2.2000e+00 5.7488e+01 2.4230e+00 7.5000e-02 7.4000e+00 7.8000e+00 1.5000e+00 5.2476e+01 2.9760e+00 1.7000e-01 8.0000e+00 8.0000e+00 2.0000e+00 5.9276e+01 2.5050e+00 1.5900e-01 8.0000e+00 7.9000e+00 2.6000e+00 6.1939e+01 2.4740e+00 9.4000e-02 8.0000e+00 7.9000e+00 2.1000e+00 6.0652e+01
2.2530e+00 8.1000e-02 8.1000e+00 1.2700e+01 1.2000e+00 5.5533e+01 2.9990e+00 1.1200e-01 7.4000e+00 7.3000e+00 1.5000e+00 5.2581e+01 2.5050e+00 1.5900e-01 8.0000e+00 7.9000e+00 2.6000e+00 6.1939e+01 2.4740e+00 9.4000e-02 8.0000e+00 7.9000e+00 2.1000e+00 6.0652e+01 2.9300e+00 1.0700e-01 7.8000e+00 7.9000e+00 2.1000e+00 5.7676e+01
2.7830e+00 1.4700e-01 7.7000e+00 1.0400e+01 1.6000e+00 6.1230e+01 3.0440e+00 6.6000e-02 7.7000e+00 9.1000e+00 1.6000e+00 6.3497e+01 2.4740e+00 9.4000e-02 8.0000e+00 7.9000e+00 2.1000e+00 6.0652e+01 2.9300e+00 1.0700e-01 7.8000e+00 7.9000e+00 2.1000e+00 5.7676e+01 3.3890e+00 1.1400e-01 7.9000e+00 8.3000e+00 1.9000e+00 5.5219e+01
2.9660e+00 1.2200e-01 7.4000e+00 1.2000e+01 1.2000e+00 4.9548e+01 3.7690e+00 1.1800e-01 7.6000e+00 1.1300e+01 1.7000e+00 5.1478e+01 2.9300e+00 1.0700e-01 7.8000e+00 7.9000e+00 2.1000e+00 5.7676e+01 3.3890e+00 1.1400e-01 7.9000e+00 8.3000e+00 1.9000e+00 5.5219e+01 4.2490e+00 1.1900e-01 7.7000e+00 1.0600e+01 1.7000e+00 4.5355e+01
3.3540e+00 1.0300e-01 7.4000e+00 1.3200e+01 9.0000e-01 4.4678e+01 4.3160e+00 1.0000e-01 7.4000e+00 1.3700e+01 1.3000e+00 4.8656e+01 3.3890e+00 1.1400e-01 7.9000e+00 8.3000e+00 1.9000e+00 5.5219e+01 4.2490e+00 1.1900e-01 7.7000e+00 1.0600e+01 1.7000e+00 4.5355e+01 5.0280e+00 1.3200e-01 7.5000e+00 1.3500e+01 1.4000e+00 5.1709e+01
3.7600e+00 1.6400e-01 7.7000e+00 1.4200e+01 1.8000e+00 5.4300e+01 5.6090e+00 9.8000e-02 7.8000e+00 1.4600e+01 2.2000e+00 6.2600e+01 4.2490e+00 1.1900e-01 7.7000e+00 1.0600e+01 1.7000e+00 4.5355e+01 5.0280e+00 1.3200e-01 7.5000e+00 1.3500e+01 1.4000e+00 5.1709e+01 5.8200e+00 1.4000e-01 7.6000e+00 1.3300e+01 1.7000e+00 5.9009e+01
3.7020e+00 9.9000e-02 7.7000e+00 1.5000e+01 1.8000e+00 5.5610e+01 4.8090e+00 1.1100e-01 7.8000e+00 1.3800e+01 2.0000e+00 5.9890e+01 5.0280e+00 1.3200e-01 7.5000e+00 1.3500e+01 1.4000e+00 5.1709e+01 5.8200e+00 1.4000e-01 7.6000e+00 1.3300e+01 1.7000e+00 5.9009e+01 5.8530e+00 1.3900e-01 7.4000e+00 1.3900e+01 2.1000e+00 5.7488e+01
3.7300e+00 5.4000e-02 7.7000e+00 1.3000e+01 3.1000e+00 6.5754e+01 3.7590e+00 1.0600e-01 7.7000e+00 1.2600e+01 3.5000e+00 6.7987e+01 5.8200e+00 1.4000e-01 7.6000e+00 1.3300e+01 1.7000e+00 5.9009e+01 5.8530e+00 1.3900e-01 7.4000e+00 1.3900e+01 2.1000e+00 5.7488e+01 5.9220e+00 9.5000e-02 7.5000e+00 1.3100e+01 4.1000e+00 7.1071e+01
3.0770e+00 7.3000e-02 7.7000e+00 1.2400e+01 2.8000e+00 6.2562e+01 3.7610e+00 1.4700e-01 7.7000e+00 1.1300e+01 4.6000e+00 6.0278e+01 5.8530e+00 1.3900e-01 7.4000e+00 1.3900e+01 2.1000e+00 5.7488e+01 5.9220e+00 9.5000e-02 7.5000e+00 1.3100e+01 4.1000e+00 7.1071e+01 4.3410e+00 1.1300e-01 7.7000e+00 1.0900e+01 4.0000e+00 6.6812e+01
3.0200e+00 8.9000e-02 8.0000e+00 1.0400e+01 3.2000e+00 6.2859e+01 3.3900e+00 1.5000e-01 7.8000e+00 8.7000e+00 2.8000e+00 5.4387e+01 5.9220e+00 9.5000e-02 7.5000e+00 1.3100e+01 4.1000e+00 7.1071e+01 4.3410e+00 1.1300e-01 7.7000e+00 1.0900e+01 4.0000e+00 6.6812e+01 4.1440e+00 1.3500e-01 7.9000e+00 9.0000e+00 3.4000e+00 6.2896e+01
2.4640e+00 7.0000e-02 7.7000e+00 9.5000e+00 2.8000e+00 6.0086e+01 2.9760e+00 1.7000e-01 8.0000e+00 8.0000e+00 2.0000e+00 5.9276e+01 4.3410e+00 1.1300e-01 7.7000e+00 1.0900e+01 4.0000e+00 6.6812e+01 4.1440e+00 1.3500e-01 7.9000e+00 9.0000e+00 3.4000e+00 6.2896e+01 3.8660e+00 1.9200e-01 8.2000e+00 8.1000e+00 2.4000e+00 6.4660e+01
2.1140e+00 5.5000e-02 7.3000e+00 7.7000e+00 2.8000e+00 4.1377e+01 2.5050e+00 1.5900e-01 8.0000e+00 7.9000e+00 2.6000e+00 6.1939e+01 4.1440e+00 1.3500e-01 7.9000e+00 9.0000e+00 3.4000e+00 6.2896e+01 3.8660e+00 1.9200e-01 8.2000e+00 8.1000e+00 2.4000e+00 6.4660e+01 3.7080e+00 2.3000e-01 7.9000e+00 8.0000e+00 3.3000e+00 6.1695e+01
2.4230e+00 7.5000e-02 7.4000e+00 7.8000e+00 1.5000e+00 5.2476e+01 2.4740e+00 9.4000e-02 8.0000e+00 7.9000e+00 2.1000e+00 6.0652e+01 3.8660e+00 1.9200e-01 8.2000e+00 8.1000e+00 2.4000e+00 6.4660e+01 3.7080e+00 2.3000e-01 7.9000e+00 8.0000e+00 3.3000e+00 6.1695e+01 3.5670e+00 1.4800e-01 7.8000e+00 7.1000e+00 3.4000e+00 6.2712e+01
2.9990e+00 1.1200e-01 7.4000e+00 7.3000e+00 1.5000e+00 5.2581e+01 2.9300e+00 1.0700e-01 7.8000e+00 7.9000e+00 2.1000e+00 5.7676e+01 3.7080e+00 2.3000e-01 7.9000e+00 8.0000e+00 3.3000e+00 6.1695e+01 3.5670e+00 1.4800e-01 7.8000e+00 7.1000e+00 3.4000e+00 6.2712e+01 5.4370e+00 1.7600e-01 7.7000e+00 6.1000e+00 5.6000e+00 6.2410e+01
3.0440e+00 6.6000e-02 7.7000e+00 9.1000e+00 1.6000e+00 6.3497e+01 3.3890e+00 1.1400e-01 7.9000e+00 8.3000e+00 1.9000e+00 5.5219e+01 3.5670e+00 1.4800e-01 7.8000e+00 7.1000e+00 3.4000e+00 6.2712e+01 5.4370e+00 1.7600e-01 7.7000e+00 6.1000e+00 5.6000e+00 6.2410e+01 5.4460e+00 1.7500e-01 7.8000e+00 8.0000e+00 3.4000e+00 5.9223e+01
3.7690e+00 1.1800e-01 7.6000e+00 1.1300e+01 1.7000e+00 5.1478e+01 4.2490e+00 1.1900e-01 7.7000e+00 1.0600e+01 1.7000e+00 4.5355e+01 5.4370e+00 1.7600e-01 7.7000e+00 6.1000e+00 5.6000e+00 6.2410e+01 5.4460e+00 1.7500e-01 7.8000e+00 8.0000e+00 3.4000e+00 5.9223e+01 6.1710e+00 2.3400e-01 7.7000e+00 9.6000e+00 2.9000e+00 4.8656e+01
4.3160e+00 1.0000e-01 7.4000e+00 1.3700e+01 1.3000e+00 4.8656e+01 5.0280e+00 1.3200e-01 7.5000e+00 1.3500e+01 1.4000e+00 5.1709e+01 5.4460e+00 1.7500e-01 7.8000e+00 8.0000e+00 3.4000e+00 5.9223e+01 6.1710e+00 2.3400e-01 7.7000e+00 9.6000e+00 2.9000e+00 4.8656e+01 6.1460e+00 1.1900e-01 7.8000e+00 1.1800e+01 1.9000e+00 6.4128e+01
5.6090e+00 9.8000e-02 7.8000e+00 1.4600e+01 2.2000e+00 6.2600e+01 5.8200e+00 1.4000e-01 7.6000e+00 1.3300e+01 1.7000e+00 5.9009e+01 6.1710e+00 2.3400e-01 7.7000e+00 9.6000e+00 2.9000e+00 4.8656e+01 6.1460e+00 1.1900e-01 7.8000e+00 1.1800e+01 1.9000e+00 6.4128e+01 9.0020e+00 4.0000e-02 8.4000e+00 1.4600e+01 6.0000e+00 7.7557e+01
4.8090e+00 1.1100e-01 7.8000e+00 1.3800e+01 2.0000e+00 5.9890e+01 5.8530e+00 1.3900e-01 7.4000e+00 1.3900e+01 2.1000e+00 5.7488e+01 6.1460e+00 1.1900e-01 7.8000e+00 1.1800e+01 1.9000e+00 6.4128e+01 9.0020e+00 4.0000e-02 8.4000e+00 1.4600e+01 6.0000e+00 7.7557e+01 1.1491e+01 1.0000e-01 7.7000e+00 1.3200e+01 4.4000e+00 6.7878e+01
3.7590e+00 1.0600e-01 7.7000e+00 1.2600e+01 3.5000e+00 6.7987e+01 5.9220e+00 9.5000e-02 7.5000e+00 1.3100e+01 4.1000e+00 7.1071e+01 9.0020e+00 4.0000e-02 8.4000e+00 1.4600e+01 6.0000e+00 7.7557e+01 1.1491e+01 1.0000e-01 7.7000e+00 1.3200e+01 4.4000e+00 6.7878e+01 5.0540e+00 2.3000e-02 8.2000e+00 1.3700e+01 4.5000e+00 6.4781e+01
3.7610e+00 1.4700e-01 7.7000e+00 1.1300e+01 4.6000e+00 6.0278e+01 4.3410e+00 1.1300e-01 7.7000e+00 1.0900e+01 4.0000e+00 6.6812e+01 1.1491e+01 1.0000e-01 7.7000e+00 1.3200e+01 4.4000e+00 6.7878e+01 5.0540e+00 2.3000e-02 8.2000e+00 1.3700e+01 4.5000e+00 6.4781e+01 4.1900e+00 3.5000e-02 7.7000e+00 1.1400e+01 3.6000e+00 5.2155e+01
3.3900e+00 1.5000e-01 7.8000e+00 8.7000e+00 2.8000e+00 5.4387e+01 4.1440e+00 1.3500e-01 7.9000e+00 9.0000e+00 3.4000e+00 6.2896e+01 5.0540e+00 2.3000e-02 8.2000e+00 1.3700e+01 4.5000e+00 6.4781e+01 4.1900e+00 3.5000e-02 7.7000e+00 1.1400e+01 3.6000e+00 5.2155e+01 3.3410e+00 4.0000e-02 7.9000e+00 1.0100e+01 2.5000e+00 6.0134e+01
2.9760e+00 1.7000e-01 8.0000e+00 8.0000e+00 2.0000e+00 5.9276e+01 3.8660e+00 1.9200e-01 8.2000e+00 8.1000e+00 2.4000e+00 6.4660e+01 4.1900e+00 3.5000e-02 7.7000e+00 1.1400e+01 3.6000e+00 5.2155e+01 3.3410e+00 4.0000e-02 7.9000e+00 1.0100e+01 2.5000e+00 6.0134e+01 3.6870e+00 5.6000e-02 7.7000e+00 8.5000e+00 3.3000e+00 6.2098e+01
2.5050e+00 1.5900e-01 8.0000e+00 7.9000e+00 2.6000e+00 6.1939e+01 3.7080e+00 2.3000e-01 7.9000e+00 8.0000e+00 3.3000e+00 6.1695e+01 3.3410e+00 4.0000e-02 7.9000e+00 1.0100e+01 2.5000e+00 6.0134e+01 3.6870e+00 5.6000e-02 7.7000e+00 8.5000e+00 3.3000e+00 6.2098e+01 2.7340e+00 3.6000e-02 8.3000e+00 9.2000e+00 1.4000e+00 5.7424e+01
2.4740e+00 9.4000e-02 8.0000e+00 7.9000e+00 2.1000e+00 6.0652e+01 3.5670e+00 1.4800e-01 7.8000e+00 7.1000e+00 3.4000e+00 6.2712e+01 3.6870e+00 5.6000e-02 7.7000e+00 8.5000e+00 3.3000e+00 6.2098e+01 2.7340e+00 3.6000e-02 8.3000e+00 9.2000e+00 1.4000e+00 5.7424e+01 2.9310e+00 6.2000e-02 8.2000e+00 6.8000e+00 2.1000e+00 6.0326e+01
2.9300e+00 1.0700e-01 7.8000e+00 7.9000e+00 2.1000e+00 5.7676e+01 5.4370e+00 1.7600e-01 7.7000e+00 6.1000e+00 5.6000e+00 6.2410e+01 2.7340e+00 3.6000e-02 8.3000e+00 9.2000e+00 1.4000e+00 5.7424e+01 2.9310e+00 6.2000e-02 8.2000e+00 6.8000e+00 2.1000e+00 6.0326e+01 3.7150e+00 7.2000e-02 8.1000e+00 7.2000e+00 2.0000e+00 6.1359e+01
3.3890e+00 1.1400e-01 7.9000e+00 8.3000e+00 1.9000e+00 5.5219e+01 5.4460e+00 1.7500e-01 7.8000e+00 8.0000e+00 3.4000e+00 5.9223e+01 2.9310e+00 6.2000e-02 8.2000e+00 6.8000e+00 2.1000e+00 6.0326e+01 3.7150e+00 7.2000e-02 8.1000e+00 7.2000e+00 2.0000e+00 6.1359e+01 4.4360e+00 6.9000e-02 8.0000e+00 8.0000e+00 2.8000e+00 5.3943e+01
4.2490e+00 1.1900e-01 7.7000e+00 1.0600e+01 1.7000e+00 4.5355e+01 6.1710e+00 2.3400e-01 7.7000e+00 9.6000e+00 2.9000e+00 4.8656e+01 3.7150e+00 7.2000e-02 8.1000e+00 7.2000e+00 2.0000e+00 6.1359e+01 4.4360e+00 6.9000e-02 8.0000e+00 8.0000e+00 2.8000e+00 5.3943e+01 5.7640e+00 6.2000e-02 7.9000e+00 1.0200e+01 1.5000e+00 4.0701e+01
5.0280e+00 1.3200e-01 7.5000e+00 1.3500e+01 1.4000e+00 5.1709e+01 6.1460e+00 1.1900e-01 7.8000e+00 1.1800e+01 1.9000e+00 6.4128e+01 4.4360e+00 6.9000e-02 8.0000e+00 8.0000e+00 2.8000e+00 5.3943e+01 5.7640e+00 6.2000e-02 7.9000e+00 1.0200e+01 1.5000e+00 4.0701e+01 6.2710e+00 5.8000e-02 7.9000e+00 1.1300e+01 1.8000e+00 5.3667e+01
5.8200e+00 1.4000e-01 7.6000e+00 1.3300e+01 1.7000e+00 5.9009e+01 9.0020e+00 4.0000e-02 8.4000e+00 1.4600e+01 6.0000e+00 7.7557e+01 5.7640e+00 6.2000e-02 7.9000e+00 1.0200e+01 1.5000e+00 4.0701e+01 6.2710e+00 5.8000e-02 7.9000e+00 1.1300e+01 1.8000e+00 5.3667e+01 5.6130e+00 4.2000e-02 8.0000e+00 1.3100e+01 1.3000e+00 5.2155e+01
5.8530e+00 1.3900e-01 7.4000e+00 1.3900e+01 2.1000e+00 5.7488e+01 1.1491e+01 1.0000e-01 7.7000e+00 1.3200e+01 4.4000e+00 6.7878e+01 6.2710e+00 5.8000e-02 7.9000e+00 1.1300e+01 1.8000e+00 5.3667e+01 5.6130e+00 4.2000e-02 8.0000e+00 1.3100e+01 1.3000e+00 5.2155e+01 6.6930e+00 2.9000e-02 7.9000e+00 1.3600e+01 1.9000e+00 5.4644e+01
5.9220e+00 9.5000e-02 7.5000e+00 1.3100e+01 4.1000e+00 7.1071e+01 5.0540e+00 2.3000e-02 8.2000e+00 1.3700e+01 4.5000e+00 6.4781e+01 5.6130e+00 4.2000e-02 8.0000e+00 1.3100e+01 1.3000e+00 5.2155e+01 6.6930e+00 2.9000e-02 7.9000e+00 1.3600e+01 1.9000e+00 5.4644e+01 6.8240e+00 3.4000e-02 8.4000e+00 1.2600e+01 3.6000e+00 6.7078e+01
4.3410e+00 1.1300e-01 7.7000e+00 1.0900e+01 4.0000e+00 6.6812e+01 4.1900e+00 3.5000e-02 7.7000e+00 1.1400e+01 3.6000e+00 5.2155e+01 6.6930e+00 2.9000e-02 7.9000e+00 1.3600e+01 1.9000e+00 5.4644e+01 6.8240e+00 3.4000e-02 8.4000e+00 1.2600e+01 3.6000e+00 6.7078e+01 5.1460e+00 3.4000e-02 8.1000e+00 1.0200e+01 3.5000e+00 6.5280e+01
4.1440e+00 1.3500e-01 7.9000e+00 9.0000e+00 3.4000e+00 6.2896e+01 3.3410e+00 4.0000e-02 7.9000e+00 1.0100e+01 2.5000e+00 6.0134e+01 6.8240e+00 3.4000e-02 8.4000e+00 1.2600e+01 3.6000e+00 6.7078e+01 5.1460e+00 3.4000e-02 8.1000e+00 1.0200e+01 3.5000e+00 6.5280e+01 5.4850e+00 4.3000e-02 8.1000e+00 8.6000e+00 1.6000e+00 5.3188e+01
3.8660e+00 1.9200e-01 8.2000e+00 8.1000e+00 2.4000e+00 6.4660e+01 3.6870e+00 5.6000e-02 7.7000e+00 8.5000e+00 3.3000e+00 6.2098e+01 5.1460e+00 3.4000e-02 8.1000e+00 1.0200e+01 3.5000e+00 6.5280e+01 5.4850e+00 4.3000e-02 8.1000e+00 8.6000e+00 1.6000e+00 5.3188e+01 4.4760e+00 4.9000e-02 8.0000e+00 8.9000e+00 3.3000e+00 6.3900e+01
3.7080e+00 2.3000e-01 7.9000e+00 8.0000e+00 3.3000e+00 6.1695e+01 2.7340e+00 3.6000e-02 8.3000e+00 9.2000e+00 1.4000e+00 5.7424e+01 5.4850e+00 4.3000e-02 8.1000e+00 8.6000e+00 1.6000e+00 5.3188e+01 4.4760e+00 4.9000e-02 8.0000e+00 8.9000e+00 3.3000e+00 6.3900e+01 2.5740e+00 8.2000e-02 8.0000e+00 7.7000e+00 1.6000e+00 5.3760e+01
3.5670e+00 1.4800e-01 7.8000e+00 7.1000e+00 3.4000e+00 6.2712e+01 2.9310e+00 6.2000e-02 8.2000e+00 6.8000e+00 2.1000e+00 6.0326e+01 4.4760e+00 4.9000e-02 8.0000e+00 8.9000e+00 3.3000e+00 6.3900e+01 2.5740e+00 8.2000e-02 8.0000e+00 7.7000e+00 1.6000e+00 5.3760e+01 2.6290e+00 5.7000e-02 7.8000e+00 8.2000e+00 1.4000e+00 5.3943e+01
5.4370e+00 1.7600e-01 7.7000e+00 6.1000e+00 5.6000e+00 6.2410e+01 3.7150e+00 7.2000e-02 8.1000e+00 7.2000e+00 2.0000e+00 6.1359e+01 2.5740e+00 8.2000e-02 8.0000e+00 7.7000e+00 1.6000e+00 5.3760e+01 2.6290e+00 5.7000e-02 7.8000e+00 8.2000e+00 1.4000e+00 5.3943e+01 3.1820e+00 2.8000e-02 8.0000e+00 8.5000e+00 1.3000e+00 6.0513e+01
5.4460e+00 1.7500e-01 7.8000e+00 8.0000e+00 3.4000e+00 5.9223e+01 4.4360e+00 6.9000e-02 8.0000e+00 8.0000e+00 2.8000e+00 5.3943e+01 2.6290e+00 5.7000e-02 7.8000e+00 8.2000e+00 1.4000e+00 5.3943e+01 3.1820e+00 2.8000e-02 8.0000e+00 8.5000e+00 1.3000e+00 6.0513e+01 3.4740e+00 2.6000e-02 8.5000e+00 9.2000e+00 1.1000e+00 6.5019e+01
6.1710e+00 2.3400e-01 7.7000e+00 9.6000e+00 2.9000e+00 4.8656e+01 5.7640e+00 6.2000e-02 7.9000e+00 1.0200e+01 1.5000e+00 4.0701e+01 3.1820e+00 2.8000e-02 8.0000e+00 8.5000e+00 1.3000e+00 6.0513e+01 3.4740e+00 2.6000e-02 8.5000e+00 9.2000e+00 1.1000e+00 6.5019e+01 4.2760e+00 3.2000e-02 8.2000e+00 1.0300e+01 1.1000e+00 6.0467e+01
6.1460e+00 1.1900e-01 7.8000e+00 1.1800e+01 1.9000e+00 6.4128e+01 6.2710e+00 5.8000e-02 7.9000e+00 1.1300e+01 1.8000e+00 5.3667e+01 3.4740e+00 2.6000e-02 8.5000e+00 9.2000e+00 1.1000e+00 6.5019e+01 4.2760e+00 3.2000e-02 8.2000e+00 1.0300e+01 1.1000e+00 6.0467e+01 5.0020e+00 2.0000e-02 8.1000e+00 1.4300e+01 1.6000e+00 6.7149e+01
9.0020e+00 4.0000e-02 8.4000e+00 1.4600e+01 6.0000e+00 7.7557e+01 5.6130e+00 4.2000e-02 8.0000e+00 1.3100e+01 1.3000e+00 5.2155e+01 4.2760e+00 3.2000e-02 8.2000e+00 1.0300e+01 1.1000e+00 6.0467e+01 5.0020e+00 2.0000e-02 8.1000e+00 1.4300e+01 1.6000e+00 6.7149e+01 5.6430e+00 2.9000e-02 8.0000e+00 1.3800e+01 9.0000e-01 5.1934e+01
1.1491e+01 1.0000e-01 7.7000e+00 1.3200e+01 4.4000e+00 6.7878e+01 6.6930e+00 2.9000e-02 7.9000e+00 1.3600e+01 1.9000e+00 5.4644e+01 5.0020e+00 2.0000e-02 8.1000e+00 1.4300e+01 1.6000e+00 6.7149e+01 5.6430e+00 2.9000e-02 8.0000e+00 1.3800e+01 9.0000e-01 5.1934e+01 6.1750e+00 1.4000e-02 8.1000e+00 1.3000e+01 1.5000e+00 5.8278e+01
5.0540e+00 2.3000e-02 8.2000e+00 1.3700e+01 4.5000e+00 6.4781e+01 6.8240e+00 3.4000e-02 8.4000e+00 1.2600e+01 3.6000e+00 6.7078e+01 5.6430e+00 2.9000e-02 8.0000e+00 1.3800e+01 9.0000e-01 5.1934e+01 6.1750e+00 1.4000e-02 8.1000e+00 1.3000e+01 1.5000e+00 5.8278e+01 4.6830e+00 2.7000e-02 7.9000e+00 1.2200e+01 3.1000e+00 6.7767e+01
4.1900e+00 3.5000e-02 7.7000e+00 1.1400e+01 3.6000e+00 5.2155e+01 5.1460e+00 3.4000e-02 8.1000e+00 1.0200e+01 3.5000e+00 6.5280e+01 6.1750e+00 1.4000e-02 8.1000e+00 1.3000e+01 1.5000e+00 5.8278e+01 4.6830e+00 2.7000e-02 7.9000e+00 1.2200e+01 3.1000e+00 6.7767e+01 4.5860e+00 2.9000e-02 7.7000e+00 1.0400e+01 3.7000e+00 6.3599e+01
3.3410e+00 4.0000e-02 7.9000e+00 1.0100e+01 2.5000e+00 6.0134e+01 5.4850e+00 4.3000e-02 8.1000e+00 8.6000e+00 1.6000e+00 5.3188e+01 4.6830e+00 2.7000e-02 7.9000e+00 1.2200e+01 3.1000e+00 6.7767e+01 4.5860e+00 2.9000e-02 7.7000e+00 1.0400e+01 3.7000e+00 6.3599e+01 3.4560e+00 2.8000e-02 7.8000e+00 9.7000e+00 1.6000e+00 6.2371e+01
3.6870e+00 5.6000e-02 7.7000e+00 8.5000e+00 3.3000e+00 6.2098e+01 4.4760e+00 4.9000e-02 8.0000e+00 8.9000e+00 3.3000e+00 6.3900e+01 4.5860e+00 2.9000e-02 7.7000e+00 1.0400e+01 3.7000e+00 6.3599e+01 3.4560e+00 2.8000e-02 7.8000e+00 9.7000e+00 1.6000e+00 6.2371e+01 2.8750e+00 3.8000e-02 8.3000e+00 1.0100e+01 2.0000e+00 6.6464e+01
2.7340e+00 3.6000e-02 8.3000e+00 9.2000e+00 1.4000e+00 5.7424e+01 2.5740e+00 8.2000e-02 8.0000e+00 7.7000e+00 1.6000e+00 5.3760e+01 3.4560e+00 2.8000e-02 7.8000e+00 9.7000e+00 1.6000e+00 6.2371e+01 2.8750e+00 3.8000e-02 8.3000e+00 1.0100e+01 2.0000e+00 6.6464e+01 2.7230e+00 4.3000e-02 7.8000e+00 9.1000e+00 1.6000e+00 6.3801e+01
2.9310e+00 6.2000e-02 8.2000e+00 6.8000e+00 2.1000e+00 6.0326e+01 2.6290e+00 5.7000e-02 7.8000e+00 8.2000e+00 1.4000e+00 5.3943e+01 2.8750e+00 3.8000e-02 8.3000e+00 1.0100e+01 2.0000e+00 6.6464e+01 2.7230e+00 4.3000e-02 7.8000e+00 9.1000e+00 1.6000e+00 6.3801e+01 3.9920e+00 7.0000e-02 7.6000e+00 6.9000e+00 2.6000e+00 6.1612e+01
3.7150e+00 7.2000e-02 8.1000e+00 7.2000e+00 2.0000e+00 6.1359e+01 3.1820e+00 2.8000e-02 8.0000e+00 8.5000e+00 1.3000e+00 6.0513e+01 2.7230e+00 4.3000e-02 7.8000e+00 9.1000e+00 1.6000e+00 6.3801e+01 3.9920e+00 7.0000e-02 7.6000e+00 6.9000e+00 2.6000e+00 6.1612e+01 3.4030e+00 4.2000e-02 8.3000e+00 9.4000e+00 1.2000e+00 6.3801e+01
4.4360e+00 6.9000e-02 8.0000e+00 8.0000e+00 2.8000e+00 5.3943e+01 3.4740e+00 2.6000e-02 8.5000e+00 9.2000e+00 1.1000e+00 6.5019e+01 3.9920e+00 7.0000e-02 7.6000e+00 6.9000e+00 2.6000e+00 6.1612e+01 3.4030e+00 4.2000e-02 8.3000e+00 9.4000e+00 1.2000e+00 6.3801e+01 3.5590e+00 2.6000e-02 8.4000e+00 1.0300e+01 1.7000e+00 6.5589e+01
5.7640e+00 6.2000e-02 7.9000e+00 1.0200e+01 1.5000e+00 4.0701e+01 4.2760e+00 3.2000e-02 8.2000e+00 1.0300e+01 1.1000e+00 6.0467e+01 3.4030e+00 4.2000e-02 8.3000e+00 9.4000e+00 1.2000e+00 6.3801e+01 3.5590e+00 2.6000e-02 8.4000e+00 1.0300e+01 1.7000e+00 6.5589e+01 4.1260e+00 3.0000e-02 7.8000e+00 1.0200e+01 1.5000e+00 5.5377e+01
6.2710e+00 5.8000e-02 7.9000e+00 1.1300e+01 1.8000e+00 5.3667e+01 5.0020e+00 2.0000e-02 8.1000e+00 1.4300e+01 1.6000e+00 6.7149e+01 3.5590e+00 2.6000e-02 8.4000e+00 1.0300e+01 1.7000e+00 6.5589e+01 4.1260e+00 3.0000e-02 7.8000e+00 1.0200e+01 1.5000e+00 5.5377e+01 4.1420e+00 1.6000e-02 7.6000e+00 1.2300e+01 6.0000e-01 5.2370e+01
6.6930e+00 2.9000e-02 7.9000e+00 1.3600e+01 1.9000e+00 5.4644e+01 6.1750e+00 1.4000e-02 8.1000e+00 1.3000e+01 1.5000e+00 5.8278e+01 4.1420e+00 1.6000e-02 7.6000e+00 1.2300e+01 6.0000e-01 5.2370e+01 4.4400e+00 5.1000e-02 7.8000e+00 1.0400e+01 1.9000e+00 4.9548e+01 5.4650e+00 2.0000e-02 8.3000e+00 1.3000e+01 2.3000e+00 6.0467e+01
6.8240e+00 3.4000e-02 8.4000e+00 1.2600e+01 3.6000e+00 6.7078e+01 4.6830e+00 2.7000e-02 7.9000e+00 1.2200e+01 3.1000e+00 6.7767e+01 4.4400e+00 5.1000e-02 7.8000e+00 1.0400e+01 1.9000e+00 4.9548e+01 5.4650e+00 2.0000e-02 8.3000e+00 1.3000e+01 2.3000e+00 6.0467e+01 5.6530e+00 2.1000e-02 8.1000e+00 1.2000e+01 2.6000e+00 6.2333e+01
5.1460e+00 3.4000e-02 8.1000e+00 1.0200e+01 3.5000e+00 6.5280e+01 4.5860e+00 2.9000e-02 7.7000e+00 1.0400e+01 3.7000e+00 6.3599e+01 5.4650e+00 2.0000e-02 8.3000e+00 1.3000e+01 2.3000e+00 6.0467e+01 5.6530e+00 2.1000e-02 8.1000e+00 1.2000e+01 2.6000e+00 6.2333e+01 3.5380e+00 2.1000e-02 8.5000e+00 1.2200e+01 3.6000e+00 6.9659e+01
5.4850e+00 4.3000e-02 8.1000e+00 8.6000e+00 1.6000e+00 5.3188e+01 3.4560e+00 2.8000e-02 7.8000e+00 9.7000e+00 1.6000e+00 6.2371e+01 5.6530e+00 2.1000e-02 8.1000e+00 1.2000e+01 2.6000e+00 6.2333e+01 3.5380e+00 2.1000e-02 8.5000e+00 1.2200e+01 3.6000e+00 6.9659e+01 3.4450e+00 2.4000e-02 8.1000e+00 9.6000e+00 2.0000e+00 5.9840e+01
4.4760e+00 4.9000e-02 8.0000e+00 8.9000e+00 3.3000e+00 6.3900e+01 2.8750e+00 3.8000e-02 8.3000e+00 1.0100e+01 2.0000e+00 6.6464e+01 3.5380e+00 2.1000e-02 8.5000e+00 1.2200e+01 3.6000e+00 6.9659e+01 3.4450e+00 2.4000e-02 8.1000e+00 9.6000e+00 2.0000e+00 5.9840e+01 3.2050e+00 4.9000e-02 8.1000e+00 8.5000e+00 3.1000e+00 6.2968e+01
2.5740e+00 8.2000e-02 8.0000e+00 7.7000e+00 1.6000e+00 5.3760e+01 2.7230e+00 4.3000e-02 7.8000e+00 9.1000e+00 1.6000e+00 6.3801e+01 3.4450e+00 2.4000e-02 8.1000e+00 9.6000e+00 2.0000e+00 5.9840e+01 3.2050e+00 4.9000e-02 8.1000e+00 8.5000e+00 3.1000e+00 6.2968e+01 3.4330e+00 5.4000e-02 8.1000e+00 7.3000e+00 2.0000e+00 6.0788e+01
2.6290e+00 5.7000e-02 7.8000e+00 8.2000e+00 1.4000e+00 5.3943e+01 3.9920e+00 7.0000e-02 7.6000e+00 6.9000e+00 2.6000e+00 6.1612e+01 3.2050e+00 4.9000e-02 8.1000e+00 8.5000e+00 3.1000e+00 6.2968e+01 3.4330e+00 5.4000e-02 8.1000e+00 7.3000e+00 2.0000e+00 6.0788e+01 2.7840e+00 5.4000e-02 8.2000e+00 7.2000e+00 1.5000e+00 6.3497e+01
3.1820e+00 2.8000e-02 8.0000e+00 8.5000e+00 1.3000e+00 6.0513e+01 3.4030e+00 4.2000e-02 8.3000e+00 9.4000e+00 1.2000e+00 6.3801e+01 3.4330e+00 5.4000e-02 8.1000e+00 7.3000e+00 2.0000e+00 6.0788e+01 2.7840e+00 5.4000e-02 8.2000e+00 7.2000e+00 1.5000e+00 6.3497e+01 2.4570e+00 4.2000e-02 7.9000e+00 8.0000e+00 1.3000e+00 6.2177e+01
3.4740e+00 2.6000e-02 8.5000e+00 9.2000e+00 1.1000e+00 6.5019e+01 3.5590e+00 2.6000e-02 8.4000e+00 1.0300e+01 1.7000e+00 6.5589e+01 2.7840e+00 5.4000e-02 8.2000e+00 7.2000e+00 1.5000e+00 6.3497e+01 2.4570e+00 4.2000e-02 7.9000e+00 8.0000e+00 1.3000e+00 6.2177e+01 3.4120e+00 3.1000e-02 8.2000e+00 9.8000e+00 1.3000e+00 6.9362e+01
4.2760e+00 3.2000e-02 8.2000e+00 1.0300e+01 1.1000e+00 6.0467e+01 4.1260e+00 3.0000e-02 7.8000e+00 1.0200e+01 1.5000e+00 5.5377e+01 2.4570e+00 4.2000e-02 7.9000e+00 8.0000e+00 1.3000e+00 6.2177e+01 3.4120e+00 3.1000e-02 8.2000e+00 9.8000e+00 1.3000e+00 6.9362e+01 4.0000e+00 3.3000e-02 7.9000e+00 9.7000e+00 8.0000e-01 5.2476e+01
5.0020e+00 2.0000e-02 8.1000e+00 1.4300e+01 1.6000e+00 6.7149e+01 4.1420e+00 1.6000e-02 7.6000e+00 1.2300e+01 6.0000e-01 5.2370e+01 3.4120e+00 3.1000e-02 8.2000e+00 9.8000e+00 1.3000e+00 6.9362e+01 4.0000e+00 3.3000e-02 7.9000e+00 9.7000e+00 8.0000e-01 5.2476e+01 4.5980e+00 3.6000e-02 8.0000e+00 1.1700e+01 9.0000e-01 5.2370e+01
5.6430e+00 2.9000e-02 8.0000e+00 1.3800e+01 9.0000e-01 5.1934e+01 4.4400e+00 5.1000e-02 7.8000e+00 1.0400e+01 1.9000e+00 4.9548e+01 4.0000e+00 3.3000e-02 7.9000e+00 9.7000e+00 8.0000e-01 5.2476e+01 4.5980e+00 3.6000e-02 8.0000e+00 1.1700e+01 9.0000e-01 5.2370e+01 4.1650e+00 1.7000e-02 8.4000e+00 1.2800e+01 8.0000e-01 5.2685e+01
6.1750e+00 1.4000e-02 8.1000e+00 1.3000e+01 1.5000e+00 5.8278e+01 5.4650e+00 2.0000e-02 8.3000e+00 1.3000e+01 2.3000e+00 6.0467e+01 4.5980e+00 3.6000e-02 8.0000e+00 1.1700e+01 9.0000e-01 5.2370e+01 4.1650e+00 1.7000e-02 8.4000e+00 1.2800e+01 8.0000e-01 5.2685e+01 4.7350e+00 1.3000e-02 8.1000e+00 1.3400e+01 2.0000e+00 5.9790e+01
4.6830e+00 2.7000e-02 7.9000e+00 1.2200e+01 3.1000e+00 6.7767e+01 5.6530e+00 2.1000e-02 8.1000e+00 1.2000e+01 2.6000e+00 6.2333e+01 4.1650e+00 1.7000e-02 8.4000e+00 1.2800e+01 8.0000e-01 5.2685e+01 4.7350e+00 1.3000e-02 8.1000e+00 1.3400e+01 2.0000e+00 5.9790e+01 4.2170e+00 1.5000e-02 8.6000e+00 1.2500e+01 2.2000e+00 6.8349e+01
4.5860e+00 2.9000e-02 7.7000e+00 1.0400e+01 3.7000e+00 6.3599e+01 3.5380e+00 2.1000e-02 8.5000e+00 1.2200e+01 3.6000e+00 6.9659e+01 4.7350e+00 1.3000e-02 8.1000e+00 1.3400e+01 2.0000e+00 5.9790e+01 4.2170e+00 1.5000e-02 8.6000e+00 1.2500e+01 2.2000e+00 6.8349e+01 4.4430e+00 2.3000e-02 8.7000e+00 1.1900e+01 2.7000e+00 6.9677e+01
5.6130e+00 4.2000e-02 8.0000e+00 1.3100e+01 1.3000e+00 5.2155e+01 5.6430e+00 2.9000e-02 8.0000e+00 1.3800e+01 9.0000e-01 5.1934e+01 4.1260e+00 3.0000e-02 7.8000e+00 1.0200e+01 1.5000e+00 5.5377e+01 4.1420e+00 1.6000e-02 7.6000e+00 1.2300e+01 6.0000e-01 5.2370e+01 4.4400e+00 5.1000e-02 7.8000e+00 1.0400e+01 1.9000e+00 4.9548e+01
