1.1280e+01 3.4000e-02 8.2000e+00 1.5600e+01 1.2000e+00 3.3174e+01 4.4400e+00 5.1000e-02 7.8000e+00 1.0400e+01 1.9000e+00 4.9548e+01 1.2328e+01 6.1000e-01 7.9000e+00 8.5000e+00 5.9000e+00 3.1535e+01 1.5588e+01 1.0560e+00 8.4000e+00 1.0200e+01 6.2000e+00 4.5355e+01 1.5816e+01 9.7900e-01 7.7000e+00 1.0600e+01 7.4000e+00 4.1377e+01
1.1592e+01 0.0000e+00 8.1000e+00 1.4300e+01 1.2000e+00 2.9566e+01 4.4400e+00 5.1000e-02 7.8000e+00 1.0400e+01 1.9000e+00 4.9548e+01 1.5588e+01 1.0560e+00 8.4000e+00 1.0200e+01 6.2000e+00 4.5355e+01 1.5816e+01 9.7900e-01 7.7000e+00 1.0600e+01 7.4000e+00 4.1377e+01 1.2144e+01 8.6000e-02 8.1000e+00 1.3800e+01 1.7000e+00 4.2605e+01
4.4400e+00 5.1000e-02 7.8000e+00 1.0400e+01 1.9000e+00 4.9548e+01 4.4400e+00 5.1000e-02 7.8000e+00 1.0400e+01 1.9000e+00 4.9548e+01 1.5816e+01 9.7900e-01 7.7000e+00 1.0600e+01 7.4000e+00 4.1377e+01 1.2144e+01 8.6000e-02 8.1000e+00 1.3800e+01 1.7000e+00 4.2605e+01 6.0960e+00 9.6000e-02 8.1000e+00 1.3600e+01 2.7000e+00 4.4909e+01
1.5048e+01 2.3500e-01 8.2000e+00 9.4000e+00 4.8000e+00 3.5805e+01 4.4400e+00 5.1000e-02 7.8000e+00 1.0400e+01 1.9000e+00 4.9548e+01 1.2144e+01 8.6000e-02 8.1000e+00 1.3800e+01 1.7000e+00 4.2605e+01 6.0960e+00 9.6000e-02 8.1000e+00 1.3600e+01 2.7000e+00 4.4909e+01 5.0160e+00 1.4400e-01 8.0000e+00 6.2000e+00 3.0000e+00 4.4200e+01
4.4400e+00 5.1000e-02 7.8000e+00 1.0400e+01 1.9000e+00 4.9548e+01 4.4400e+00 5.1000e-02 7.8000e+00 1.0400e+01 1.9000e+00 4.9548e+01 6.0960e+00 9.6000e-02 8.1000e+00 1.3600e+01 2.7000e+00 4.4909e+01 5.0160e+00 1.4400e-01 8.0000e+00 6.2000e+00 3.0000e+00 4.4200e+01 4.1280e+00 2.1600e-01 7.6000e+00 5.9000e+00 5.5000e+00 3.0600e+01
4.4400e+00 5.1000e-02 7.8000e+00 1.0400e+01 1.9000e+00 4.9548e+01 3.0880e+00 7.2000e-02 8.5000e+00 9.1000e+00 1.8000e+00 4.7845e+01 5.0160e+00 1.4400e-01 8.0000e+00 6.2000e+00 3.0000e+00 4.4200e+01 4.1280e+00 2.1600e-01 7.6000e+00 5.9000e+00 5.5000e+00 3.0600e+01 3.9600e+00 1.8700e-01 7.7000e+00 8.3000e+00 3.0000e+00 4.3166e+01
4.4400e+00 5.1000e-02 7.8000e+00 1.0400e+01 1.9000e+00 4.9548e+01 4.4400e+00 5.1000e-02 7.8000e+00 1.0400e+01 1.9000e+00 4.9548e+01 4.4400e+00 5.1000e-02 7.8000e+00 1.0400e+01 1.9000e+00 4.9548e+01 4.4400e+00 5.1000e-02 7.8000e+00 1.0400e+01 1.9000e+00 4.9548e+01 9.0520e+00 2.0200e-01 7.9000e+00 9.9000e+00 4.3000e+00 3.7400e+01
4.4400e+00 5.1000e-02 7.8000e+00 1.0400e+01 1.9000e+00 4.9548e+01 4.4400e+00 5.1000e-02 7.8000e+00 1.0400e+01 1.9000e+00 4.9548e+01 4.4400e+00 5.1000e-02 7.8000e+00 1.0400e+01 1.9000e+00 4.9548e+01 9.0520e+00 2.0200e-01 7.9000e+00 9.9000e+00 4.3000e+00 3.7400e+01 7.1880e+00 1.6400e-01 7.8000e+00 1.3500e+01 5.3000e+00 3.7878e+01
4.4400e+00 5.1000e-02 7.8000e+00 1.0400e+01 1.9000e+00 4.9548e+01 4.4400e+00 5.1000e-02 7.8000e+00 1.0400e+01 1.9000e+00 4.9548e+01 9.0520e+00 2.0200e-01 7.9000e+00 9.9000e+00 4.3000e+00 3.7400e+01 7.1880e+00 1.6400e-01 7.8000e+00 1.3500e+01 5.3000e+00 3.7878e+01 7.2460e+00 2.1600e-01 8.1000e+00 1.2100e+01 6.7000e+00 5.0751e+01
4.4400e+00 5.1000e-02 7.8000e+00 1.0400e+01 1.9000e+00 4.9548e+01 4.4400e+00 5.1000e-02 7.8000e+00 1.0400e+01 1.9000e+00 4.9548e+01 7.1880e+00 1.6400e-01 7.8000e+00 1.3500e+01 5.3000e+00 3.7878e+01 7.2460e+00 2.1600e-01 8.1000e+00 1.2100e+01 6.7000e+00 5.0751e+01 4.8380e+00 1.4100e-01 8.0000e+00 9.6000e+00 3.7000e+00 6.0182e+01
4.4400e+00 5.1000e-02 7.8000e+00 1.0400e+01 1.9000e+00 4.9548e+01 4.4400e+00 5.1000e-02 7.8000e+00 1.0400e+01 1.9000e+00 4.9548e+01 7.2460e+00 2.1600e-01 8.1000e+00 1.2100e+01 6.7000e+00 5.0751e+01 4.8380e+00 1.4100e-01 8.0000e+00 9.6000e+00 3.7000e+00 6.0182e+01 2.5650e+00 5.0000e-02 8.2000e+00 1.2000e+01 1.4000e+00 5.3383e+01
4.4400e+00 5.1000e-02 7.8000e+00 1.0400e+01 1.9000e+00 4.9548e+01 4.4400e+00 5.1000e-02 7.8000e+00 1.0400e+01 1.9000e+00 4.9548e+01 4.8380e+00 1.4100e-01 8.0000e+00 9.6000e+00 3.7000e+00 6.0182e+01 2.5650e+00 5.0000e-02 8.2000e+00 1.2000e+01 1.4000e+00 5.3383e+01 2.7570e+00 2.8000e-02 8.1000e+00 9.3000e+00 5.4000e+00 7.3123e+01
4.4400e+00 5.1000e-02 7.8000e+00 1.0400e+01 1.9000e+00 4.9548e+01 4.4400e+00 5.1000e-02 7.8000e+00 1.0400e+01 1.9000e+00 4.9548e+01 2.5650e+00 5.0000e-02 8.2000e+00 1.2000e+01 1.4000e+00 5.3383e+01 2.7570e+00 2.8000e-02 8.1000e+00 9.3000e+00 5.4000e+00 7.3123e+01 4.3910e+00 7.1000e-02 7.8000e+00 1.0000e+01 1.8000e+00 6.0182e+01
4.4400e+00 5.1000e-02 7.8000e+00 1.0400e+01 1.9000e+00 4.9548e+01 4.4400e+00 5.1000e-02 7.8000e+00 1.0400e+01 1.9000e+00 4.9548e+01 2.7570e+00 2.8000e-02 8.1000e+00 9.3000e+00 5.4000e+00 7.3123e+01 4.3910e+00 7.1000e-02 7.8000e+00 1.0000e+01 1.8000e+00 6.0182e+01 3.0720e+00 7.7000e-02 7.8000e+00 9.5000e+00 1.6000e+00 6.1100e+01
4.4400e+00 5.1000e-02 7.8000e+00 1.0400e+01 1.9000e+00 4.9548e+01 4.4400e+00 5.1000e-02 7.8000e+00 1.0400e+01 1.9000e+00 4.9548e+01 4.3910e+00 7.1000e-02 7.8000e+00 1.0000e+01 1.8000e+00 6.0182e+01 3.0720e+00 7.7000e-02 7.8000e+00 9.5000e+00 1.6000e+00 6.1100e+01 4.1010e+00 7.6000e-02 7.8000e+00 6.7000e+00 1.3000e+00 5.5837e+01
4.4400e+00 5.1000e-02 7.8000e+00 1.0400e+01 1.9000e+00 4.9548e+01 4.4400e+00 5.1000e-02 7.8000e+00 1.0400e+01 1.9000e+00 4.9548e+01 3.0720e+00 7.7000e-02 7.8000e+00 9.5000e+00 1.6000e+00 6.1100e+01 4.1010e+00 7.6000e-02 7.8000e+00 6.7000e+00 1.3000e+00 5.5837e+01 3.4770e+00 5.5000e-02 7.4000e+00 8.4000e+00 9.0000e-01 4.2890e+01
4.4400e+00 5.1000e-02 7.8000e+00 1.0400e+01 1.9000e+00 4.9548e+01 4.4400e+00 5.1000e-02 7.8000e+00 1.0400e+01 1.9000e+00 4.9548e+01 4.1010e+00 7.6000e-02 7.8000e+00 6.7000e+00 1.3000e+00 5.5837e+01 3.4770e+00 5.5000e-02 7.4000e+00 8.4000e+00 9.0000e-01 4.2890e+01 8.4230e+00 6.6000e-02 7.5000e+00 1.3000e+01 1.5000e+00 5.2155e+01
4.4400e+00 5.1000e-02 7.8000e+00 1.0400e+01 1.9000e+00 4.9548e+01 4.4400e+00 5.1000e-02 7.8000e+00 1.0400e+01 1.9000e+00 4.9548e+01 3.4770e+00 5.5000e-02 7.4000e+00 8.4000e+00 9.0000e-01 4.2890e+01 8.4230e+00 6.6000e-02 7.5000e+00 1.3000e+01 1.5000e+00 5.2155e+01 5.7920e+00 8.2000e-02 8.2000e+00 1.4300e+01 1.7000e+00 4.6960e+01
4.4400e+00 5.1000e-02 7.8000e+00 1.0400e+01 1.9000e+00 4.9548e+01 9.0520e+00 2.0200e-01 7.9000e+00 9.9000e+00 4.3000e+00 3.7400e+01 8.4230e+00 6.6000e-02 7.5000e+00 1.3000e+01 1.5000e+00 5.2155e+01 5.7920e+00 8.2000e-02 8.2000e+00 1.4300e+01 1.7000e+00 4.6960e+01 5.9090e+00 7.0000e-02 7.8000e+00 1.2800e+01 8.0000e-01 5.3286e+01
4.4400e+00 5.1000e-02 7.8000e+00 1.0400e+01 1.9000e+00 4.9548e+01 7.1880e+00 1.6400e-01 7.8000e+00 1.3500e+01 5.3000e+00 3.7878e+01 5.7920e+00 8.2000e-02 8.2000e+00 1.4300e+01 1.7000e+00 4.6960e+01 5.9090e+00 7.0000e-02 7.8000e+00 1.2800e+01 8.0000e-01 5.3286e+01 6.7470e+00 3.7000e-02 8.2000e+00 1.4000e+01 3.1000e+00 4.8962e+01
4.4400e+00 5.1000e-02 7.8000e+00 1.0400e+01 1.9000e+00 4.9548e+01 7.2460e+00 2.1600e-01 8.1000e+00 1.2100e+01 6.7000e+00 5.0751e+01 5.9090e+00 7.0000e-02 7.8000e+00 1.2800e+01 8.0000e-01 5.3286e+01 6.7470e+00 3.7000e-02 8.2000e+00 1.4000e+01 3.1000e+00 4.8962e+01 5.4040e+00 6.0000e-02 8.1000e+00 1.2900e+01 2.9000e+00 4.6190e+01
4.4400e+00 5.1000e-02 7.8000e+00 1.0400e+01 1.9000e+00 4.9548e+01 4.8380e+00 1.4100e-01 8.0000e+00 9.6000e+00 3.7000e+00 6.0182e+01 6.7470e+00 3.7000e-02 8.2000e+00 1.4000e+01 3.1000e+00 4.8962e+01 5.4040e+00 6.0000e-02 8.1000e+00 1.2900e+01 2.9000e+00 4.6190e+01 3.6310e+00 2.6000e-02 8.3000e+00 1.1300e+01 3.6000e+00 6.7900e+01
4.4400e+00 5.1000e-02 7.8000e+00 1.0400e+01 1.9000e+00 4.9548e+01 2.5650e+00 5.0000e-02 8.2000e+00 1.2000e+01 1.4000e+00 5.3383e+01 5.4040e+00 6.0000e-02 8.1000e+00 1.2900e+01 2.9000e+00 4.6190e+01 3.6310e+00 2.6000e-02 8.3000e+00 1.1300e+01 3.6000e+00 6.7900e+01 2.8380e+00 1.7000e-02 7.7000e+00 8.3000e+00 2.3000e+00 5.2890e+01
4.4400e+00 5.1000e-02 7.8000e+00 1.0400e+01 1.9000e+00 4.9548e+01 2.7570e+00 2.8000e-02 8.1000e+00 9.3000e+00 5.4000e+00 7.3123e+01 3.6310e+00 2.6000e-02 8.3000e+00 1.1300e+01 3.6000e+00 6.7900e+01 2.8380e+00 1.7000e-02 7.7000e+00 8.3000e+00 2.3000e+00 5.2890e+01 2.5900e+00 1.1000e-02 7.4000e+00 8.4000e+00 4.9000e+00 7.4600e+01
4.4400e+00 5.1000e-02 7.8000e+00 1.0400e+01 1.9000e+00 4.9548e+01 4.3910e+00 7.1000e-02 7.8000e+00 1.0000e+01 1.8000e+00 6.0182e+01 2.8380e+00 1.7000e-02 7.7000e+00 8.3000e+00 2.3000e+00 5.2890e+01 2.5900e+00 1.1000e-02 7.4000e+00 8.4000e+00 4.9000e+00 7.4600e+01 3.1930e+00 9.4000e-02 7.4000e+00 6.7000e+00 1.1000e+00 3.6366e+01
4.4400e+00 5.1000e-02 7.8000e+00 1.0400e+01 1.9000e+00 4.9548e+01 3.0720e+00 7.7000e-02 7.8000e+00 9.5000e+00 1.6000e+00 6.1100e+01 2.5900e+00 1.1000e-02 7.4000e+00 8.4000e+00 4.9000e+00 7.4600e+01 3.1930e+00 9.4000e-02 7.4000e+00 6.7000e+00 1.1000e+00 3.6366e+01 4.5090e+00 1.2000e-01 7.4000e+00 8.2000e+00 8.0000e-01 3.5211e+01
4.4400e+00 5.1000e-02 7.8000e+00 1.0400e+01 1.9000e+00 4.9548e+01 4.1010e+00 7.6000e-02 7.8000e+00 6.7000e+00 1.3000e+00 5.5837e+01 3.1930e+00 9.4000e-02 7.4000e+00 6.7000e+00 1.1000e+00 3.6366e+01 4.5090e+00 1.2000e-01 7.4000e+00 8.2000e+00 8.0000e-01 3.5211e+01 3.6070e+00 1.0100e-01 7.9000e+00 8.8000e+00 1.3000e+00 3.7400e+01
4.4400e+00 5.1000e-02 7.8000e+00 1.0400e+01 1.9000e+00 4.9548e+01 3.4770e+00 5.5000e-02 7.4000e+00 8.4000e+00 9.0000e-01 4.2890e+01 4.5090e+00 1.2000e-01 7.4000e+00 8.2000e+00 8.0000e-01 3.5211e+01 3.6070e+00 1.0100e-01 7.9000e+00 8.8000e+00 1.3000e+00 3.7400e+01 3.2630e+00 4.7000e-02 7.9000e+00 9.1000e+00 9.0000e-01 5.2890e+01
4.4400e+00 5.1000e-02 7.8000e+00 1.0400e+01 1.9000e+00 4.9548e+01 8.4230e+00 6.6000e-02 7.5000e+00 1.3000e+01 1.5000e+00 5.2155e+01 3.6070e+00 1.0100e-01 7.9000e+00 8.8000e+00 1.3000e+00 3.7400e+01 3.2630e+00 4.7000e-02 7.9000e+00 9.1000e+00 9.0000e-01 5.2890e+01 3.6320e+00 3.6000e-02 7.8000e+00 1.0300e+01 3.1000e+00 4.5135e+01
4.4400e+00 5.1000e-02 7.8000e+00 1.0400e+01 1.9000e+00 4.9548e+01 5.7920e+00 8.2000e-02 8.2000e+00 1.4300e+01 1.7000e+00 4.6960e+01 3.2630e+00 4.7000e-02 7.9000e+00 9.1000e+00 9.0000e-01 5.2890e+01 3.6320e+00 3.6000e-02 7.8000e+00 1.0300e+01 3.1000e+00 4.5135e+01 3.7380e+00 3.6000e-02 7.7000e+00 1.4800e+01 2.0000e+00 4.5571e+01
9.0520e+00 2.0200e-01 7.9000e+00 9.9000e+00 4.3000e+00 3.7400e+01 5.9090e+00 7.0000e-02 7.8000e+00 1.2800e+01 8.0000e-01 5.3286e+01 3.6320e+00 3.6000e-02 7.8000e+00 1.0300e+01 3.1000e+00 4.5135e+01 3.7380e+00 3.6000e-02 7.7000e+00 1.4800e+01 2.0000e+00 4.5571e+01 3.5200e+00 3.5000e-02 7.7000e+00 1.5400e+01 2.1000e+00 4.7845e+01
7.1880e+00 1.6400e-01 7.8000e+00 1.3500e+01 5.3000e+00 3.7878e+01 6.7470e+00 3.7000e-02 8.2000e+00 1.4000e+01 3.1000e+00 4.8962e+01 3.7380e+00 3.6000e-02 7.7000e+00 1.4800e+01 2.0000e+00 4.5571e+01 3.5200e+00 3.5000e-02 7.7000e+00 1.5400e+01 2.1000e+00 4.7845e+01 3.8300e+00 1.7000e-02 7.7000e+00 1.4300e+01 1.7000e+00 5.1822e+01
7.2460e+00 2.1600e-01 8.1000e+00 1.2100e+01 6.7000e+00 5.0751e+01 5.4040e+00 6.0000e-02 8.1000e+00 1.2900e+01 2.9000e+00 4.6190e+01 3.5200e+00 3.5000e-02 7.7000e+00 1.5400e+01 2.1000e+00 4.7845e+01 3.8300e+00 1.7000e-02 7.7000e+00 1.4300e+01 1.7000e+00 5.1822e+01 3.4220e+00 3.7000e-02 7.8000e+00 1.1400e+01 1.9000e+00 5.0999e+01
4.8380e+00 1.4100e-01 8.0000e+00 9.6000e+00 3.7000e+00 6.0182e+01 3.6310e+00 2.6000e-02 8.3000e+00 1.1300e+01 3.6000e+00 6.7900e+01 3.8300e+00 1.7000e-02 7.7000e+00 1.4300e+01 1.7000e+00 5.1822e+01 3.4220e+00 3.7000e-02 7.8000e+00 1.1400e+01 1.9000e+00 5.0999e+01 4.3730e+00 5.4000e-02 8.0000e+00 1.1000e+01 2.6000e+00 5.9170e+01
2.5650e+00 5.0000e-02 8.2000e+00 1.2000e+01 1.4000e+00 5.3383e+01 2.8380e+00 1.7000e-02 7.7000e+00 8.3000e+00 2.3000e+00 5.2890e+01 3.4220e+00 3.7000e-02 7.8000e+00 1.1400e+01 1.9000e+00 5.0999e+01 4.3730e+00 5.4000e-02 8.0000e+00 1.1000e+01 2.6000e+00 5.9170e+01 3.9710e+00 1.0000e-01 7.7000e+00 8.9000e+00 1.7000e+00 5.4559e+01
2.7570e+00 2.8000e-02 8.1000e+00 9.3000e+00 5.4000e+00 7.3123e+01 2.5900e+00 1.1000e-02 7.4000e+00 8.4000e+00 4.9000e+00 7.4600e+01 4.3730e+00 5.4000e-02 8.0000e+00 1.1000e+01 2.6000e+00 5.9170e+01 3.9710e+00 1.0000e-01 7.7000e+00 8.9000e+00 1.7000e+00 5.4559e+01 4.3070e+00 1.1900e-01 7.8000e+00 8.6000e+00 1.0000e+00 4.5988e+01
4.3910e+00 7.1000e-02 7.8000e+00 1.0000e+01 1.8000e+00 6.0182e+01 3.1930e+00 9.4000e-02 7.4000e+00 6.7000e+00 1.1000e+00 3.6366e+01 3.9710e+00 1.0000e-01 7.7000e+00 8.9000e+00 1.7000e+00 5.4559e+01 4.3070e+00 1.1900e-01 7.8000e+00 8.6000e+00 1.0000e+00 4.5988e+01 3.3830e+00 8.5000e-02 7.8000e+00 8.9000e+00 1.0000e+00 4.7500e+01
3.0720e+00 7.7000e-02 7.8000e+00 9.5000e+00 1.6000e+00 6.1100e+01 4.5090e+00 1.2000e-01 7.4000e+00 8.2000e+00 8.0000e-01 3.5211e+01 4.3070e+00 1.1900e-01 7.8000e+00 8.6000e+00 1.0000e+00 4.5988e+01 3.3830e+00 8.5000e-02 7.8000e+00 8.9000e+00 1.0000e+00 4.7500e+01 3.8130e+00 6.1000e-02 7.9000e+00 8.2000e+00 3.0000e-01 5.7034e+01
4.1010e+00 7.6000e-02 7.8000e+00 6.7000e+00 1.3000e+00 5.5837e+01 3.6070e+00 1.0100e-01 7.9000e+00 8.8000e+00 1.3000e+00 3.7400e+01 3.3830e+00 8.5000e-02 7.8000e+00 8.9000e+00 1.0000e+00 4.7500e+01 3.8130e+00 6.1000e-02 7.9000e+00 8.2000e+00 3.0000e-01 5.7034e+01 3.2250e+00 7.5000e-02 7.8000e+00 8.6000e+00 1.2000e+00 5.5058e+01
3.4770e+00 5.5000e-02 7.4000e+00 8.4000e+00 9.0000e-01 4.2890e+01 3.2630e+00 4.7000e-02 7.9000e+00 9.1000e+00 9.0000e-01 5.2890e+01 3.8130e+00 6.1000e-02 7.9000e+00 8.2000e+00 3.0000e-01 5.7034e+01 3.2250e+00 7.5000e-02 7.8000e+00 8.6000e+00 1.2000e+00 5.5058e+01 4.1140e+00 8.4000e-02 7.8000e+00 9.9000e+00 1.1000e+00 4.5355e+01
8.4230e+00 6.6000e-02 7.5000e+00 1.3000e+01 1.5000e+00 5.2155e+01 3.6320e+00 3.6000e-02 7.8000e+00 1.0300e+01 3.1000e+00 4.5135e+01 3.2250e+00 7.5000e-02 7.8000e+00 8.6000e+00 1.2000e+00 5.5058e+01 4.1140e+00 8.4000e-02 7.8000e+00 9.9000e+00 1.1000e+00 4.5355e+01 4.7830e+00 9.4000e-02 7.8000e+00 1.0400e+01 1.7000e+00 5.0999e+01
5.7920e+00 8.2000e-02 8.2000e+00 1.4300e+01 1.7000e+00 4.6960e+01 3.7380e+00 3.6000e-02 7.7000e+00 1.4800e+01 2.0000e+00 4.5571e+01 4.1140e+00 8.4000e-02 7.8000e+00 9.9000e+00 1.1000e+00 4.5355e+01 4.7830e+00 9.4000e-02 7.8000e+00 1.0400e+01 1.7000e+00 5.0999e+01 4.8200e+00 9.1000e-02 7.5000e+00 1.2000e+01 2.3000e+00 5.6348e+01
6.7470e+00 3.7000e-02 8.2000e+00 1.4000e+01 3.1000e+00 4.8962e+01 3.8300e+00 1.7000e-02 7.7000e+00 1.4300e+01 1.7000e+00 5.1822e+01 4.8200e+00 9.1000e-02 7.5000e+00 1.2000e+01 2.3000e+00 5.6348e+01 4.4400e+00 5.1000e-02 7.8000e+00 1.0400e+01 1.9000e+00 4.9548e+01 5.2770e+00 9.0000e-02 7.9000e+00 1.2900e+01 1.6000e+00 4.8810e+01
5.4040e+00 6.0000e-02 8.1000e+00 1.2900e+01 2.9000e+00 4.6190e+01 3.4220e+00 3.7000e-02 7.8000e+00 1.1400e+01 1.9000e+00 5.0999e+01 4.4400e+00 5.1000e-02 7.8000e+00 1.0400e+01 1.9000e+00 4.9548e+01 5.2770e+00 9.0000e-02 7.9000e+00 1.2900e+01 1.6000e+00 4.8810e+01 4.9280e+00 7.9000e-02 8.0000e+00 1.1500e+01 2.3000e+00 4.9112e+01
3.6310e+00 2.6000e-02 8.3000e+00 1.1300e+01 3.6000e+00 6.7900e+01 4.3730e+00 5.4000e-02 8.0000e+00 1.1000e+01 2.6000e+00 5.9170e+01 5.2770e+00 9.0000e-02 7.9000e+00 1.2900e+01 1.6000e+00 4.8810e+01 4.9280e+00 7.9000e-02 8.0000e+00 1.1500e+01 2.3000e+00 4.9112e+01 3.6270e+00 4.8000e-02 8.1000e+00 1.1300e+01 2.8000e+00 5.7488e+01
2.8380e+00 1.7000e-02 7.7000e+00 8.3000e+00 2.3000e+00 5.2890e+01 3.9710e+00 1.0000e-01 7.7000e+00 8.9000e+00 1.7000e+00 5.4559e+01 4.9280e+00 7.9000e-02 8.0000e+00 1.1500e+01 2.3000e+00 4.9112e+01 3.6270e+00 4.8000e-02 8.1000e+00 1.1300e+01 2.8000e+00 5.7488e+01 3.6250e+00 1.2600e-01 7.6000e+00 9.3000e+00 1.7000e+00 5.3943e+01
2.5900e+00 1.1000e-02 7.4000e+00 8.4000e+00 4.9000e+00 7.4600e+01 4.3070e+00 1.1900e-01 7.8000e+00 8.6000e+00 1.0000e+00 4.5988e+01 3.6270e+00 4.8000e-02 8.1000e+00 1.1300e+01 2.8000e+00 5.7488e+01 3.6250e+00 1.2600e-01 7.6000e+00 9.3000e+00 1.7000e+00 5.3943e+01 2.3410e+00 5.8000e-02 7.8000e+00 8.4000e+00 1.4000e+00 4.7144e+01
3.1930e+00 9.4000e-02 7.4000e+00 6.7000e+00 1.1000e+00 3.6366e+01 3.3830e+00 8.5000e-02 7.8000e+00 8.9000e+00 1.0000e+00 4.7500e+01 3.6250e+00 1.2600e-01 7.6000e+00 9.3000e+00 1.7000e+00 5.3943e+01 2.3410e+00 5.8000e-02 7.8000e+00 8.4000e+00 1.4000e+00 4.7144e+01 2.4150e+00 5.3000e-02 7.9000e+00 9.1000e+00 4.0000e-01 5.8790e+01
4.5090e+00 1.2000e-01 7.4000e+00 8.2000e+00 8.0000e-01 3.5211e+01 3.8130e+00 6.1000e-02 7.9000e+00 8.2000e+00 3.0000e-01 5.7034e+01 2.3410e+00 5.8000e-02 7.8000e+00 8.4000e+00 1.4000e+00 4.7144e+01 2.4150e+00 5.3000e-02 7.9000e+00 9.1000e+00 4.0000e-01 5.8790e+01 3.0760e+00 9.8000e-02 8.0000e+00 8.4000e+00 7.0000e-01 5.5377e+01
3.6070e+00 1.0100e-01 7.9000e+00 8.8000e+00 1.3000e+00 3.7400e+01 3.2250e+00 7.5000e-02 7.8000e+00 8.6000e+00 1.2000e+00 5.5058e+01 2.4150e+00 5.3000e-02 7.9000e+00 9.1000e+00 4.0000e-01 5.8790e+01 3.0760e+00 9.8000e-02 8.0000e+00 8.4000e+00 7.0000e-01 5.5377e+01 2.1350e+00 7.4000e-02 7.9000e+00 8.9000e+00 1.1000e+00 4.2890e+01
3.2630e+00 4.7000e-02 7.9000e+00 9.1000e+00 9.0000e-01 5.2890e+01 4.1140e+00 8.4000e-02 7.8000e+00 9.9000e+00 1.1000e+00 4.5355e+01 3.0760e+00 9.8000e-02 8.0000e+00 8.4000e+00 7.0000e-01 5.5377e+01 2.1350e+00 7.4000e-02 7.9000e+00 8.9000e+00 1.1000e+00 4.2890e+01 2.9840e+00 8.4000e-02 7.7000e+00 7.2000e+00 1.3000e+00 4.8012e+01
3.6320e+00 3.6000e-02 7.8000e+00 1.0300e+01 3.1000e+00 4.5135e+01 4.7830e+00 9.4000e-02 7.8000e+00 1.0400e+01 1.7000e+00 5.0999e+01 2.1350e+00 7.4000e-02 7.9000e+00 8.9000e+00 1.1000e+00 4.2890e+01 2.9840e+00 8.4000e-02 7.7000e+00 7.2000e+00 1.3000e+00 4.8012e+01 3.1330e+00 6.8000e-02 7.6000e+00 8.3000e+00 2.0000e+00 4.3435e+01
3.7380e+00 3.6000e-02 7.7000e+00 1.4800e+01 2.0000e+00 4.5571e+01 4.8200e+00 9.1000e-02 7.5000e+00 1.2000e+01 2.3000e+00 5.6348e+01 2.9840e+00 8.4000e-02 7.7000e+00 7.2000e+00 1.3000e+00 4.8012e+01 3.1330e+00 6.8000e-02 7.6000e+00 8.3000e+00 2.0000e+00 4.3435e+01 4.1930e+00 1.3600e-01 7.5000e+00 1.2800e+01 2.2000e+00 4.4200e+01
3.5200e+00 3.5000e-02 7.7000e+00 1.5400e+01 2.1000e+00 4.7845e+01 4.4400e+00 5.1000e-02 7.8000e+00 1.0400e+01 1.9000e+00 4.9548e+01 3.1330e+00 6.8000e-02 7.6000e+00 8.3000e+00 2.0000e+00 4.3435e+01 4.1930e+00 1.3600e-01 7.5000e+00 1.2800e+01 2.2000e+00 4.4200e+01 5.0080e+00 7.0000e-02 7.5000e+00 1.3000e+01 1.7000e+00 6.1486e+01
3.8300e+00 1.7000e-02 7.7000e+00 1.4300e+01 1.7000e+00 5.1822e+01 5.2770e+00 9.0000e-02 7.9000e+00 1.2900e+01 1.6000e+00 4.8810e+01 4.1930e+00 1.3600e-01 7.5000e+00 1.2800e+01 2.2000e+00 4.4200e+01 5.0080e+00 7.0000e-02 7.5000e+00 1.3000e+01 1.7000e+00 6.1486e+01 4.1310e+00 6.6000e-02 8.0000e+00 1.2100e+01 1.0000e+00 4.3166e+01
3.4220e+00 3.7000e-02 7.8000e+00 1.1400e+01 1.9000e+00 5.0999e+01 4.9280e+00 7.9000e-02 8.0000e+00 1.1500e+01 2.3000e+00 4.9112e+01 5.0080e+00 7.0000e-02 7.5000e+00 1.3000e+01 1.7000e+00 6.1486e+01 4.1310e+00 6.6000e-02 8.0000e+00 1.2100e+01 1.0000e+00 4.3166e+01 3.9690e+00 8.2000e-02 7.6000e+00 1.1000e+01 1.4000e+00 4.8962e+01
4.3730e+00 5.4000e-02 8.0000e+00 1.1000e+01 2.6000e+00 5.9170e+01 3.6270e+00 4.8000e-02 8.1000e+00 1.1300e+01 2.8000e+00 5.7488e+01 4.1310e+00 6.6000e-02 8.0000e+00 1.2100e+01 1.0000e+00 4.3166e+01 3.9690e+00 8.2000e-02 7.6000e+00 1.1000e+01 1.4000e+00 4.8962e+01 3.5250e+00 7.0000e-02 7.6000e+00 1.1100e+01 1.4000e+00 5.0496e+01
4.4400e+00 5.1000e-02 7.8000e+00 1.0400e+01 1.9000e+00 4.9548e+01 4.0960e+00 1.0600e-01 8.3000e+00 9.1000e+00 1.5000e+00 4.8499e+01 4.1280e+00 2.1600e-01 7.6000e+00 5.9000e+00 5.5000e+00 3.0600e+01 3.9600e+00 1.8700e-01 7.7000e+00 8.3000e+00 3.0000e+00 4.3166e+01 4.4400e+00 5.1000e-02 7.8000e+00 1.0400e+01 1.9000e+00 4.9548e+01
4.7760e+00 1.6300e-01 7.5000e+00 7.9000e+00 2.0000e+00 4.0344e+01 3.4960e+00 3.0200e-01 8.4000e+00 1.0100e+01 3.9000e+00 6.0373e+01 3.9600e+00 1.8700e-01 7.7000e+00 8.3000e+00 3.0000e+00 4.3166e+01 4.4400e+00 5.1000e-02 7.8000e+00 1.0400e+01 1.9000e+00 4.9548e+01 4.4400e+00 5.1000e-02 7.8000e+00 1.0400e+01 1.9000e+00 4.9548e+01
3.5640e+00 2.0200e-01 8.8000e+00 1.4100e+01 4.5000e+00 6.5970e+01 5.5280e+00 1.9200e-01 7.8000e+00 8.0000e+00 3.8000e+00 4.1699e+01 4.4400e+00 5.1000e-02 7.8000e+00 1.0400e+01 1.9000e+00 4.9548e+01 4.4400e+00 5.1000e-02 7.8000e+00 1.0400e+01 1.9000e+00 4.9548e+01 4.4400e+00 5.1000e-02 7.8000e+00 1.0400e+01 1.9000e+00 4.9548e+01
4.5240e+00 1.2500e-01 8.0000e+00 1.1200e+01 2.4000e+00 4.0701e+01 4.4400e+00 2.0200e-01 8.0000e+00 1.0100e+01 3.4000e+00 2.9566e+01 4.4400e+00 5.1000e-02 7.8000e+00 1.0400e+01 1.9000e+00 4.9548e+01 4.4400e+00 5.1000e-02 7.8000e+00 1.0400e+01 1.9000e+00 4.9548e+01 4.4400e+00 5.1000e-02 7.8000e+00 1.0400e+01 1.9000e+00 4.9548e+01
8.0160e+00 8.0160e+00 8.3000e+00 1.4000e+01 1.2000e+00 3.3174e+01 1.2328e+01 6.1000e-01 7.9000e+00 8.5000e+00 5.9000e+00 3.1535e+01 4.4400e+00 5.1000e-02 7.8000e+00 1.0400e+01 1.9000e+00 4.9548e+01 4.4400e+00 5.1000e-02 7.8000e+00 1.0400e+01 1.9000e+00 4.9548e+01 4.4400e+00 5.1000e-02 7.8000e+00 1.0400e+01 1.9000e+00 4.9548e+01
1.2096e+01 4.3000e-02 8.6000e+00 1.3500e+01 9.0000e-01 4.9548e+01 1.5588e+01 1.0560e+00 8.4000e+00 1.0200e+01 6.2000e+00 4.5355e+01 4.4400e+00 5.1000e-02 7.8000e+00 1.0400e+01 1.9000e+00 4.9548e+01 4.4400e+00 5.1000e-02 7.8000e+00 1.0400e+01 1.9000e+00 4.9548e+01 4.4400e+00 5.1000e-02 7.8000e+00 1.0400e+01 1.9000e+00 4.9548e+01
4.4400e+00 5.1000e-02 7.8000e+00 1.0400e+01 1.9000e+00 4.9548e+01 1.5816e+01 9.7900e-01 7.7000e+00 1.0600e+01 7.4000e+00 4.1377e+01 4.4400e+00 5.1000e-02 7.8000e+00 1.0400e+01 1.9000e+00 4.9548e+01 4.4400e+00 5.1000e-02 7.8000e+00 1.0400e+01 1.9000e+00 4.9548e+01 4.4400e+00 5.1000e-02 7.8000e+00 1.0400e+01 1.9000e+00 4.9548e+01
4.4400e+00 5.1000e-02 7.8000e+00 1.0400e+01 1.9000e+00 4.9548e+01 1.2144e+01 8.6000e-02 8.1000e+00 1.3800e+01 1.7000e+00 4.2605e+01 4.4400e+00 5.1000e-02 7.8000e+00 1.0400e+01 1.9000e+00 4.9548e+01 4.4400e+00 5.1000e-02 7.8000e+00 1.0400e+01 1.9000e+00 4.9548e+01 4.4400e+00 5.1000e-02 7.8000e+00 1.0400e+01 1.9000e+00 4.9548e+01
4.4400e+00 5.1000e-02 7.8000e+00 1.0400e+01 1.9000e+00 4.9548e+01 6.0960e+00 9.6000e-02 8.1000e+00 1.3600e+01 2.7000e+00 4.4909e+01 4.4400e+00 5.1000e-02 7.8000e+00 1.0400e+01 1.9000e+00 4.9548e+01 4.4400e+00 5.1000e-02 7.8000e+00 1.0400e+01 1.9000e+00 4.9548e+01 4.4400e+00 5.1000e-02 7.8000e+00 1.0400e+01 1.9000e+00 4.9548e+01
4.4400e+00 5.1000e-02 7.8000e+00 1.0400e+01 1.9000e+00 4.9548e+01 5.0160e+00 1.4400e-01 8.0000e+00 6.2000e+00 3.0000e+00 4.4200e+01 4.4400e+00 5.1000e-02 7.8000e+00 1.0400e+01 1.9000e+00 4.9548e+01 4.4400e+00 5.1000e-02 7.8000e+00 1.0400e+01 1.9000e+00 4.9548e+01 4.4400e+00 5.1000e-02 7.8000e+00 1.0400e+01 1.9000e+00 4.9548e+01
4.4400e+00 5.1000e-02 7.8000e+00 1.0400e+01 1.9000e+00 4.9548e+01 4.1280e+00 2.1600e-01 7.6000e+00 5.9000e+00 5.5000e+00 3.0600e+01 4.4400e+00 5.1000e-02 7.8000e+00 1.0400e+01 1.9000e+00 4.9548e+01 4.4400e+00 5.1000e-02 7.8000e+00 1.0400e+01 1.9000e+00 4.9548e+01 4.4400e+00 5.1000e-02 7.8000e+00 1.0400e+01 1.9000e+00 4.9548e+01
3.0880e+00 7.2000e-02 8.5000e+00 9.1000e+00 1.8000e+00 4.7845e+01 3.9600e+00 1.8700e-01 7.7000e+00 8.3000e+00 3.0000e+00 4.3166e+01 4.4400e+00 5.1000e-02 7.8000e+00 1.0400e+01 1.9000e+00 4.9548e+01 4.4400e+00 5.1000e-02 7.8000e+00 1.0400e+01 1.9000e+00 4.9548e+01 4.4400e+00 5.1000e-02 7.8000e+00 1.0400e+01 1.9000e+00 4.9548e+01
4.0960e+00 1.0600e-01 8.3000e+00 9.1000e+00 1.5000e+00 4.8499e+01 4.4400e+00 5.1000e-02 7.8000e+00 1.0400e+01 1.9000e+00 4.9548e+01 4.4400e+00 5.1000e-02 7.8000e+00 1.0400e+01 1.9000e+00 4.9548e+01 4.4400e+00 5.1000e-02 7.8000e+00 1.0400e+01 1.9000e+00 4.9548e+01 4.4400e+00 5.1000e-02 7.8000e+00 1.0400e+01 1.9000e+00 4.9548e+01
3.4960e+00 3.0200e-01 8.4000e+00 1.0100e+01 3.9000e+00 6.0373e+01 4.4400e+00 5.1000e-02 7.8000e+00 1.0400e+01 1.9000e+00 4.9548e+01 4.4400e+00 5.1000e-02 7.8000e+00 1.0400e+01 1.9000e+00 4.9548e+01 4.4400e+00 5.1000e-02 7.8000e+00 1.0400e+01 1.9000e+00 4.9548e+01 4.4400e+00 5.1000e-02 7.8000e+00 1.0400e+01 1.9000e+00 4.9548e+01
5.5280e+00 1.9200e-01 7.8000e+00 8.0000e+00 3.8000e+00 4.1699e+01 4.4400e+00 5.1000e-02 7.8000e+00 1.0400e+01 1.9000e+00 4.9548e+01 4.4400e+00 5.1000e-02 7.8000e+00 1.0400e+01 1.9000e+00 4.9548e+01 4.4400e+00 5.1000e-02 7.8000e+00 1.0400e+01 1.9000e+00 4.9548e+01 4.4400e+00 5.1000e-02 7.8000e+00 1.0400e+01 1.9000e+00 4.9548e+01
4.4400e+00 2.0200e-01 8.0000e+00 1.0100e+01 3.4000e+00 2.9566e+01 4.4400e+00 5.1000e-02 7.8000e+00 1.0400e+01 1.9000e+00 4.9548e+01 4.4400e+00 5.1000e-02 7.8000e+00 1.0400e+01 1.9000e+00 4.9548e+01 4.4400e+00 5.1000e-02 7.8000e+00 1.0400e+01 1.9000e+00 4.9548e+01 4.4400e+00 5.1000e-02 7.8000e+00 1.0400e+01 1.9000e+00 4.9548e+01
1.2328e+01 6.1000e-01 7.9000e+00 8.5000e+00 5.9000e+00 3.1535e+01 4.4400e+00 5.1000e-02 7.8000e+00 1.0400e+01 1.9000e+00 4.9548e+01 4.4400e+00 5.1000e-02 7.8000e+00 1.0400e+01 1.9000e+00 4.9548e+01 4.4400e+00 5.1000e-02 7.8000e+00 1.0400e+01 1.9000e+00 4.9548e+01 4.4400e+00 5.1000e-02 7.8000e+00 1.0400e+01 1.9000e+00 4.9548e+01
1.5588e+01 1.0560e+00 8.4000e+00 1.0200e+01 6.2000e+00 4.5355e+01 4.4400e+00 5.1000e-02 7.8000e+00 1.0400e+01 1.9000e+00 4.9548e+01 4.4400e+00 5.1000e-02 7.8000e+00 1.0400e+01 1.9000e+00 4.9548e+01 4.4400e+00 5.1000e-02 7.8000e+00 1.0400e+01 1.9000e+00 4.9548e+01 4.4400e+00 5.1000e-02 7.8000e+00 1.0400e+01 1.9000e+00 4.9548e+01
1.5816e+01 9.7900e-01 7.7000e+00 1.0600e+01 7.4000e+00 4.1377e+01 4.4400e+00 5.1000e-02 7.8000e+00 1.0400e+01 1.9000e+00 4.9548e+01 4.4400e+00 5.1000e-02 7.8000e+00 1.0400e+01 1.9000e+00 4.9548e+01 4.4400e+00 5.1000e-02 7.8000e+00 1.0400e+01 1.9000e+00 4.9548e+01 4.4400e+00 5.1000e-02 7.8000e+00 1.0400e+01 1.9000e+00 4.9548e+01
1.2144e+01 8.6000e-02 8.1000e+00 1.3800e+01 1.7000e+00 4.2605e+01 4.4400e+00 5.1000e-02 7.8000e+00 1.0400e+01 1.9000e+00 4.9548e+01 4.4400e+00 5.1000e-02 7.8000e+00 1.0400e+01 1.9000e+00 4.9548e+01 4.4400e+00 5.1000e-02 7.8000e+00 1.0400e+01 1.9000e+00 4.9548e+01 4.4400e+00 5.1000e-02 7.8000e+00 1.0400e+01 1.9000e+00 4.9548e+01
6.0960e+00 9.6000e-02 8.1000e+00 1.3600e+01 2.7000e+00 4.4909e+01 4.4400e+00 5.1000e-02 7.8000e+00 1.0400e+01 1.9000e+00 4.9548e+01 4.4400e+00 5.1000e-02 7.8000e+00 1.0400e+01 1.9000e+00 4.9548e+01 4.4400e+00 5.1000e-02 7.8000e+00 1.0400e+01 1.9000e+00 4.9548e+01 4.4400e+00 5.1000e-02 7.8000e+00 1.0400e+01 1.9000e+00 4.9548e+01
5.0160e+00 1.4400e-01 8.0000e+00 6.2000e+00 3.0000e+00 4.4200e+01 4.4400e+00 5.1000e-02 7.8000e+00 1.0400e+01 1.9000e+00 4.9548e+01 4.4400e+00 5.1000e-02 7.8000e+00 1.0400e+01 1.9000e+00 4.9548e+01 4.4400e+00 5.1000e-02 7.8000e+00 1.0400e+01 1.9000e+00 4.9548e+01 4.4400e+00 5.1000e-02 7.8000e+00 1.0400e+01 1.9000e+00 4.9548e+01
4.1280e+00 2.1600e-01 7.6000e+00 5.9000e+00 5.5000e+00 3.0600e+01 4.4400e+00 5.1000e-02 7.8000e+00 1.0400e+01 1.9000e+00 4.9548e+01 4.4400e+00 5.1000e-02 7.8000e+00 1.0400e+01 1.9000e+00 4.9548e+01 4.4400e+00 5.1000e-02 7.8000e+00 1.0400e+01 1.9000e+00 4.9548e+01 4.4400e+00 5.1000e-02 7.8000e+00 1.0400e+01 1.9000e+00 4.9548e+01
3.9600e+00 1.8700e-01 7.7000e+00 8.3000e+00 3.0000e+00 4.3166e+01 4.4400e+00 5.1000e-02 7.8000e+00 1.0400e+01 1.9000e+00 4.9548e+01 4.4400e+00 5.1000e-02 7.8000e+00 1.0400e+01 1.9000e+00 4.9548e+01 4.4400e+00 5.1000e-02 7.8000e+00 1.0400e+01 1.9000e+00 4.9548e+01 4.4400e+00 5.1000e-02 7.8000e+00 1.0400e+01 1.9000e+00 4.9548e+01
4.4400e+00 5.1000e-02 7.8000e+00 1.0400e+01 1.9000e+00 4.9548e+01 4.4400e+00 5.1000e-02 7.8000e+00 1.0400e+01 1.9000e+00 4.9548e+01 4.4400e+00 5.1000e-02 7.8000e+00 1.0400e+01 1.9000e+00 4.9548e+01 4.4400e+00 5.1000e-02 7.8000e+00 1.0400e+01 1.9000e+00 4.9548e+01 4.4400e+00 5.1000e-02 7.8000e+00 1.0400e+01 1.9000e+00 4.9548e+01
4.4400e+00 5.1000e-02 7.8000e+00 1.0400e+01 1.9000e+00 4.9548e+01 4.4400e+00 5.1000e-02 7.8000e+00 1.0400e+01 1.9000e+00 4.9548e+01 4.4400e+00 5.1000e-02 7.8000e+00 1.0400e+01 1.9000e+00 4.9548e+01 4.4400e+00 5.1000e-02 7.8000e+00 1.0400e+01 1.9000e+00 4.9548e+01 4.4400e+00 5.1000e-02 7.8000e+00 1.0400e+01 1.9000e+00 4.9548e+01
4.4400e+00 5.1000e-02 7.8000e+00 1.0400e+01 1.9000e+00 4.9548e+01 4.4400e+00 5.1000e-02 7.8000e+00 1.0400e+01 1.9000e+00 4.9548e+01 4.4400e+00 5.1000e-02 7.8000e+00 1.0400e+01 1.9000e+00 4.9548e+01 4.4400e+00 5.1000e-02 7.8000e+00 1.0400e+01 1.9000e+00 4.9548e+01 4.4400e+00 5.1000e-02 7.8000e+00 1.0400e+01 1.9000e+00 4.9548e+01
4.4400e+00 5.1000e-02 7.8000e+00 1.0400e+01 1.9000e+00 4.9548e+01 4.4400e+00 5.1000e-02 7.8000e+00 1.0400e+01 1.9000e+00 4.9548e+01 4.4400e+00 5.1000e-02 7.8000e+00 1.0400e+01 1.9000e+00 4.9548e+01 4.4400e+00 5.1000e-02 7.8000e+00 1.0400e+01 1.9000e+00 4.9548e+01 4.4400e+00 5.1000e-02 7.8000e+00 1.0400e+01 1.9000e+00 4.9548e+01
4.4400e+00 5.1000e-02 7.8000e+00 1.0400e+01 1.9000e+00 4.9548e+01 4.4400e+00 5.1000e-02 7.8000e+00 1.0400e+01 1.9000e+00 4.9548e+01 4.4400e+00 5.1000e-02 7.8000e+00 1.0400e+01 1.9000e+00 4.9548e+01 4.4400e+00 5.1000e-02 7.8000e+00 1.0400e+01 1.9000e+00 4.9548e+01 4.4400e+00 5.1000e-02 7.8000e+00 1.0400e+01 1.9000e+00 4.9548e+01
4.4400e+00 5.1000e-02 7.8000e+00 1.0400e+01 1.9000e+00 4.9548e+01 4.4400e+00 5.1000e-02 7.8000e+00 1.0400e+01 1.9000e+00 4.9548e+01 4.4400e+00 5.1000e-02 7.8000e+00 1.0400e+01 1.9000e+00 4.9548e+01 4.4400e+00 5.1000e-02 7.8000e+00 1.0400e+01 1.9000e+00 4.9548e+01 4.4400e+00 5.1000e-02 7.8000e+00 1.0400e+01 1.9000e+00 4.9548e+01
5.9090e+00 7.0000e-02 7.8000e+00 1.2800e+01 8.0000e-01 5.3286e+01 3.5200e+00 3.5000e-02 7.7000e+00 1.5400e+01 2.1000e+00 4.7845e+01 4.7830e+00 9.4000e-02 7.8000e+00 1.0400e+01 1.7000e+00 5.0999e+01 4.8200e+00 9.1000e-02 7.5000e+00 1.2000e+01 2.3000e+00 5.6348e+01 4.4400e+00 5.1000e-02 7.8000e+00 1.0400e+01 1.9000e+00 4.9548e+01
