4.4400e+00 5.1000e-02 7.8000e+00 1.0400e+01 1.9000e+00 4.9548e+01 2.8230e+00 1.4000e-02 8.6000e+00 1.6700e+01 1.3000e+00 5.9063e+01 2.4150e+00 2.3000e-02 8.0000e+00 1.1500e+01 9.0000e-01 4.8012e+01 2.6710e+00 2.2000e-02 8.0000e+00 1.4100e+01 8.0000e-01 3.6366e+01 2.6490e+00 1.2000e-02 7.9000e+00 1.5000e+01 1.1000e+00 5.2045e+01
2.5550e+00 1.1000e-02 8.6000e+00 1.5400e+01 2.0000e+00 6.6788e+01 2.5730e+00 1.2000e-02 8.7000e+00 1.6300e+01 2.2000e+00 6.3497e+01 2.6710e+00 2.2000e-02 8.0000e+00 1.4100e+01 8.0000e-01 3.6366e+01 2.6490e+00 1.2000e-02 7.9000e+00 1.5000e+01 1.1000e+00 5.2045e+01 2.7180e+00 2.9000e-02 7.9000e+00 1.4500e+01 1.3000e+00 5.4729e+01
2.4810e+00 1.7000e-02 8.6000e+00 1.5900e+01 2.6000e+00 6.1144e+01 2.1020e+00 1.1000e-02 8.6000e+00 1.4600e+01 2.1000e+00 5.5219e+01 2.6490e+00 1.2000e-02 7.9000e+00 1.5000e+01 1.1000e+00 5.2045e+01 2.7180e+00 2.9000e-02 7.9000e+00 1.4500e+01 1.3000e+00 5.4729e+01 2.2470e+00 9.0000e-03 8.2000e+00 1.3500e+01 1.6000e+00 5.9223e+01
1.9880e+00 1.5000e-02 8.4000e+00 1.3100e+01 2.2000e+00 5.1934e+01 2.5730e+00 2.0000e-02 8.0000e+00 1.2400e+01 1.5000e+00 5.2155e+01 2.7180e+00 2.9000e-02 7.9000e+00 1.4500e+01 1.3000e+00 5.4729e+01 2.2470e+00 9.0000e-03 8.2000e+00 1.3500e+01 1.6000e+00 5.9223e+01 2.1470e+00 8.0000e-03 7.9000e+00 1.2700e+01 1.7000e+00 5.5219e+01
3.1900e+00 3.7000e-02 7.8000e+00 1.0600e+01 1.9000e+00 4.4909e+01 2.1520e+00 2.0000e-02 8.4000e+00 1.1200e+01 2.5000e+00 3.3901e+01 2.2470e+00 9.0000e-03 8.2000e+00 1.3500e+01 1.6000e+00 5.9223e+01 2.1470e+00 8.0000e-03 7.9000e+00 1.2700e+01 1.7000e+00 5.5219e+01 1.9920e+00 1.3000e-02 8.0000e+00 1.0600e+01 2.0000e+00 5.7360e+01
2.5640e+00 2.3000e-02 8.0000e+00 1.0300e+01 1.2000e+00 4.2605e+01 1.6080e+00 2.3000e-02 8.8000e+00 1.1300e+01 2.7000e+00 6.3041e+01 2.1470e+00 8.0000e-03 7.9000e+00 1.2700e+01 1.7000e+00 5.5219e+01 1.9920e+00 1.3000e-02 8.0000e+00 1.0600e+01 2.0000e+00 5.7360e+01 2.0460e+00 1.9000e-02 8.1000e+00 1.0700e+01 2.0000e+00 5.1242e+01
2.4520e+00 3.1000e-02 7.5000e+00 1.0700e+01 1.6000e+00 5.6277e+01 2.5800e+00 2.3000e-02 8.1000e+00 1.0300e+01 1.8000e+00 5.3573e+01 1.9920e+00 1.3000e-02 8.0000e+00 1.0600e+01 2.0000e+00 5.7360e+01 2.0460e+00 1.9000e-02 8.1000e+00 1.0700e+01 2.0000e+00 5.1242e+01 2.0050e+00 3.1000e-02 7.6000e+00 1.0900e+01 1.1000e+00 4.7674e+01
1.9560e+00 3.5000e-02 7.6000e+00 9.7000e+00 1.4000e+00 4.4200e+01 2.3020e+00 4.6000e-02 7.9000e+00 1.0400e+01 1.6000e+00 3.8335e+01 2.0460e+00 1.9000e-02 8.1000e+00 1.0700e+01 2.0000e+00 5.1242e+01 2.0050e+00 3.1000e-02 7.6000e+00 1.0900e+01 1.1000e+00 4.7674e+01 1.7640e+00 1.9000e-02 7.8000e+00 9.7000e+00 9.0000e-01 4.6960e+01
2.1140e+00 4.1000e-02 8.1000e+00 8.6000e+00 1.6000e+00 6.0698e+01 2.2780e+00 4.5000e-02 7.9000e+00 9.2000e+00 1.0000e+00 5.0999e+01 2.0050e+00 3.1000e-02 7.6000e+00 1.0900e+01 1.1000e+00 4.7674e+01 1.7640e+00 1.9000e-02 7.8000e+00 9.7000e+00 9.0000e-01 4.6960e+01 1.9810e+00 1.8000e-02 8.2000e+00 1.0100e+01 1.8000e+00 6.3801e+01
2.0960e+00 2.0000e-02 8.0000e+00 1.1200e+01 2.1000e+00 6.4960e+01 2.3060e+00 2.2000e-02 8.3000e+00 1.0400e+01 1.3000e+00 5.6132e+01 1.7640e+00 1.9000e-02 7.8000e+00 9.7000e+00 9.0000e-01 4.6960e+01 1.9810e+00 1.8000e-02 8.2000e+00 1.0100e+01 1.8000e+00 6.3801e+01 4.7600e+00 7.2000e-02 8.0000e+00 9.5000e+00 9.0000e-01 3.7878e+01
2.2820e+00 2.6000e-02 7.9000e+00 1.1700e+01 1.5000e+00 5.9009e+01 2.4150e+00 2.3000e-02 8.0000e+00 1.1500e+01 9.0000e-01 4.8012e+01 1.9810e+00 1.8000e-02 8.2000e+00 1.0100e+01 1.8000e+00 6.3801e+01 4.7600e+00 7.2000e-02 8.0000e+00 9.5000e+00 9.0000e-01 3.7878e+01 9.5200e+00 1.1500e-01 7.6000e+00 1.2800e+01 2.0000e+00 2.8411e+01
2.8530e+00 3.0000e-02 8.0000e+00 1.4000e+01 9.0000e-01 4.7324e+01 2.6710e+00 2.2000e-02 8.0000e+00 1.4100e+01 8.0000e-01 3.6366e+01 4.7600e+00 7.2000e-02 8.0000e+00 9.5000e+00 9.0000e-01 3.7878e+01 9.5200e+00 1.1500e-01 7.6000e+00 1.2800e+01 2.0000e+00 2.8411e+01 9.3600e+00 7.7000e-02 8.2000e+00 1.2100e+01 1.4000e+00 2.8411e+01
2.8230e+00 1.4000e-02 8.6000e+00 1.6700e+01 1.3000e+00 5.9063e+01 2.6490e+00 1.2000e-02 7.9000e+00 1.5000e+01 1.1000e+00 5.2045e+01 9.5200e+00 1.1500e-01 7.6000e+00 1.2800e+01 2.0000e+00 2.8411e+01 9.3600e+00 7.7000e-02 8.2000e+00 1.2100e+01 1.4000e+00 2.8411e+01 6.0480e+00 1.1000e-01 8.3000e+00 1.2600e+01 2.8000e+00 4.3951e+01
2.5730e+00 1.2000e-02 8.7000e+00 1.6300e+01 2.2000e+00 6.3497e+01 2.7180e+00 2.9000e-02 7.9000e+00 1.4500e+01 1.3000e+00 5.4729e+01 9.3600e+00 7.7000e-02 8.2000e+00 1.2100e+01 1.4000e+00 2.8411e+01 6.0480e+00 1.1000e-01 8.3000e+00 1.2600e+01 2.8000e+00 4.3951e+01 9.6720e+00 8.2000e-02 8.3000e+00 1.2500e+01 3.4000e+00 3.9589e+01
2.1020e+00 1.1000e-02 8.6000e+00 1.4600e+01 2.1000e+00 5.5219e+01 2.2470e+00 9.0000e-03 8.2000e+00 1.3500e+01 1.6000e+00 5.9223e+01 6.0480e+00 1.1000e-01 8.3000e+00 1.2600e+01 2.8000e+00 4.3951e+01 9.6720e+00 8.2000e-02 8.3000e+00 1.2500e+01 3.4000e+00 3.9589e+01 5.7600e+00 1.5400e-01 8.1000e+00 1.0200e+01 1.4000e+00 4.2011e+01
2.5730e+00 2.0000e-02 8.0000e+00 1.2400e+01 1.5000e+00 5.2155e+01 2.1470e+00 8.0000e-03 7.9000e+00 1.2700e+01 1.7000e+00 5.5219e+01 9.6720e+00 8.2000e-02 8.3000e+00 1.2500e+01 3.4000e+00 3.9589e+01 5.7600e+00 1.5400e-01 8.1000e+00 1.0200e+01 1.4000e+00 4.2011e+01 3.5090e+00 1.2900e-01 8.1000e+00 9.6000e+00 3.4000e+00 4.5135e+01
2.1520e+00 2.0000e-02 8.4000e+00 1.1200e+01 2.5000e+00 3.3901e+01 1.9920e+00 1.3000e-02 8.0000e+00 1.0600e+01 2.0000e+00 5.7360e+01 5.7600e+00 1.5400e-01 8.1000e+00 1.0200e+01 1.4000e+00 4.2011e+01 3.5090e+00 1.2900e-01 8.1000e+00 9.6000e+00 3.4000e+00 4.5135e+01 3.1420e+00 8.0000e-02 8.0000e+00 9.3000e+00 2.8000e+00 5.4895e+01
1.6080e+00 2.3000e-02 8.8000e+00 1.1300e+01 2.7000e+00 6.3041e+01 2.0460e+00 1.9000e-02 8.1000e+00 1.0700e+01 2.0000e+00 5.1242e+01 3.5090e+00 1.2900e-01 8.1000e+00 9.6000e+00 3.4000e+00 4.5135e+01 3.1420e+00 8.0000e-02 8.0000e+00 9.3000e+00 2.8000e+00 5.4895e+01 3.4180e+00 8.8000e-02 8.3000e+00 8.9000e+00 1.1000e+00 5.3090e+01
2.5800e+00 2.3000e-02 8.1000e+00 1.0300e+01 1.8000e+00 5.3573e+01 2.0050e+00 3.1000e-02 7.6000e+00 1.0900e+01 1.1000e+00 4.7674e+01 3.1420e+00 8.0000e-02 8.0000e+00 9.3000e+00 2.8000e+00 5.4895e+01 3.4180e+00 8.8000e-02 8.3000e+00 8.9000e+00 1.1000e+00 5.3090e+01 2.2240e+00 4.8000e-02 8.5000e+00 8.7000e+00 1.4000e+00 6.1144e+01
2.3020e+00 4.6000e-02 7.9000e+00 1.0400e+01 1.6000e+00 3.8335e+01 1.7640e+00 1.9000e-02 7.8000e+00 9.7000e+00 9.0000e-01 4.6960e+01 3.4180e+00 8.8000e-02 8.3000e+00 8.9000e+00 1.1000e+00 5.3090e+01 2.2240e+00 4.8000e-02 8.5000e+00 8.7000e+00 1.4000e+00 6.1144e+01 4.9360e+00 1.7600e-01 8.1000e+00 7.8000e+00 2.3000e+00 5.1360e+01
2.2780e+00 4.5000e-02 7.9000e+00 9.2000e+00 1.0000e+00 5.0999e+01 1.9810e+00 1.8000e-02 8.2000e+00 1.0100e+01 1.8000e+00 6.3801e+01 2.2240e+00 4.8000e-02 8.5000e+00 8.7000e+00 1.4000e+00 6.1144e+01 4.9360e+00 1.7600e-01 8.1000e+00 7.8000e+00 2.3000e+00 5.1360e+01 3.5560e+00 1.4300e-01 8.7000e+00 6.2000e+00 3.2000e+00 6.9016e+01
2.3060e+00 2.2000e-02 8.3000e+00 1.0400e+01 1.3000e+00 5.6132e+01 4.7600e+00 7.2000e-02 8.0000e+00 9.5000e+00 9.0000e-01 3.7878e+01 4.9360e+00 1.7600e-01 8.1000e+00 7.8000e+00 2.3000e+00 5.1360e+01 3.5560e+00 1.4300e-01 8.7000e+00 6.2000e+00 3.2000e+00 6.9016e+01 2.8150e+00 9.9000e-02 8.9000e+00 9.7000e+00 4.5000e+00 5.5837e+01
2.4150e+00 2.3000e-02 8.0000e+00 1.1500e+01 9.0000e-01 4.8012e+01 9.5200e+00 1.1500e-01 7.6000e+00 1.2800e+01 2.0000e+00 2.8411e+01 3.5560e+00 1.4300e-01 8.7000e+00 6.2000e+00 3.2000e+00 6.9016e+01 2.8150e+00 9.9000e-02 8.9000e+00 9.7000e+00 4.5000e+00 5.5837e+01 2.7250e+00 1.0800e-01 8.8000e+00 1.4500e+01 8.9000e+00 6.5222e+01
2.6710e+00 2.2000e-02 8.0000e+00 1.4100e+01 8.0000e-01 3.6366e+01 9.3600e+00 7.7000e-02 8.2000e+00 1.2100e+01 1.4000e+00 2.8411e+01 2.8150e+00 9.9000e-02 8.9000e+00 9.7000e+00 4.5000e+00 5.5837e+01 2.7250e+00 1.0800e-01 8.8000e+00 1.4500e+01 8.9000e+00 6.5222e+01 7.3950e+00 1.6400e-01 8.0000e+00 1.0400e+01 2.2000e+00 4.1699e+01
2.6490e+00 1.2000e-02 7.9000e+00 1.5000e+01 1.1000e+00 5.2045e+01 6.0480e+00 1.1000e-01 8.3000e+00 1.2600e+01 2.8000e+00 4.3951e+01 2.7250e+00 1.0800e-01 8.8000e+00 1.4500e+01 8.9000e+00 6.5222e+01 7.3950e+00 1.6400e-01 8.0000e+00 1.0400e+01 2.2000e+00 4.1699e+01 7.8210e+00 1.0900e-01 8.0000e+00 1.1400e+01 1.8000e+00 5.1242e+01
2.7180e+00 2.9000e-02 7.9000e+00 1.4500e+01 1.3000e+00 5.4729e+01 9.6720e+00 8.2000e-02 8.3000e+00 1.2500e+01 3.4000e+00 3.9589e+01 7.3950e+00 1.6400e-01 8.0000e+00 1.0400e+01 2.2000e+00 4.1699e+01 7.8210e+00 1.0900e-01 8.0000e+00 1.1400e+01 1.8000e+00 5.1242e+01 7.5010e+00 1.1600e-01 8.0000e+00 1.2200e+01 2.6000e+00 4.2890e+01
2.2470e+00 9.0000e-03 8.2000e+00 1.3500e+01 1.6000e+00 5.9223e+01 5.7600e+00 1.5400e-01 8.1000e+00 1.0200e+01 1.4000e+00 4.2011e+01 7.8210e+00 1.0900e-01 8.0000e+00 1.1400e+01 1.8000e+00 5.1242e+01 7.5010e+00 1.1600e-01 8.0000e+00 1.2200e+01 2.6000e+00 4.2890e+01 6.3480e+00 1.6300e-01 8.4000e+00 9.1000e+00 5.0000e+00 5.1121e+01
2.1470e+00 8.0000e-03 7.9000e+00 1.2700e+01 1.7000e+00 5.5219e+01 3.5090e+00 1.2900e-01 8.1000e+00 9.6000e+00 3.4000e+00 4.5135e+01 7.5010e+00 1.1600e-01 8.0000e+00 1.2200e+01 2.6000e+00 4.2890e+01 6.3480e+00 1.6300e-01 8.4000e+00 9.1000e+00 5.0000e+00 5.1121e+01 3.7950e+00 1.9300e-01 7.4000e+00 8.5000e+00 3.6000e+00 5.5610e+01
1.9920e+00 1.3000e-02 8.0000e+00 1.0600e+01 2.0000e+00 5.7360e+01 3.1420e+00 8.0000e-02 8.0000e+00 9.3000e+00 2.8000e+00 5.4895e+01 6.3480e+00 1.6300e-01 8.4000e+00 9.1000e+00 5.0000e+00 5.1121e+01 3.7950e+00 1.9300e-01 7.4000e+00 8.5000e+00 3.6000e+00 5.5610e+01 4.9190e+00 2.7700e-01 7.7000e+00 9.0000e+00 5.9000e+00 5.2370e+01
2.0460e+00 1.9000e-02 8.1000e+00 1.0700e+01 2.0000e+00 5.1242e+01 3.4180e+00 8.8000e-02 8.3000e+00 8.9000e+00 1.1000e+00 5.3090e+01 3.7950e+00 1.9300e-01 7.4000e+00 8.5000e+00 3.6000e+00 5.5610e+01 4.9190e+00 2.7700e-01 7.7000e+00 9.0000e+00 5.9000e+00 5.2370e+01 7.2970e+00 7.0100e-01 7.4000e+00 4.6000e+00 7.1000e+00 4.5355e+01
2.0050e+00 3.1000e-02 7.6000e+00 1.0900e+01 1.1000e+00 4.7674e+01 2.2240e+00 4.8000e-02 8.5000e+00 8.7000e+00 1.4000e+00 6.1144e+01 4.9190e+00 2.7700e-01 7.7000e+00 9.0000e+00 5.9000e+00 5.2370e+01 7.2970e+00 7.0100e-01 7.4000e+00 4.6000e+00 7.1000e+00 4.5355e+01 3.2600e+00 1.7800e-01 8.5000e+00 8.9000e+00 3.3000e+00 6.4599e+01
1.7640e+00 1.9000e-02 7.8000e+00 9.7000e+00 9.0000e-01 4.6960e+01 4.9360e+00 1.7600e-01 8.1000e+00 7.8000e+00 2.3000e+00 5.1360e+01 7.2970e+00 7.0100e-01 7.4000e+00 4.6000e+00 7.1000e+00 4.5355e+01 3.2600e+00 1.7800e-01 8.5000e+00 8.9000e+00 3.3000e+00 6.4599e+01 3.0670e+00 1.3400e-01 7.6000e+00 9.0000e+00 2.5000e+00 6.3667e+01
1.9810e+00 1.8000e-02 8.2000e+00 1.0100e+01 1.8000e+00 6.3801e+01 3.5560e+00 1.4300e-01 8.7000e+00 6.2000e+00 3.2000e+00 6.9016e+01 3.2600e+00 1.7800e-01 8.5000e+00 8.9000e+00 3.3000e+00 6.4599e+01 3.0670e+00 1.3400e-01 7.6000e+00 9.0000e+00 2.5000e+00 6.3667e+01 3.6330e+00 2.0600e-01 7.7000e+00 1.0600e+01 4.8000e+00 5.9381e+01
4.7600e+00 7.2000e-02 8.0000e+00 9.5000e+00 9.0000e-01 3.7878e+01 2.8150e+00 9.9000e-02 8.9000e+00 9.7000e+00 4.5000e+00 5.5837e+01 3.0670e+00 1.3400e-01 7.6000e+00 9.0000e+00 2.5000e+00 6.3667e+01 3.6330e+00 2.0600e-01 7.7000e+00 1.0600e+01 4.8000e+00 5.9381e+01 3.3020e+00 1.8800e-01 7.4000e+00 1.0700e+01 3.0000e+00 6.0513e+01
9.5200e+00 1.1500e-01 7.6000e+00 1.2800e+01 2.0000e+00 2.8411e+01 2.7250e+00 1.0800e-01 8.8000e+00 1.4500e+01 8.9000e+00 6.5222e+01 3.6330e+00 2.0600e-01 7.7000e+00 1.0600e+01 4.8000e+00 5.9381e+01 3.3020e+00 1.8800e-01 7.4000e+00 1.0700e+01 3.0000e+00 6.0513e+01 4.1080e+00 2.0900e-01 8.1000e+00 1.0100e+01 3.3000e+00 5.7034e+01
9.3600e+00 7.7000e-02 8.2000e+00 1.2100e+01 1.4000e+00 2.8411e+01 7.3950e+00 1.6400e-01 8.0000e+00 1.0400e+01 2.2000e+00 4.1699e+01 3.3020e+00 1.8800e-01 7.4000e+00 1.0700e+01 3.0000e+00 6.0513e+01 4.1080e+00 2.0900e-01 8.1000e+00 1.0100e+01 3.3000e+00 5.7034e+01 7.6420e+00 1.9000e-01 7.6000e+00 1.0900e+01 3.4000e+00 3.6897e+01
6.0480e+00 1.1000e-01 8.3000e+00 1.2600e+01 2.8000e+00 4.3951e+01 7.8210e+00 1.0900e-01 8.0000e+00 1.1400e+01 1.8000e+00 5.1242e+01 4.1080e+00 2.0900e-01 8.1000e+00 1.0100e+01 3.3000e+00 5.7034e+01 7.6420e+00 1.9000e-01 7.6000e+00 1.0900e+01 3.4000e+00 3.6897e+01 4.4400e+00 5.1000e-02 7.8000e+00 1.0400e+01 1.9000e+00 4.9548e+01
9.6720e+00 8.2000e-02 8.3000e+00 1.2500e+01 3.4000e+00 3.9589e+01 7.5010e+00 1.1600e-01 8.0000e+00 1.2200e+01 2.6000e+00 4.2890e+01 7.6420e+00 1.9000e-01 7.6000e+00 1.0900e+01 3.4000e+00 3.6897e+01 4.4400e+00 5.1000e-02 7.8000e+00 1.0400e+01 1.9000e+00 4.9548e+01 3.5310e+00 9.0000e-03 8.0000e+00 1.2900e+01 2.1000e+00 5.9170e+01
5.7600e+00 1.5400e-01 8.1000e+00 1.0200e+01 1.4000e+00 4.2011e+01 6.3480e+00 1.6300e-01 8.4000e+00 9.1000e+00 5.0000e+00 5.1121e+01 4.4400e+00 5.1000e-02 7.8000e+00 1.0400e+01 1.9000e+00 4.9548e+01 3.5310e+00 9.0000e-03 8.0000e+00 1.2900e+01 2.1000e+00 5.9170e+01 3.3410e+00 1.0000e-02 8.2000e+00 1.3300e+01 2.7000e+00 6.1899e+01
3.5090e+00 1.2900e-01 8.1000e+00 9.6000e+00 3.4000e+00 4.5135e+01 3.7950e+00 1.9300e-01 7.4000e+00 8.5000e+00 3.6000e+00 5.5610e+01 3.5310e+00 9.0000e-03 8.0000e+00 1.2900e+01 2.1000e+00 5.9170e+01 3.3410e+00 1.0000e-02 8.2000e+00 1.3300e+01 2.7000e+00 6.1899e+01 2.4910e+00 9.0000e-03 8.5000e+00 1.2100e+01 2.5000e+00 5.6833e+01
3.1420e+00 8.0000e-02 8.0000e+00 9.3000e+00 2.8000e+00 5.4895e+01 4.9190e+00 2.7700e-01 7.7000e+00 9.0000e+00 5.9000e+00 5.2370e+01 3.3410e+00 1.0000e-02 8.2000e+00 1.3300e+01 2.7000e+00 6.1899e+01 2.4910e+00 9.0000e-03 8.5000e+00 1.2100e+01 2.5000e+00 5.6833e+01 2.0190e+00 2.9000e-02 8.4000e+00 1.1300e+01 2.0000e+00 5.0624e+01
3.4180e+00 8.8000e-02 8.3000e+00 8.9000e+00 1.1000e+00 5.3090e+01 7.2970e+00 7.0100e-01 7.4000e+00 4.6000e+00 7.1000e+00 4.5355e+01 2.4910e+00 9.0000e-03 8.5000e+00 1.2100e+01 2.5000e+00 5.6833e+01 2.0190e+00 2.9000e-02 8.4000e+00 1.1300e+01 2.0000e+00 5.0624e+01 1.7530e+00 1.5000e-02 8.2000e+00 1.1200e+01 2.2000e+00 5.4559e+01
2.2240e+00 4.8000e-02 8.5000e+00 8.7000e+00 1.4000e+00 6.1144e+01 3.2600e+00 1.7800e-01 8.5000e+00 8.9000e+00 3.3000e+00 6.4599e+01 2.0190e+00 2.9000e-02 8.4000e+00 1.1300e+01 2.0000e+00 5.0624e+01 1.7530e+00 1.5000e-02 8.2000e+00 1.1200e+01 2.2000e+00 5.4559e+01 2.4000e+00 1.9000e-02 7.8000e+00 1.1000e+01 1.1000e+00 5.9170e+01
4.9360e+00 1.7600e-01 8.1000e+00 7.8000e+00 2.3000e+00 5.1360e+01 3.0670e+00 1.3400e-01 7.6000e+00 9.0000e+00 2.5000e+00 6.3667e+01 1.7530e+00 1.5000e-02 8.2000e+00 1.1200e+01 2.2000e+00 5.4559e+01 2.4000e+00 1.9000e-02 7.8000e+00 1.1000e+01 1.1000e+00 5.9170e+01 3.0910e+00 2.6000e-02 7.9000e+00 8.8000e+00 2.0000e+00 5.1709e+01
3.5560e+00 1.4300e-01 8.7000e+00 6.2000e+00 3.2000e+00 6.9016e+01 3.6330e+00 2.0600e-01 7.7000e+00 1.0600e+01 4.8000e+00 5.9381e+01 2.4000e+00 1.9000e-02 7.8000e+00 1.1000e+01 1.1000e+00 5.9170e+01 3.0910e+00 2.6000e-02 7.9000e+00 8.8000e+00 2.0000e+00 5.1709e+01 1.9320e+00 1.3000e-02 8.3000e+00 1.0100e+01 2.5000e+00 6.5890e+01
2.8150e+00 9.9000e-02 8.9000e+00 9.7000e+00 4.5000e+00 5.5837e+01 3.3020e+00 1.8800e-01 7.4000e+00 1.0700e+01 3.0000e+00 6.0513e+01 3.0910e+00 2.6000e-02 7.9000e+00 8.8000e+00 2.0000e+00 5.1709e+01 1.9320e+00 1.3000e-02 8.3000e+00 1.0100e+01 2.5000e+00 6.5890e+01 2.0020e+00 1.3000e-02 7.8000e+00 1.0400e+01 1.5000e+00 5.9740e+01
2.7250e+00 1.0800e-01 8.8000e+00 1.4500e+01 8.9000e+00 6.5222e+01 4.1080e+00 2.0900e-01 8.1000e+00 1.0100e+01 3.3000e+00 5.7034e+01 1.9320e+00 1.3000e-02 8.3000e+00 1.0100e+01 2.5000e+00 6.5890e+01 2.0020e+00 1.3000e-02 7.8000e+00 1.0400e+01 1.5000e+00 5.9740e+01 2.3270e+00 1.1000e-02 8.0000e+00 1.2500e+01 2.5000e+00 6.4721e+01
7.3950e+00 1.6400e-01 8.0000e+00 1.0400e+01 2.2000e+00 4.1699e+01 7.6420e+00 1.9000e-01 7.6000e+00 1.0900e+01 3.4000e+00 3.6897e+01 2.0020e+00 1.3000e-02 7.8000e+00 1.0400e+01 1.5000e+00 5.9740e+01 2.3270e+00 1.1000e-02 8.0000e+00 1.2500e+01 2.5000e+00 6.4721e+01 2.4450e+00 1.2000e-02 8.0000e+00 1.3100e+01 1.2000e+00 5.6059e+01
7.8210e+00 1.0900e-01 8.0000e+00 1.1400e+01 1.8000e+00 5.1242e+01 4.4400e+00 5.1000e-02 7.8000e+00 1.0400e+01 1.9000e+00 4.9548e+01 2.3270e+00 1.1000e-02 8.0000e+00 1.2500e+01 2.5000e+00 6.4721e+01 2.4450e+00 1.2000e-02 8.0000e+00 1.3100e+01 1.2000e+00 5.6059e+01 2.7650e+00 1.0000e-02 8.4000e+00 1.6800e+01 1.4000e+00 5.5139e+01
7.5010e+00 1.1600e-01 8.0000e+00 1.2200e+01 2.6000e+00 4.2890e+01 3.5310e+00 9.0000e-03 8.0000e+00 1.2900e+01 2.1000e+00 5.9170e+01 2.4450e+00 1.2000e-02 8.0000e+00 1.3100e+01 1.2000e+00 5.6059e+01 2.7650e+00 1.0000e-02 8.4000e+00 1.6800e+01 1.4000e+00 5.5139e+01 2.8350e+00 1.5000e-02 8.3000e+00 1.6300e+01 1.0000e+00 5.2263e+01
6.3480e+00 1.6300e-01 8.4000e+00 9.1000e+00 5.0000e+00 5.1121e+01 3.3410e+00 1.0000e-02 8.2000e+00 1.3300e+01 2.7000e+00 6.1899e+01 2.7650e+00 1.0000e-02 8.4000e+00 1.6800e+01 1.4000e+00 5.5139e+01 2.8350e+00 1.5000e-02 8.3000e+00 1.6300e+01 1.0000e+00 5.2263e+01 2.6840e+00 1.1000e-02 8.3000e+00 1.3700e+01 2.1000e+00 5.6132e+01
3.7950e+00 1.9300e-01 7.4000e+00 8.5000e+00 3.6000e+00 5.5610e+01 2.4910e+00 9.0000e-03 8.5000e+00 1.2100e+01 2.5000e+00 5.6833e+01 2.8350e+00 1.5000e-02 8.3000e+00 1.6300e+01 1.0000e+00 5.2263e+01 2.6840e+00 1.1000e-02 8.3000e+00 1.3700e+01 2.1000e+00 5.6132e+01 2.2110e+00 1.1000e-02 8.1000e+00 1.1200e+01 1.7000e+00 5.6419e+01
4.9190e+00 2.7700e-01 7.7000e+00 9.0000e+00 5.9000e+00 5.2370e+01 2.0190e+00 2.9000e-02 8.4000e+00 1.1300e+01 2.0000e+00 5.0624e+01 2.6840e+00 1.1000e-02 8.3000e+00 1.3700e+01 2.1000e+00 5.6132e+01 2.2110e+00 1.1000e-02 8.1000e+00 1.1200e+01 1.7000e+00 5.6419e+01 1.9850e+00 7.0000e-03 8.4000e+00 1.0700e+01 1.6000e+00 5.0101e+01
7.2970e+00 7.0100e-01 7.4000e+00 4.6000e+00 7.1000e+00 4.5355e+01 1.7530e+00 1.5000e-02 8.2000e+00 1.1200e+01 2.2000e+00 5.4559e+01 2.2110e+00 1.1000e-02 8.1000e+00 1.1200e+01 1.7000e+00 5.6419e+01 1.9850e+00 7.0000e-03 8.4000e+00 1.0700e+01 1.6000e+00 5.0101e+01 1.5000e+00 1.0000e-02 8.6000e+00 1.0000e+01 1.6000e+00 5.6833e+01
3.2600e+00 1.7800e-01 8.5000e+00 8.9000e+00 3.3000e+00 6.4599e+01 2.4000e+00 1.9000e-02 7.8000e+00 1.1000e+01 1.1000e+00 5.9170e+01 1.9850e+00 7.0000e-03 8.4000e+00 1.0700e+01 1.6000e+00 5.0101e+01 1.5000e+00 1.0000e-02 8.6000e+00 1.0000e+01 1.6000e+00 5.6833e+01 2.7640e+00 7.0000e-02 7.7000e+00 9.3000e+00 1.5000e+00 4.2011e+01
3.0670e+00 1.3400e-01 7.6000e+00 9.0000e+00 2.5000e+00 6.3667e+01 3.0910e+00 2.6000e-02 7.9000e+00 8.8000e+00 2.0000e+00 5.1709e+01 1.5000e+00 1.0000e-02 8.6000e+00 1.0000e+01 1.6000e+00 5.6833e+01 2.7640e+00 7.0000e-02 7.7000e+00 9.3000e+00 1.5000e+00 4.2011e+01 2.3170e+00 3.3000e-02 8.0000e+00 1.0300e+01 1.1000e+00 5.8336e+01
3.6330e+00 2.0600e-01 7.7000e+00 1.0600e+01 4.8000e+00 5.9381e+01 1.9320e+00 1.3000e-02 8.3000e+00 1.0100e+01 2.5000e+00 6.5890e+01 2.7640e+00 7.0000e-02 7.7000e+00 9.3000e+00 1.5000e+00 4.2011e+01 2.3170e+00 3.3000e-02 8.0000e+00 1.0300e+01 1.1000e+00 5.8336e+01 2.3760e+00 1.1000e-02 8.5000e+00 1.0600e+01 1.9000e+00 5.9276e+01
3.3020e+00 1.8800e-01 7.4000e+00 1.0700e+01 3.0000e+00 6.0513e+01 2.0020e+00 1.3000e-02 7.8000e+00 1.0400e+01 1.5000e+00 5.9740e+01 2.3170e+00 3.3000e-02 8.0000e+00 1.0300e+01 1.1000e+00 5.8336e+01 2.3760e+00 1.1000e-02 8.5000e+00 1.0600e+01 1.9000e+00 5.9276e+01 2.5130e+00 1.8000e-02 8.2000e+00 1.0000e+01 1.5000e+00 5.4123e+01
4.1080e+00 2.0900e-01 8.1000e+00 1.0100e+01 3.3000e+00 5.7034e+01 2.3270e+00 1.1000e-02 8.0000e+00 1.2500e+01 2.5000e+00 6.4721e+01 2.3760e+00 1.1000e-02 8.5000e+00 1.0600e+01 1.9000e+00 5.9276e+01 2.5130e+00 1.8000e-02 8.2000e+00 1.0000e+01 1.5000e+00 5.4123e+01 2.5560e+00 1.6000e-02 8.2000e+00 1.1700e+01 1.3000e+00 5.4034e+01
7.6420e+00 1.9000e-01 7.6000e+00 1.0900e+01 3.4000e+00 3.6897e+01 2.4450e+00 1.2000e-02 8.0000e+00 1.3100e+01 1.2000e+00 5.6059e+01 2.5130e+00 1.8000e-02 8.2000e+00 1.0000e+01 1.5000e+00 5.4123e+01 2.5560e+00 1.6000e-02 8.2000e+00 1.1700e+01 1.3000e+00 5.4034e+01 2.9100e+00 1.3000e-02 8.2000e+00 1.4500e+01 1.1000e+00 5.2890e+01
4.4400e+00 5.1000e-02 7.8000e+00 1.0400e+01 1.9000e+00 4.9548e+01 2.7650e+00 1.0000e-02 8.4000e+00 1.6800e+01 1.4000e+00 5.5139e+01 2.5560e+00 1.6000e-02 8.2000e+00 1.1700e+01 1.3000e+00 5.4034e+01 2.9100e+00 1.3000e-02 8.2000e+00 1.4500e+01 1.1000e+00 5.2890e+01 3.3750e+00 1.5000e-02 8.0000e+00 1.5400e+01 1.1000e+00 4.9966e+01
3.5310e+00 9.0000e-03 8.0000e+00 1.2900e+01 2.1000e+00 5.9170e+01 2.8350e+00 1.5000e-02 8.3000e+00 1.6300e+01 1.0000e+00 5.2263e+01 2.9100e+00 1.3000e-02 8.2000e+00 1.4500e+01 1.1000e+00 5.2890e+01 3.3750e+00 1.5000e-02 8.0000e+00 1.5400e+01 1.1000e+00 4.9966e+01 2.6640e+00 1.5000e-02 8.3000e+00 1.4500e+01 1.0000e+00 4.7144e+01
3.3410e+00 1.0000e-02 8.2000e+00 1.3300e+01 2.7000e+00 6.1899e+01 2.6840e+00 1.1000e-02 8.3000e+00 1.3700e+01 2.1000e+00 5.6132e+01 3.3750e+00 1.5000e-02 8.0000e+00 1.5400e+01 1.1000e+00 4.9966e+01 2.6640e+00 1.5000e-02 8.3000e+00 1.4500e+01 1.0000e+00 4.7144e+01 2.9690e+00 1.5000e-02 8.1000e+00 1.3300e+01 2.2000e+00 5.0235e+01
2.4910e+00 9.0000e-03 8.5000e+00 1.2100e+01 2.5000e+00 5.6833e+01 2.2110e+00 1.1000e-02 8.1000e+00 1.1200e+01 1.7000e+00 5.6419e+01 2.6640e+00 1.5000e-02 8.3000e+00 1.4500e+01 1.0000e+00 4.7144e+01 2.9690e+00 1.5000e-02 8.1000e+00 1.3300e+01 2.2000e+00 5.0235e+01 2.8530e+00 9.0000e-03 8.1000e+00 1.1500e+01 2.3000e+00 5.8336e+01
2.0190e+00 2.9000e-02 8.4000e+00 1.1300e+01 2.0000e+00 5.0624e+01 1.9850e+00 7.0000e-03 8.4000e+00 1.0700e+01 1.6000e+00 5.0101e+01 2.9690e+00 1.5000e-02 8.1000e+00 1.3300e+01 2.2000e+00 5.0235e+01 2.8530e+00 9.0000e-03 8.1000e+00 1.1500e+01 2.3000e+00 5.8336e+01 3.0240e+00 1.8000e-02 7.9000e+00 1.0800e+01 1.6000e+00 5.8160e+01
1.7530e+00 1.5000e-02 8.2000e+00 1.1200e+01 2.2000e+00 5.4559e+01 1.5000e+00 1.0000e-02 8.6000e+00 1.0000e+01 1.6000e+00 5.6833e+01 2.8530e+00 9.0000e-03 8.1000e+00 1.1500e+01 2.3000e+00 5.8336e+01 3.0240e+00 1.8000e-02 7.9000e+00 1.0800e+01 1.6000e+00 5.8160e+01 2.1910e+00 1.8000e-02 8.4000e+00 1.0200e+01 1.6000e+00 5.2890e+01
2.4000e+00 1.9000e-02 7.8000e+00 1.1000e+01 1.1000e+00 5.9170e+01 2.7640e+00 7.0000e-02 7.7000e+00 9.3000e+00 1.5000e+00 4.2011e+01 3.0240e+00 1.8000e-02 7.9000e+00 1.0800e+01 1.6000e+00 5.8160e+01 2.1910e+00 1.8000e-02 8.4000e+00 1.0200e+01 1.6000e+00 5.2890e+01 2.4480e+00 3.0000e-02 8.5000e+00 1.1100e+01 2.2000e+00 6.0606e+01
3.0910e+00 2.6000e-02 7.9000e+00 8.8000e+00 2.0000e+00 5.1709e+01 2.3170e+00 3.3000e-02 8.0000e+00 1.0300e+01 1.1000e+00 5.8336e+01 2.1910e+00 1.8000e-02 8.4000e+00 1.0200e+01 1.6000e+00 5.2890e+01 2.4480e+00 3.0000e-02 8.5000e+00 1.1100e+01 2.2000e+00 6.0606e+01 2.1580e+00 5.5000e-02 8.0000e+00 1.0800e+01 1.7000e+00 6.2486e+01
1.9320e+00 1.3000e-02 8.3000e+00 1.0100e+01 2.5000e+00 6.5890e+01 2.3760e+00 1.1000e-02 8.5000e+00 1.0600e+01 1.9000e+00 5.9276e+01 2.4480e+00 3.0000e-02 8.5000e+00 1.1100e+01 2.2000e+00 6.0606e+01 2.1580e+00 5.5000e-02 8.0000e+00 1.0800e+01 1.7000e+00 6.2486e+01 2.9780e+00 4.2000e-02 8.1000e+00 1.0700e+01 1.2000e+00 4.5571e+01
2.0020e+00 1.3000e-02 7.8000e+00 1.0400e+01 1.5000e+00 5.9740e+01 2.5130e+00 1.8000e-02 8.2000e+00 1.0000e+01 1.5000e+00 5.4123e+01 2.1580e+00 5.5000e-02 8.0000e+00 1.0800e+01 1.7000e+00 6.2486e+01 2.9780e+00 4.2000e-02 8.1000e+00 1.0700e+01 1.2000e+00 4.5571e+01 2.8060e+00 3.0000e-02 8.2000e+00 1.0400e+01 1.5000e+00 6.1570e+01
2.3270e+00 1.1000e-02 8.0000e+00 1.2500e+01 2.5000e+00 6.4721e+01 2.5560e+00 1.6000e-02 8.2000e+00 1.1700e+01 1.3000e+00 5.4034e+01 2.9780e+00 4.2000e-02 8.1000e+00 1.0700e+01 1.2000e+00 4.5571e+01 2.8060e+00 3.0000e-02 8.2000e+00 1.0400e+01 1.5000e+00 6.1570e+01 2.7900e+00 1.3000e-02 8.0000e+00 1.1300e+01 1.2000e+00 5.1934e+01
2.4450e+00 1.2000e-02 8.0000e+00 1.3100e+01 1.2000e+00 5.6059e+01 2.9100e+00 1.3000e-02 8.2000e+00 1.4500e+01 1.1000e+00 5.2890e+01 2.8060e+00 3.0000e-02 8.2000e+00 1.0400e+01 1.5000e+00 6.1570e+01 2.7900e+00 1.3000e-02 8.0000e+00 1.1300e+01 1.2000e+00 5.1934e+01 2.4150e+00 1.0000e-02 8.1000e+00 1.2200e+01 7.0000e-01 5.0999e+01
2.8350e+00 1.5000e-02 8.3000e+00 1.6300e+01 1.0000e+00 5.2263e+01 2.6640e+00 1.5000e-02 8.3000e+00 1.4500e+01 1.0000e+00 4.7144e+01 2.4150e+00 1.0000e-02 8.1000e+00 1.2200e+01 7.0000e-01 5.0999e+01 4.4400e+00 5.1000e-02 7.8000e+00 1.0400e+01 1.9000e+00 4.9548e+01 3.2400e+00 2.0000e-02 8.1000e+00 1.5300e+01 1.5000e+00 5.6348e+01
2.6840e+00 1.1000e-02 8.3000e+00 1.3700e+01 2.1000e+00 5.6132e+01 2.9690e+00 1.5000e-02 8.1000e+00 1.3300e+01 2.2000e+00 5.0235e+01 4.4400e+00 5.1000e-02 7.8000e+00 1.0400e+01 1.9000e+00 4.9548e+01 3.2400e+00 2.0000e-02 8.1000e+00 1.5300e+01 1.5000e+00 5.6348e+01 3.1050e+00 2.7000e-02 7.9000e+00 1.1400e+01 2.1000e+00 5.5533e+01
2.2110e+00 1.1000e-02 8.1000e+00 1.1200e+01 1.7000e+00 5.6419e+01 2.8530e+00 9.0000e-03 8.1000e+00 1.1500e+01 2.3000e+00 5.8336e+01 3.2400e+00 2.0000e-02 8.1000e+00 1.5300e+01 1.5000e+00 5.6348e+01 3.1050e+00 2.7000e-02 7.9000e+00 1.1400e+01 2.1000e+00 5.5533e+01 2.9750e+00 2.0000e-02 8.3000e+00 1.1500e+01 1.7000e+00 5.7551e+01
1.9850e+00 7.0000e-03 8.4000e+00 1.0700e+01 1.6000e+00 5.0101e+01 3.0240e+00 1.8000e-02 7.9000e+00 1.0800e+01 1.6000e+00 5.8160e+01 3.1050e+00 2.7000e-02 7.9000e+00 1.1400e+01 2.1000e+00 5.5533e+01 2.9750e+00 2.0000e-02 8.3000e+00 1.1500e+01 1.7000e+00 5.7551e+01 1.9150e+00 1.6000e-02 8.5000e+00 9.7000e+00 1.7000e+00 5.3286e+01
1.5000e+00 1.0000e-02 8.6000e+00 1.0000e+01 1.6000e+00 5.6833e+01 2.1910e+00 1.8000e-02 8.4000e+00 1.0200e+01 1.6000e+00 5.2890e+01 2.9750e+00 2.0000e-02 8.3000e+00 1.1500e+01 1.7000e+00 5.7551e+01 1.9150e+00 1.6000e-02 8.5000e+00 9.7000e+00 1.7000e+00 5.3286e+01 1.8190e+00 1.8000e-02 8.8000e+00 9.5000e+00 1.3000e+00 5.0235e+01
2.7640e+00 7.0000e-02 7.7000e+00 9.3000e+00 1.5000e+00 4.2011e+01 2.4480e+00 3.0000e-02 8.5000e+00 1.1100e+01 2.2000e+00 6.0606e+01 1.9150e+00 1.6000e-02 8.5000e+00 9.7000e+00 1.7000e+00 5.3286e+01 1.8190e+00 1.8000e-02 8.8000e+00 9.5000e+00 1.3000e+00 5.0235e+01 1.6750e+00 2.9000e-02 8.2000e+00 8.2000e+00 1.4000e+00 5.8734e+01
2.3170e+00 3.3000e-02 8.0000e+00 1.0300e+01 1.1000e+00 5.8336e+01 2.1580e+00 5.5000e-02 8.0000e+00 1.0800e+01 1.7000e+00 6.2486e+01 1.8190e+00 1.8000e-02 8.8000e+00 9.5000e+00 1.3000e+00 5.0235e+01 1.6750e+00 2.9000e-02 8.2000e+00 8.2000e+00 1.4000e+00 5.8734e+01 2.1970e+00 1.8000e-02 8.2000e+00 9.2000e+00 1.7000e+00 5.8394e+01
2.3760e+00 1.1000e-02 8.5000e+00 1.0600e+01 1.9000e+00 5.9276e+01 2.9780e+00 4.2000e-02 8.1000e+00 1.0700e+01 1.2000e+00 4.5571e+01 1.6750e+00 2.9000e-02 8.2000e+00 8.2000e+00 1.4000e+00 5.8734e+01 2.1970e+00 1.8000e-02 8.2000e+00 9.2000e+00 1.7000e+00 5.8394e+01 2.3030e+00 2.2000e-02 8.1000e+00 8.8000e+00 1.6000e+00 6.0420e+01
2.5130e+00 1.8000e-02 8.2000e+00 1.0000e+01 1.5000e+00 5.4123e+01 2.8060e+00 3.0000e-02 8.2000e+00 1.0400e+01 1.5000e+00 6.1570e+01 2.1970e+00 1.8000e-02 8.2000e+00 9.2000e+00 1.7000e+00 5.8394e+01 2.3030e+00 2.2000e-02 8.1000e+00 8.8000e+00 1.6000e+00 6.0420e+01 2.6990e+00 2.9000e-02 8.2000e+00 9.4000e+00 1.3000e+00 5.9689e+01
2.5560e+00 1.6000e-02 8.2000e+00 1.1700e+01 1.3000e+00 5.4034e+01 2.7900e+00 1.3000e-02 8.0000e+00 1.1300e+01 1.2000e+00 5.1934e+01 2.3030e+00 2.2000e-02 8.1000e+00 8.8000e+00 1.6000e+00 6.0420e+01 2.6990e+00 2.9000e-02 8.2000e+00 9.4000e+00 1.3000e+00 5.9689e+01 3.0040e+00 3.1000e-02 8.6000e+00 1.0700e+01 8.0000e-01 5.8565e+01
2.9100e+00 1.3000e-02 8.2000e+00 1.4500e+01 1.1000e+00 5.2890e+01 2.4150e+00 1.0000e-02 8.1000e+00 1.2200e+01 7.0000e-01 5.0999e+01 2.6990e+00 2.9000e-02 8.2000e+00 9.4000e+00 1.3000e+00 5.9689e+01 3.0040e+00 3.1000e-02 8.6000e+00 1.0700e+01 8.0000e-01 5.8565e+01 3.1500e+00 4.0000e-02 9.0000e+00 1.2000e+01 8.0000e-01 4.8177e+01
3.3750e+00 1.5000e-02 8.0000e+00 1.5400e+01 1.1000e+00 4.9966e+01 4.4400e+00 5.1000e-02 7.8000e+00 1.0400e+01 1.9000e+00 4.9548e+01 3.0040e+00 3.1000e-02 8.6000e+00 1.0700e+01 8.0000e-01 5.8565e+01 3.1500e+00 4.0000e-02 9.0000e+00 1.2000e+01 8.0000e-01 4.8177e+01 2.5450e+00 2.5000e-02 8.1000e+00 1.2900e+01 1.2000e+00 5.2581e+01
2.6640e+00 1.5000e-02 8.3000e+00 1.4500e+01 1.0000e+00 4.7144e+01 3.2400e+00 2.0000e-02 8.1000e+00 1.5300e+01 1.5000e+00 5.6348e+01 3.1500e+00 4.0000e-02 9.0000e+00 1.2000e+01 8.0000e-01 4.8177e+01 2.5450e+00 2.5000e-02 8.1000e+00 1.2900e+01 1.2000e+00 5.2581e+01 3.3150e+00 5.0000e-03 8.9000e+00 1.4200e+01 1.8000e+00 6.1570e+01
2.9690e+00 1.5000e-02 8.1000e+00 1.3300e+01 2.2000e+00 5.0235e+01 3.1050e+00 2.7000e-02 7.9000e+00 1.1400e+01 2.1000e+00 5.5533e+01 2.5450e+00 2.5000e-02 8.1000e+00 1.2900e+01 1.2000e+00 5.2581e+01 3.3150e+00 5.0000e-03 8.9000e+00 1.4200e+01 1.8000e+00 6.1570e+01 2.9080e+00 1.5000e-02 8.7000e+00 1.2500e+01 1.7000e+00 6.0037e+01
2.8530e+00 9.0000e-03 8.1000e+00 1.1500e+01 2.3000e+00 5.8336e+01 2.9750e+00 2.0000e-02 8.3000e+00 1.1500e+01 1.7000e+00 5.7551e+01 3.3150e+00 5.0000e-03 8.9000e+00 1.4200e+01 1.8000e+00 6.1570e+01 2.9080e+00 1.5000e-02 8.7000e+00 1.2500e+01 1.7000e+00 6.0037e+01 2.3260e+00 1.0000e-02 9.0000e+00 1.1800e+01 2.1000e+00 6.3183e+01
2.7650e+00 1.0000e-02 8.4000e+00 1.6800e+01 1.4000e+00 5.5139e+01 3.3750e+00 1.5000e-02 8.0000e+00 1.5400e+01 1.1000e+00 4.9966e+01 2.7900e+00 1.3000e-02 8.0000e+00 1.1300e+01 1.2000e+00 5.1934e+01 2.4150e+00 1.0000e-02 8.1000e+00 1.2200e+01 7.0000e-01 5.0999e+01 4.4400e+00 5.1000e-02 7.8000e+00 1.0400e+01 1.9000e+00 4.9548e+01
