1.4976e+01 7.7000e-02 7.6000e+00 1.7300e+01 4.1000e+00 3.7878e+01 1.2576e+01 6.2000e-02 1.6000e+00 8.5000e+00 2.2000e+00 4.6960e+01 6.9680e+00 3.4000e-02 8.6000e+00 1.1700e+01 1.1000e+00 3.7878e+01 1.0072e+01 2.9000e-02 8.0000e+00 1.4900e+01 3.7000e+00 4.9405e+01 1.0608e+01 1.4000e-02 8.8000e+00 1.1500e+01 1.9000e+00 4.7144e+01
1.3272e+01 2.4000e-02 7.8000e+00 1.1700e+01 2.8000e+00 4.7674e+01 6.2400e+00 5.8000e-02 8.2000e+00 1.6100e+01 2.9000e+00 6.0652e+01 1.0072e+01 2.9000e-02 8.0000e+00 1.4900e+01 3.7000e+00 4.9405e+01 1.0608e+01 1.4000e-02 8.8000e+00 1.1500e+01 1.9000e+00 4.7144e+01 1.1040e+01 2.4000e-02 8.7000e+00 9.8000e+00 3.5000e+00 4.8339e+01
1.3872e+01 4.3000e-02 7.6000e+00 1.3100e+01 4.1000e+00 4.6960e+01 8.2200e+00 5.8000e-02 8.2000e+00 1.3100e+01 2.9000e+00 6.1858e+01 1.0608e+01 1.4000e-02 8.8000e+00 1.1500e+01 1.9000e+00 4.7144e+01 1.1040e+01 2.4000e-02 8.7000e+00 9.8000e+00 3.5000e+00 4.8339e+01 8.2080e+00 1.4000e-02 9.0000e+00 1.2800e+01 3.7000e+00 5.1478e+01
9.2160e+00 2.9000e-02 7.8000e+00 1.1500e+01 4.3000e+00 5.4212e+01 9.4800e+00 1.0000e-02 8.4000e+00 1.2800e+01 3.7000e+00 5.4895e+01 1.1040e+01 2.4000e-02 8.7000e+00 9.8000e+00 3.5000e+00 4.8339e+01 8.2080e+00 1.4000e-02 9.0000e+00 1.2800e+01 3.7000e+00 5.1478e+01 7.1760e+00 2.4000e-02 8.8000e+00 1.1100e+01 3.3000e+00 5.0999e+01
9.4080e+00 5.3000e-02 7.8000e+00 9.3000e+00 3.2000e+00 1.4811e+01 9.5520e+00 5.0000e-03 8.1000e+00 1.0400e+01 4.9000e+00 4.8177e+01 8.2080e+00 1.4000e-02 9.0000e+00 1.2800e+01 3.7000e+00 5.1478e+01 7.1760e+00 2.4000e-02 8.8000e+00 1.1100e+01 3.3000e+00 5.0999e+01 9.6240e+00 2.4000e-02 7.8000e+00 1.2300e+01 7.1000e+00 6.0878e+01
1.0656e+01 5.8000e-02 7.8000e+00 1.0600e+01 5.3000e+00 5.8041e+01 6.9360e+00 5.3000e-02 8.3000e+00 9.8000e+00 5.9000e+00 6.1528e+01 7.1760e+00 2.4000e-02 8.8000e+00 1.1100e+01 3.3000e+00 5.0999e+01 9.6240e+00 2.4000e-02 7.8000e+00 1.2300e+01 7.1000e+00 6.0878e+01 7.0440e+00 4.3000e-02 7.7000e+00 1.1100e+01 5.8000e+00 5.0366e+01
9.4800e+00 2.9000e-02 7.7000e+00 9.3000e+00 6.8000e+00 4.2011e+01 7.0800e+00 8.2000e-02 8.0000e+00 1.1200e+01 2.2000e+00 4.8962e+01 9.6240e+00 2.4000e-02 7.8000e+00 1.2300e+01 7.1000e+00 6.0878e+01 7.0440e+00 4.3000e-02 7.7000e+00 1.1100e+01 5.8000e+00 5.0366e+01 3.7440e+00 9.6000e-02 7.6000e+00 7.3000e+00 1.4000e+00 4.2890e+01
8.9520e+00 3.8000e-02 7.9000e+00 9.8000e+00 1.8000e+00 3.5805e+01 5.7120e+00 1.9000e-02 8.8000e+00 1.5500e+01 2.8000e+00 6.4930e+01 7.0440e+00 4.3000e-02 7.7000e+00 1.1100e+01 5.8000e+00 5.0366e+01 3.7440e+00 9.6000e-02 7.6000e+00 7.3000e+00 1.4000e+00 4.2890e+01 5.1240e+00 4.3000e-02 8.4000e+00 1.1300e+01 2.7000e+00 6.5450e+01
4.4400e+00 6.7000e-02 7.8000e+00 8.0000e+00 2.0000e+00 5.9588e+01 4.6800e+00 5.8000e-02 8.1000e+00 1.0000e+01 1.3000e+00 4.6389e+01 3.7440e+00 9.6000e-02 7.6000e+00 7.3000e+00 1.4000e+00 4.2890e+01 5.1240e+00 4.3000e-02 8.4000e+00 1.1300e+01 2.7000e+00 6.5450e+01 5.6400e+00 5.3000e-02 8.6000e+00 1.4300e+01 2.0000e+00 4.7324e+01
5.4240e+00 4.8000e-02 7.8000e+00 9.3000e+00 2.2000e+00 4.2312e+01 4.4640e+00 4.3000e-02 8.6000e+00 8.7000e+00 1.8000e+00 5.2890e+01 5.1240e+00 4.3000e-02 8.4000e+00 1.1300e+01 2.7000e+00 6.5450e+01 5.6400e+00 5.3000e-02 8.6000e+00 1.4300e+01 2.0000e+00 4.7324e+01 8.7720e+00 6.2000e-02 8.0000e+00 9.8000e+00 5.5000e+00 4.8177e+01
7.8720e+00 7.8720e+00 7.9000e+00 1.1100e+01 2.1000e+00 4.9112e+01 6.9680e+00 3.4000e-02 8.6000e+00 1.1700e+01 1.1000e+00 3.7878e+01 5.6400e+00 5.3000e-02 8.6000e+00 1.4300e+01 2.0000e+00 4.7324e+01 8.7720e+00 6.2000e-02 8.0000e+00 9.8000e+00 5.5000e+00 4.8177e+01 9.4200e+00 2.9000e-02 8.1000e+00 1.3700e+01 4.1000e+00 3.5805e+01
9.6600e+00 4.3000e-02 7.8000e+00 1.1200e+01 1.8000e+00 3.3901e+01 1.0072e+01 2.9000e-02 8.0000e+00 1.4900e+01 3.7000e+00 4.9405e+01 8.7720e+00 6.2000e-02 8.0000e+00 9.8000e+00 5.5000e+00 4.8177e+01 9.4200e+00 2.9000e-02 8.1000e+00 1.3700e+01 4.1000e+00 3.5805e+01 7.3200e+00 2.4000e-02 7.4000e+00 1.6200e+01 1.6000e+00 3.8335e+01
1.2576e+01 6.2000e-02 1.6000e+00 8.5000e+00 2.2000e+00 4.6960e+01 1.0608e+01 1.4000e-02 8.8000e+00 1.1500e+01 1.9000e+00 4.7144e+01 9.4200e+00 2.9000e-02 8.1000e+00 1.3700e+01 4.1000e+00 3.5805e+01 7.3200e+00 2.4000e-02 7.4000e+00 1.6200e+01 1.6000e+00 3.8335e+01 8.9400e+00 4.3000e-02 6.8000e+00 1.7200e+01 4.5000e+00 4.7845e+01
6.2400e+00 5.8000e-02 8.2000e+00 1.6100e+01 2.9000e+00 6.0652e+01 1.1040e+01 2.4000e-02 8.7000e+00 9.8000e+00 3.5000e+00 4.8339e+01 7.3200e+00 2.4000e-02 7.4000e+00 1.6200e+01 1.6000e+00 3.8335e+01 8.9400e+00 4.3000e-02 6.8000e+00 1.7200e+01 4.5000e+00 4.7845e+01 9.5760e+00 1.9000e-02 6.6000e+00 1.5000e+01 1.0600e+01 4.5135e+01
8.2200e+00 5.8000e-02 8.2000e+00 1.3100e+01 2.9000e+00 6.1858e+01 8.2080e+00 1.4000e-02 9.0000e+00 1.2800e+01 3.7000e+00 5.1478e+01 8.9400e+00 4.3000e-02 6.8000e+00 1.7200e+01 4.5000e+00 4.7845e+01 9.5760e+00 1.9000e-02 6.6000e+00 1.5000e+01 1.0600e+01 4.5135e+01 8.8800e+00 2.9000e-02 7.1000e+00 1.2400e+01 1.1300e+01 5.8219e+01
9.4800e+00 1.0000e-02 8.4000e+00 1.2800e+01 3.7000e+00 5.4895e+01 7.1760e+00 2.4000e-02 8.8000e+00 1.1100e+01 3.3000e+00 5.0999e+01 9.5760e+00 1.9000e-02 6.6000e+00 1.5000e+01 1.0600e+01 4.5135e+01 8.8800e+00 2.9000e-02 7.1000e+00 1.2400e+01 1.1300e+01 5.8219e+01 8.4570e+00 0.0000e+00 7.2000e+00 1.4100e+01 4.8000e+00 5.4644e+01
9.5520e+00 5.0000e-03 8.1000e+00 1.0400e+01 4.9000e+00 4.8177e+01 9.6240e+00 2.4000e-02 7.8000e+00 1.2300e+01 7.1000e+00 6.0878e+01 8.8800e+00 2.9000e-02 7.1000e+00 1.2400e+01 1.1300e+01 5.8219e+01 8.4570e+00 0.0000e+00 7.2000e+00 1.4100e+01 4.8000e+00 5.4644e+01 8.1610e+00 3.5000e-02 7.1000e+00 1.1900e+01 5.7000e+00 5.5533e+01
6.9360e+00 5.3000e-02 8.3000e+00 9.8000e+00 5.9000e+00 6.1528e+01 7.0440e+00 4.3000e-02 7.7000e+00 1.1100e+01 5.8000e+00 5.0366e+01 8.4570e+00 0.0000e+00 7.2000e+00 1.4100e+01 4.8000e+00 5.4644e+01 8.1610e+00 3.5000e-02 7.1000e+00 1.1900e+01 5.7000e+00 5.5533e+01 2.9960e+00 1.8800e-01 7.1000e+00 6.8000e+00 1.2000e+00 6.2448e+01
7.0800e+00 8.2000e-02 8.0000e+00 1.1200e+01 2.2000e+00 4.8962e+01 3.7440e+00 9.6000e-02 7.6000e+00 7.3000e+00 1.4000e+00 4.2890e+01 8.1610e+00 3.5000e-02 7.1000e+00 1.1900e+01 5.7000e+00 5.5533e+01 2.9960e+00 1.8800e-01 7.1000e+00 6.8000e+00 1.2000e+00 6.2448e+01 4.7010e+00 2.2000e-02 7.4000e+00 1.3400e+01 2.4000e+00 7.0634e+01
5.7120e+00 1.9000e-02 8.8000e+00 1.5500e+01 2.8000e+00 6.4930e+01 5.1240e+00 4.3000e-02 8.4000e+00 1.1300e+01 2.7000e+00 6.5450e+01 2.9960e+00 1.8800e-01 7.1000e+00 6.8000e+00 1.2000e+00 6.2448e+01 4.7010e+00 2.2000e-02 7.4000e+00 1.3400e+01 2.4000e+00 7.0634e+01 4.3850e+00 5.9000e-02 7.6000e+00 7.8000e+00 1.9000e+00 5.3383e+01
4.6800e+00 5.8000e-02 8.1000e+00 1.0000e+01 1.3000e+00 4.6389e+01 5.6400e+00 5.3000e-02 8.6000e+00 1.4300e+01 2.0000e+00 4.7324e+01 4.7010e+00 2.2000e-02 7.4000e+00 1.3400e+01 2.4000e+00 7.0634e+01 4.3850e+00 5.9000e-02 7.6000e+00 7.8000e+00 1.9000e+00 5.3383e+01 6.3220e+00 1.7000e-02 8.3000e+00 1.4100e+01 1.6000e+00 6.0788e+01
4.4640e+00 4.3000e-02 8.6000e+00 8.7000e+00 1.8000e+00 5.2890e+01 8.7720e+00 6.2000e-02 8.0000e+00 9.8000e+00 5.5000e+00 4.8177e+01 4.3850e+00 5.9000e-02 7.6000e+00 7.8000e+00 1.9000e+00 5.3383e+01 6.3220e+00 1.7000e-02 8.3000e+00 1.4100e+01 1.6000e+00 6.0788e+01 4.1510e+00 2.3000e-02 8.2000e+00 1.3000e+01 1.3000e+00 3.9974e+01
6.9680e+00 3.4000e-02 8.6000e+00 1.1700e+01 1.1000e+00 3.7878e+01 9.4200e+00 2.9000e-02 8.1000e+00 1.3700e+01 4.1000e+00 3.5805e+01 6.3220e+00 1.7000e-02 8.3000e+00 1.4100e+01 1.6000e+00 6.0788e+01 4.1510e+00 2.3000e-02 8.2000e+00 1.3000e+01 1.3000e+00 3.9974e+01 6.8220e+00 1.4000e-02 7.8000e+00 1.2200e+01 1.7000e+00 3.1535e+01
1.0072e+01 2.9000e-02 8.0000e+00 1.4900e+01 3.7000e+00 4.9405e+01 7.3200e+00 2.4000e-02 7.4000e+00 1.6200e+01 1.6000e+00 3.8335e+01 4.1510e+00 2.3000e-02 8.2000e+00 1.3000e+01 1.3000e+00 3.9974e+01 6.8220e+00 1.4000e-02 7.8000e+00 1.2200e+01 1.7000e+00 3.1535e+01 8.4520e+00 9.0000e-03 7.7000e+00 1.2600e+01 2.1000e+00 4.9112e+01
1.0608e+01 1.4000e-02 8.8000e+00 1.1500e+01 1.9000e+00 4.7144e+01 8.9400e+00 4.3000e-02 6.8000e+00 1.7200e+01 4.5000e+00 4.7845e+01 6.8220e+00 1.4000e-02 7.8000e+00 1.2200e+01 1.7000e+00 3.1535e+01 8.4520e+00 9.0000e-03 7.7000e+00 1.2600e+01 2.1000e+00 4.9112e+01 9.6890e+00 7.0000e-03 7.6000e+00 1.3700e+01 5.2000e+00 4.2011e+01
1.1040e+01 2.4000e-02 8.7000e+00 9.8000e+00 3.5000e+00 4.8339e+01 9.5760e+00 1.9000e-02 6.6000e+00 1.5000e+01 1.0600e+01 4.5135e+01 8.4520e+00 9.0000e-03 7.7000e+00 1.2600e+01 2.1000e+00 4.9112e+01 9.6890e+00 7.0000e-03 7.6000e+00 1.3700e+01 5.2000e+00 4.2011e+01 1.3279e+01 9.0000e-03 7.6000e+00 1.3400e+01 6.6000e+00 3.6366e+01
8.2080e+00 1.4000e-02 9.0000e+00 1.2800e+01 3.7000e+00 5.1478e+01 8.8800e+00 2.9000e-02 7.1000e+00 1.2400e+01 1.1300e+01 5.8219e+01 9.6890e+00 7.0000e-03 7.6000e+00 1.3700e+01 5.2000e+00 4.2011e+01 1.3279e+01 9.0000e-03 7.6000e+00 1.3400e+01 6.6000e+00 3.6366e+01 7.1590e+00 1.1000e-02 8.0000e+00 1.4700e+01 2.4000e+00 5.1478e+01
7.1760e+00 2.4000e-02 8.8000e+00 1.1100e+01 3.3000e+00 5.0999e+01 8.4570e+00 0.0000e+00 7.2000e+00 1.4100e+01 4.8000e+00 5.4644e+01 1.3279e+01 9.0000e-03 7.6000e+00 1.3400e+01 6.6000e+00 3.6366e+01 7.1590e+00 1.1000e-02 8.0000e+00 1.4700e+01 2.4000e+00 5.1478e+01 9.3370e+00 1.7000e-02 8.0000e+00 1.3900e+01 7.4000e+00 6.2486e+01
9.6240e+00 2.4000e-02 7.8000e+00 1.2300e+01 7.1000e+00 6.0878e+01 8.1610e+00 3.5000e-02 7.1000e+00 1.1900e+01 5.7000e+00 5.5533e+01 7.1590e+00 1.1000e-02 8.0000e+00 1.4700e+01 2.4000e+00 5.1478e+01 9.3370e+00 1.7000e-02 8.0000e+00 1.3900e+01 7.4000e+00 6.2486e+01 7.7830e+00 2.8000e-02 7.6000e+00 1.0400e+01 2.7000e+00 3.6897e+01
7.0440e+00 4.3000e-02 7.7000e+00 1.1100e+01 5.8000e+00 5.0366e+01 2.9960e+00 1.8800e-01 7.1000e+00 6.8000e+00 1.2000e+00 6.2448e+01 9.3370e+00 1.7000e-02 8.0000e+00 1.3900e+01 7.4000e+00 6.2486e+01 7.7830e+00 2.8000e-02 7.6000e+00 1.0400e+01 2.7000e+00 3.6897e+01 7.8230e+00 2.7000e-02 8.3000e+00 1.2600e+01 2.6000e+00 5.9890e+01
3.7440e+00 9.6000e-02 7.6000e+00 7.3000e+00 1.4000e+00 4.2890e+01 4.7010e+00 2.2000e-02 7.4000e+00 1.3400e+01 2.4000e+00 7.0634e+01 7.7830e+00 2.8000e-02 7.6000e+00 1.0400e+01 2.7000e+00 3.6897e+01 7.8230e+00 2.7000e-02 8.3000e+00 1.2600e+01 2.6000e+00 5.9890e+01 6.1330e+00 3.4000e-02 7.8000e+00 1.1900e+01 3.4000e+00 6.0182e+01
5.1240e+00 4.3000e-02 8.4000e+00 1.1300e+01 2.7000e+00 6.5450e+01 4.3850e+00 5.9000e-02 7.6000e+00 7.8000e+00 1.9000e+00 5.3383e+01 7.8230e+00 2.7000e-02 8.3000e+00 1.2600e+01 2.6000e+00 5.9890e+01 6.1330e+00 3.4000e-02 7.8000e+00 1.1900e+01 3.4000e+00 6.0182e+01 3.4040e+00 1.0400e-01 7.6000e+00 6.8000e+00 2.0000e+00 5.7981e+01
5.6400e+00 5.3000e-02 8.6000e+00 1.4300e+01 2.0000e+00 4.7324e+01 6.3220e+00 1.7000e-02 8.3000e+00 1.4100e+01 1.6000e+00 6.0788e+01 6.1330e+00 3.4000e-02 7.8000e+00 1.1900e+01 3.4000e+00 6.0182e+01 3.4040e+00 1.0400e-01 7.6000e+00 6.8000e+00 2.0000e+00 5.7981e+01 4.7030e+00 4.6000e-02 7.9000e+00 1.2600e+01 2.2000e+00 5.6059e+01
8.7720e+00 6.2000e-02 8.0000e+00 9.8000e+00 5.5000e+00 4.8177e+01 4.1510e+00 2.3000e-02 8.2000e+00 1.3000e+01 1.3000e+00 3.9974e+01 3.4040e+00 1.0400e-01 7.6000e+00 6.8000e+00 2.0000e+00 5.7981e+01 4.7030e+00 4.6000e-02 7.9000e+00 1.2600e+01 2.2000e+00 5.6059e+01 7.2440e+00 9.0000e-03 7.9000e+00 1.1800e+01 1.9000e+00 5.1478e+01
9.4200e+00 2.9000e-02 8.1000e+00 1.3700e+01 4.1000e+00 3.5805e+01 6.8220e+00 1.4000e-02 7.8000e+00 1.2200e+01 1.7000e+00 3.1535e+01 4.7030e+00 4.6000e-02 7.9000e+00 1.2600e+01 2.2000e+00 5.6059e+01 7.2440e+00 9.0000e-03 7.9000e+00 1.1800e+01 1.9000e+00 5.1478e+01 8.3490e+00 2.7000e-02 8.3000e+00 1.0100e+01 1.6000e+00 4.3435e+01
7.3200e+00 2.4000e-02 7.4000e+00 1.6200e+01 1.6000e+00 3.8335e+01 8.4520e+00 9.0000e-03 7.7000e+00 1.2600e+01 2.1000e+00 4.9112e+01 7.2440e+00 9.0000e-03 7.9000e+00 1.1800e+01 1.9000e+00 5.1478e+01 8.3490e+00 2.7000e-02 8.3000e+00 1.0100e+01 1.6000e+00 4.3435e+01 9.9020e+00 1.4000e-02 8.3000e+00 1.3000e+01 2.8000e+00 3.0600e+01
8.9400e+00 4.3000e-02 6.8000e+00 1.7200e+01 4.5000e+00 4.7845e+01 9.6890e+00 7.0000e-03 7.6000e+00 1.3700e+01 5.2000e+00 4.2011e+01 8.3490e+00 2.7000e-02 8.3000e+00 1.0100e+01 1.6000e+00 4.3435e+01 9.9020e+00 1.4000e-02 8.3000e+00 1.3000e+01 2.8000e+00 3.0600e+01 1.1129e+01 1.0000e-02 8.1000e+00 1.3600e+01 6.0000e+00 4.6960e+01
9.5760e+00 1.9000e-02 6.6000e+00 1.5000e+01 1.0600e+01 4.5135e+01 1.3279e+01 9.0000e-03 7.6000e+00 1.3400e+01 6.6000e+00 3.6366e+01 9.9020e+00 1.4000e-02 8.3000e+00 1.3000e+01 2.8000e+00 3.0600e+01 1.1129e+01 1.0000e-02 8.1000e+00 1.3600e+01 6.0000e+00 4.6960e+01 1.0132e+01 2.1000e-02 7.9000e+00 1.2300e+01 3.4000e+00 2.3800e+01
8.8800e+00 2.9000e-02 7.1000e+00 1.2400e+01 1.1300e+01 5.8219e+01 7.1590e+00 1.1000e-02 8.0000e+00 1.4700e+01 2.4000e+00 5.1478e+01 1.1129e+01 1.0000e-02 8.1000e+00 1.3600e+01 6.0000e+00 4.6960e+01 1.0132e+01 2.1000e-02 7.9000e+00 1.2300e+01 3.4000e+00 2.3800e+01 1.1017e+01 2.2000e-02 8.2000e+00 1.2300e+01 6.3000e+00 4.3166e+01
8.4570e+00 0.0000e+00 7.2000e+00 1.4100e+01 4.8000e+00 5.4644e+01 9.3370e+00 1.7000e-02 8.0000e+00 1.3900e+01 7.4000e+00 6.2486e+01 1.0132e+01 2.1000e-02 7.9000e+00 1.2300e+01 3.4000e+00 2.3800e+01 1.1017e+01 2.2000e-02 8.2000e+00 1.2300e+01 6.3000e+00 4.3166e+01 6.8150e+00 1.7000e-02 8.6000e+00 1.4800e+01 1.9000e+00 5.8678e+01
8.1610e+00 3.5000e-02 7.1000e+00 1.1900e+01 5.7000e+00 5.5533e+01 7.7830e+00 2.8000e-02 7.6000e+00 1.0400e+01 2.7000e+00 3.6897e+01 1.1017e+01 2.2000e-02 8.2000e+00 1.2300e+01 6.3000e+00 4.3166e+01 6.8150e+00 1.7000e-02 8.6000e+00 1.4800e+01 1.9000e+00 5.8678e+01 8.9600e+00 4.6000e-02 8.0000e+00 9.3000e+00 2.3000e+00 6.3393e+01
2.9960e+00 1.8800e-01 7.1000e+00 6.8000e+00 1.2000e+00 6.2448e+01 7.8230e+00 2.7000e-02 8.3000e+00 1.2600e+01 2.6000e+00 5.9890e+01 6.8150e+00 1.7000e-02 8.6000e+00 1.4800e+01 1.9000e+00 5.8678e+01 8.9600e+00 4.6000e-02 8.0000e+00 9.3000e+00 2.3000e+00 6.3393e+01 2.7930e+00 4.7000e-02 7.6000e+00 7.3000e+00 1.3000e+00 5.7034e+01
4.7010e+00 2.2000e-02 7.4000e+00 1.3400e+01 2.4000e+00 7.0634e+01 6.1330e+00 3.4000e-02 7.8000e+00 1.1900e+01 3.4000e+00 6.0182e+01 8.9600e+00 4.6000e-02 8.0000e+00 9.3000e+00 2.3000e+00 6.3393e+01 2.7930e+00 4.7000e-02 7.6000e+00 7.3000e+00 1.3000e+00 5.7034e+01 6.2460e+00 4.7000e-02 8.2000e+00 9.9000e+00 1.4000e+00 5.7100e+01
4.3850e+00 5.9000e-02 7.6000e+00 7.8000e+00 1.9000e+00 5.3383e+01 3.4040e+00 1.0400e-01 7.6000e+00 6.8000e+00 2.0000e+00 5.7981e+01 2.7930e+00 4.7000e-02 7.6000e+00 7.3000e+00 1.3000e+00 5.7034e+01 6.2460e+00 4.7000e-02 8.2000e+00 9.9000e+00 1.4000e+00 5.7100e+01 3.2350e+00 4.4000e-02 7.5000e+00 1.0000e+01 1.5000e+00 6.9530e+01
6.3220e+00 1.7000e-02 8.3000e+00 1.4100e+01 1.6000e+00 6.0788e+01 4.7030e+00 4.6000e-02 7.9000e+00 1.2600e+01 2.2000e+00 5.6059e+01 6.2460e+00 4.7000e-02 8.2000e+00 9.9000e+00 1.4000e+00 5.7100e+01 3.2350e+00 4.4000e-02 7.5000e+00 1.0000e+01 1.5000e+00 6.9530e+01 5.0100e+00 6.7000e-02 7.9000e+00 1.1500e+01 2.5000e+00 5.9381e+01
4.1510e+00 2.3000e-02 8.2000e+00 1.3000e+01 1.3000e+00 3.9974e+01 7.2440e+00 9.0000e-03 7.9000e+00 1.1800e+01 1.9000e+00 5.1478e+01 3.2350e+00 4.4000e-02 7.5000e+00 1.0000e+01 1.5000e+00 6.9530e+01 5.0100e+00 6.7000e-02 7.9000e+00 1.1500e+01 2.5000e+00 5.9381e+01 4.8730e+00 5.1000e-02 8.9000e+00 7.8000e+00 6.0000e-01 4.4442e+01
6.8220e+00 1.4000e-02 7.8000e+00 1.2200e+01 1.7000e+00 3.1535e+01 8.3490e+00 2.7000e-02 8.3000e+00 1.0100e+01 1.6000e+00 4.3435e+01 5.0100e+00 6.7000e-02 7.9000e+00 1.1500e+01 2.5000e+00 5.9381e+01 4.8730e+00 5.1000e-02 8.9000e+00 7.8000e+00 6.0000e-01 4.4442e+01 8.7080e+00 4.5000e-02 7.7000e+00 1.2100e+01 1.5000e+00 3.7400e+01
8.4520e+00 9.0000e-03 7.7000e+00 1.2600e+01 2.1000e+00 4.9112e+01 9.9020e+00 1.4000e-02 8.3000e+00 1.3000e+01 2.8000e+00 3.0600e+01 4.8730e+00 5.1000e-02 8.9000e+00 7.8000e+00 6.0000e-01 4.4442e+01 8.7080e+00 4.5000e-02 7.7000e+00 1.2100e+01 1.5000e+00 3.7400e+01 9.3850e+00 4.4000e-02 7.8000e+00 1.3400e+01 1.5000e+00 5.1360e+01
9.6890e+00 7.0000e-03 7.6000e+00 1.3700e+01 5.2000e+00 4.2011e+01 1.1129e+01 1.0000e-02 8.1000e+00 1.3600e+01 6.0000e+00 4.6960e+01 8.7080e+00 4.5000e-02 7.7000e+00 1.2100e+01 1.5000e+00 3.7400e+01 9.3850e+00 4.4000e-02 7.8000e+00 1.3400e+01 1.5000e+00 5.1360e+01 9.4970e+00 1.1000e-02 7.7000e+00 1.0500e+01 2.3000e+00 3.9974e+01
1.3279e+01 9.0000e-03 7.6000e+00 1.3400e+01 6.6000e+00 3.6366e+01 1.0132e+01 2.1000e-02 7.9000e+00 1.2300e+01 3.4000e+00 2.3800e+01 9.3850e+00 4.4000e-02 7.8000e+00 1.3400e+01 1.5000e+00 5.1360e+01 9.4970e+00 1.1000e-02 7.7000e+00 1.0500e+01 2.3000e+00 3.9974e+01 9.4440e+00 1.6000e-02 7.6000e+00 1.3800e+01 2.3000e+00 4.5782e+01
7.1590e+00 1.1000e-02 8.0000e+00 1.4700e+01 2.4000e+00 5.1478e+01 1.1017e+01 2.2000e-02 8.2000e+00 1.2300e+01 6.3000e+00 4.3166e+01 9.4970e+00 1.1000e-02 7.7000e+00 1.0500e+01 2.3000e+00 3.9974e+01 9.4440e+00 1.6000e-02 7.6000e+00 1.3800e+01 2.3000e+00 4.5782e+01 8.5520e+00 8.0000e-03 7.8000e+00 1.2900e+01 2.7000e+00 4.8177e+01
9.3370e+00 1.7000e-02 8.0000e+00 1.3900e+01 7.4000e+00 6.2486e+01 6.8150e+00 1.7000e-02 8.6000e+00 1.4800e+01 1.9000e+00 5.8678e+01 9.4440e+00 1.6000e-02 7.6000e+00 1.3800e+01 2.3000e+00 4.5782e+01 8.5520e+00 8.0000e-03 7.8000e+00 1.2900e+01 2.7000e+00 4.8177e+01 6.7140e+00 1.5000e-02 7.9000e+00 1.4900e+01 3.5000e+00 5.5686e+01
7.7830e+00 2.8000e-02 7.6000e+00 1.0400e+01 2.7000e+00 3.6897e+01 8.9600e+00 4.6000e-02 8.0000e+00 9.3000e+00 2.3000e+00 6.3393e+01 8.5520e+00 8.0000e-03 7.8000e+00 1.2900e+01 2.7000e+00 4.8177e+01 6.7140e+00 1.5000e-02 7.9000e+00 1.4900e+01 3.5000e+00 5.5686e+01 7.1060e+00 1.2000e-02 7.8000e+00 1.2400e+01 2.6000e+00 5.5912e+01
7.8230e+00 2.7000e-02 8.3000e+00 1.2600e+01 2.6000e+00 5.9890e+01 2.7930e+00 4.7000e-02 7.6000e+00 7.3000e+00 1.3000e+00 5.7034e+01 6.7140e+00 1.5000e-02 7.9000e+00 1.4900e+01 3.5000e+00 5.5686e+01 7.1060e+00 1.2000e-02 7.8000e+00 1.2400e+01 2.6000e+00 5.5912e+01 5.7340e+00 1.5000e-02 8.3000e+00 1.2900e+01 1.6000e+00 4.1377e+01
6.1330e+00 3.4000e-02 7.8000e+00 1.1900e+01 3.4000e+00 6.0182e+01 6.2460e+00 4.7000e-02 8.2000e+00 9.9000e+00 1.4000e+00 5.7100e+01 7.1060e+00 1.2000e-02 7.8000e+00 1.2400e+01 2.6000e+00 5.5912e+01 5.7340e+00 1.5000e-02 8.3000e+00 1.2900e+01 1.6000e+00 4.1377e+01 4.7640e+00 7.1000e-02 7.7000e+00 8.7000e+00 1.2000e+00 4.2890e+01
3.4040e+00 1.0400e-01 7.6000e+00 6.8000e+00 2.0000e+00 5.7981e+01 3.2350e+00 4.4000e-02 7.5000e+00 1.0000e+01 1.5000e+00 6.9530e+01 5.7340e+00 1.5000e-02 8.3000e+00 1.2900e+01 1.6000e+00 4.1377e+01 4.7640e+00 7.1000e-02 7.7000e+00 8.7000e+00 1.2000e+00 4.2890e+01 3.1830e+00 4.6000e-02 7.5000e+00 7.8000e+00 6.0000e-01 3.9589e+01
4.7030e+00 4.6000e-02 7.9000e+00 1.2600e+01 2.2000e+00 5.6059e+01 5.0100e+00 6.7000e-02 7.9000e+00 1.1500e+01 2.5000e+00 5.9381e+01 4.7640e+00 7.1000e-02 7.7000e+00 8.7000e+00 1.2000e+00 4.2890e+01 3.1830e+00 4.6000e-02 7.5000e+00 7.8000e+00 6.0000e-01 3.9589e+01 6.1630e+00 3.9000e-02 7.8000e+00 8.7000e+00 1.6000e+00 5.0496e+01
7.2440e+00 9.0000e-03 7.9000e+00 1.1800e+01 1.9000e+00 5.1478e+01 4.8730e+00 5.1000e-02 8.9000e+00 7.8000e+00 6.0000e-01 4.4442e+01 3.1830e+00 4.6000e-02 7.5000e+00 7.8000e+00 6.0000e-01 3.9589e+01 6.1630e+00 3.9000e-02 7.8000e+00 8.7000e+00 1.6000e+00 5.0496e+01 5.7370e+00 1.0000e-02 8.3000e+00 1.4700e+01 1.1000e+00 4.6190e+01
8.3490e+00 2.7000e-02 8.3000e+00 1.0100e+01 1.6000e+00 4.3435e+01 8.7080e+00 4.5000e-02 7.7000e+00 1.2100e+01 1.5000e+00 3.7400e+01 6.1630e+00 3.9000e-02 7.8000e+00 8.7000e+00 1.6000e+00 5.0496e+01 5.7370e+00 1.0000e-02 8.3000e+00 1.4700e+01 1.1000e+00 4.6190e+01 6.7760e+00 6.0000e-03 8.1000e+00 1.4200e+01 3.8000e+00 4.2605e+01
9.9020e+00 1.4000e-02 8.3000e+00 1.3000e+01 2.8000e+00 3.0600e+01 9.3850e+00 4.4000e-02 7.8000e+00 1.3400e+01 1.5000e+00 5.1360e+01 5.7370e+00 1.0000e-02 8.3000e+00 1.4700e+01 1.1000e+00 4.6190e+01 6.7760e+00 6.0000e-03 8.1000e+00 1.4200e+01 3.8000e+00 4.2605e+01 8.3320e+00 2.0000e-02 7.9000e+00 1.6200e+01 1.9000e+00 4.5571e+01
1.1129e+01 1.0000e-02 8.1000e+00 1.3600e+01 6.0000e+00 4.6960e+01 9.4970e+00 1.1000e-02 7.7000e+00 1.0500e+01 2.3000e+00 3.9974e+01 6.7760e+00 6.0000e-03 8.1000e+00 1.4200e+01 3.8000e+00 4.2605e+01 8.3320e+00 2.0000e-02 7.9000e+00 1.6200e+01 1.9000e+00 4.5571e+01 7.0690e+00 1.1000e-02 8.3000e+00 1.5000e+01 1.3000e+00 4.3166e+01
1.0132e+01 2.1000e-02 7.9000e+00 1.2300e+01 3.4000e+00 2.3800e+01 9.4440e+00 1.6000e-02 7.6000e+00 1.3800e+01 2.3000e+00 4.5782e+01 8.3320e+00 2.0000e-02 7.9000e+00 1.6200e+01 1.9000e+00 4.5571e+01 7.0690e+00 1.1000e-02 8.3000e+00 1.5000e+01 1.3000e+00 4.3166e+01 7.8040e+00 8.0000e-03 8.1000e+00 1.5000e+01 2.0000e+00 4.9260e+01
1.1017e+01 2.2000e-02 8.2000e+00 1.2300e+01 6.3000e+00 4.3166e+01 8.5520e+00 8.0000e-03 7.8000e+00 1.2900e+01 2.7000e+00 4.8177e+01 7.0690e+00 1.1000e-02 8.3000e+00 1.5000e+01 1.3000e+00 4.3166e+01 7.8040e+00 8.0000e-03 8.1000e+00 1.5000e+01 2.0000e+00 4.9260e+01 7.9210e+00 9.0000e-03 7.6000e+00 1.2400e+01 3.7000e+00 5.5837e+01
6.8150e+00 1.7000e-02 8.6000e+00 1.4800e+01 1.9000e+00 5.8678e+01 6.7140e+00 1.5000e-02 7.9000e+00 1.4900e+01 3.5000e+00 5.5686e+01 7.8040e+00 8.0000e-03 8.1000e+00 1.5000e+01 2.0000e+00 4.9260e+01 7.9210e+00 9.0000e-03 7.6000e+00 1.2400e+01 3.7000e+00 5.5837e+01 7.7370e+00 1.5000e-02 8.4000e+00 1.4100e+01 2.3000e+00 5.5139e+01
8.9600e+00 4.6000e-02 8.0000e+00 9.3000e+00 2.3000e+00 6.3393e+01 7.1060e+00 1.2000e-02 7.8000e+00 1.2400e+01 2.6000e+00 5.5912e+01 7.9210e+00 9.0000e-03 7.6000e+00 1.2400e+01 3.7000e+00 5.5837e+01 7.7370e+00 1.5000e-02 8.4000e+00 1.4100e+01 2.3000e+00 5.5139e+01 8.7340e+00 2.8000e-02 8.1000e+00 1.2900e+01 3.5000e+00 6.1100e+01
2.7930e+00 4.7000e-02 7.6000e+00 7.3000e+00 1.3000e+00 5.7034e+01 5.7340e+00 1.5000e-02 8.3000e+00 1.2900e+01 1.6000e+00 4.1377e+01 7.7370e+00 1.5000e-02 8.4000e+00 1.4100e+01 2.3000e+00 5.5139e+01 8.7340e+00 2.8000e-02 8.1000e+00 1.2900e+01 3.5000e+00 6.1100e+01 8.0810e+00 1.9000e-02 8.2000e+00 1.3600e+01 9.0000e-01 6.3801e+01
6.2460e+00 4.7000e-02 8.2000e+00 9.9000e+00 1.4000e+00 5.7100e+01 4.7640e+00 7.1000e-02 7.7000e+00 8.7000e+00 1.2000e+00 4.2890e+01 8.7340e+00 2.8000e-02 8.1000e+00 1.2900e+01 3.5000e+00 6.1100e+01 8.0810e+00 1.9000e-02 8.2000e+00 1.3600e+01 9.0000e-01 6.3801e+01 3.7300e+00 9.4000e-02 7.7000e+00 8.7000e+00 9.0000e-01 4.6190e+01
3.2350e+00 4.4000e-02 7.5000e+00 1.0000e+01 1.5000e+00 6.9530e+01 3.1830e+00 4.6000e-02 7.5000e+00 7.8000e+00 6.0000e-01 3.9589e+01 8.0810e+00 1.9000e-02 8.2000e+00 1.3600e+01 9.0000e-01 6.3801e+01 3.7300e+00 9.4000e-02 7.7000e+00 8.7000e+00 9.0000e-01 4.6190e+01 4.8670e+00 2.5000e-02 8.7000e+00 1.6200e+01 3.2000e+00 8.3614e+01
5.0100e+00 6.7000e-02 7.9000e+00 1.1500e+01 2.5000e+00 5.9381e+01 6.1630e+00 3.9000e-02 7.8000e+00 8.7000e+00 1.6000e+00 5.0496e+01 3.7300e+00 9.4000e-02 7.7000e+00 8.7000e+00 9.0000e-01 4.6190e+01 4.8670e+00 2.5000e-02 8.7000e+00 1.6200e+01 3.2000e+00 8.3614e+01 5.7410e+00 1.3200e-01 7.7000e+00 8.3000e+00 1.5000e+00 5.6348e+01
4.8730e+00 5.1000e-02 8.9000e+00 7.8000e+00 6.0000e-01 4.4442e+01 5.7370e+00 1.0000e-02 8.3000e+00 1.4700e+01 1.1000e+00 4.6190e+01 4.8670e+00 2.5000e-02 8.7000e+00 1.6200e+01 3.2000e+00 8.3614e+01 5.7410e+00 1.3200e-01 7.7000e+00 8.3000e+00 1.5000e+00 5.6348e+01 7.0250e+00 5.7000e-02 7.2000e+00 9.3000e+00 1.6000e+00 3.8335e+01
8.7080e+00 4.5000e-02 7.7000e+00 1.2100e+01 1.5000e+00 3.7400e+01 6.7760e+00 6.0000e-03 8.1000e+00 1.4200e+01 3.8000e+00 4.2605e+01 5.7410e+00 1.3200e-01 7.7000e+00 8.3000e+00 1.5000e+00 5.6348e+01 7.0250e+00 5.7000e-02 7.2000e+00 9.3000e+00 1.6000e+00 3.8335e+01 7.0530e+00 3.8000e-02 7.8000e+00 1.2100e+01 1.3000e+00 4.6960e+01
9.3850e+00 4.4000e-02 7.8000e+00 1.3400e+01 1.5000e+00 5.1360e+01 8.3320e+00 2.0000e-02 7.9000e+00 1.6200e+01 1.9000e+00 4.5571e+01 7.0250e+00 5.7000e-02 7.2000e+00 9.3000e+00 1.6000e+00 3.8335e+01 7.0530e+00 3.8000e-02 7.8000e+00 1.2100e+01 1.3000e+00 4.6960e+01 8.1670e+00 1.3000e-02 7.3000e+00 1.1400e+01 2.4000e+00 4.5988e+01
9.4440e+00 1.6000e-02 7.6000e+00 1.3800e+01 2.3000e+00 4.5782e+01 7.8040e+00 8.0000e-03 8.1000e+00 1.5000e+01 2.0000e+00 4.9260e+01 8.1670e+00 1.3000e-02 7.3000e+00 1.1400e+01 2.4000e+00 4.5988e+01 4.4400e+00 5.1000e-02 7.8000e+00 1.0400e+01 1.9000e+00 4.9548e+01 9.3550e+00 1.3000e-02 8.0000e+00 1.3600e+01 5.0000e-01 4.7845e+01
8.5520e+00 8.0000e-03 7.8000e+00 1.2900e+01 2.7000e+00 4.8177e+01 7.9210e+00 9.0000e-03 7.6000e+00 1.2400e+01 3.7000e+00 5.5837e+01 4.4400e+00 5.1000e-02 7.8000e+00 1.0400e+01 1.9000e+00 4.9548e+01 9.3550e+00 1.3000e-02 8.0000e+00 1.3600e+01 5.0000e-01 4.7845e+01 8.5490e+00 1.3000e-02 8.1000e+00 1.3300e+01 4.9000e+00 5.4895e+01
6.7140e+00 1.5000e-02 7.9000e+00 1.4900e+01 3.5000e+00 5.5686e+01 7.7370e+00 1.5000e-02 8.4000e+00 1.4100e+01 2.3000e+00 5.5139e+01 9.3550e+00 1.3000e-02 8.0000e+00 1.3600e+01 5.0000e-01 4.7845e+01 8.5490e+00 1.3000e-02 8.1000e+00 1.3300e+01 4.9000e+00 5.4895e+01 7.9250e+00 2.3000e-02 8.3000e+00 1.4600e+01 3.3000e+00 6.0606e+01
7.1060e+00 1.2000e-02 7.8000e+00 1.2400e+01 2.6000e+00 5.5912e+01 8.7340e+00 2.8000e-02 8.1000e+00 1.2900e+01 3.5000e+00 6.1100e+01 8.5490e+00 1.3000e-02 8.1000e+00 1.3300e+01 4.9000e+00 5.4895e+01 7.9250e+00 2.3000e-02 8.3000e+00 1.4600e+01 3.3000e+00 6.0606e+01 7.3070e+00 2.6000e-02 8.2000e+00 1.2900e+01 2.1000e+00 6.4192e+01
5.7340e+00 1.5000e-02 8.3000e+00 1.2900e+01 1.6000e+00 4.1377e+01 8.0810e+00 1.9000e-02 8.2000e+00 1.3600e+01 9.0000e-01 6.3801e+01 7.9250e+00 2.3000e-02 8.3000e+00 1.4600e+01 3.3000e+00 6.0606e+01 7.3070e+00 2.6000e-02 8.2000e+00 1.2900e+01 2.1000e+00 6.4192e+01 4.6060e+00 5.4000e-02 7.9000e+00 1.1200e+01 2.0000e+00 5.3383e+01
4.7640e+00 7.1000e-02 7.7000e+00 8.7000e+00 1.2000e+00 4.2890e+01 3.7300e+00 9.4000e-02 7.7000e+00 8.7000e+00 9.0000e-01 4.6190e+01 7.3070e+00 2.6000e-02 8.2000e+00 1.2900e+01 2.1000e+00 6.4192e+01 4.6060e+00 5.4000e-02 7.9000e+00 1.1200e+01 2.0000e+00 5.3383e+01 2.8670e+00 3.0000e-02 7.9000e+00 8.9000e+00 4.8000e+00 7.0001e+01
3.1830e+00 4.6000e-02 7.5000e+00 7.8000e+00 6.0000e-01 3.9589e+01 4.8670e+00 2.5000e-02 8.7000e+00 1.6200e+01 3.2000e+00 8.3614e+01 4.6060e+00 5.4000e-02 7.9000e+00 1.1200e+01 2.0000e+00 5.3383e+01 2.8670e+00 3.0000e-02 7.9000e+00 8.9000e+00 4.8000e+00 7.0001e+01 3.0350e+00 5.9000e-02 7.9000e+00 8.4000e+00 1.6000e+00 5.8790e+01
6.1630e+00 3.9000e-02 7.8000e+00 8.7000e+00 1.6000e+00 5.0496e+01 5.7410e+00 1.3200e-01 7.7000e+00 8.3000e+00 1.5000e+00 5.6348e+01 2.8670e+00 3.0000e-02 7.9000e+00 8.9000e+00 4.8000e+00 7.0001e+01 3.0350e+00 5.9000e-02 7.9000e+00 8.4000e+00 1.6000e+00 5.8790e+01 2.8760e+00 7.0000e-02 7.3000e+00 5.1000e+00 2.8000e+00 4.5782e+01
5.7370e+00 1.0000e-02 8.3000e+00 1.4700e+01 1.1000e+00 4.6190e+01 7.0250e+00 5.7000e-02 7.2000e+00 9.3000e+00 1.6000e+00 3.8335e+01 3.0350e+00 5.9000e-02 7.9000e+00 8.4000e+00 1.6000e+00 5.8790e+01 2.8760e+00 7.0000e-02 7.3000e+00 5.1000e+00 2.8000e+00 4.5782e+01 5.6040e+00 3.1000e-02 7.9000e+00 1.1700e+01 4.0000e-01 3.3901e+01
6.7760e+00 6.0000e-03 8.1000e+00 1.4200e+01 3.8000e+00 4.2605e+01 7.0530e+00 3.8000e-02 7.8000e+00 1.2100e+01 1.3000e+00 4.6960e+01 2.8760e+00 7.0000e-02 7.3000e+00 5.1000e+00 2.8000e+00 4.5782e+01 5.6040e+00 3.1000e-02 7.9000e+00 1.1700e+01 4.0000e-01 3.3901e+01 6.8830e+00 1.0000e-02 7.8000e+00 1.2100e+01 5.0000e-01 3.3901e+01
8.3320e+00 2.0000e-02 7.9000e+00 1.6200e+01 1.9000e+00 4.5571e+01 8.1670e+00 1.3000e-02 7.3000e+00 1.1400e+01 2.4000e+00 4.5988e+01 5.6040e+00 3.1000e-02 7.9000e+00 1.1700e+01 4.0000e-01 3.3901e+01 6.8830e+00 1.0000e-02 7.8000e+00 1.2100e+01 5.0000e-01 3.3901e+01 7.4300e+00 1.6000e-02 8.0000e+00 1.2700e+01 2.5000e+00 4.3696e+01
7.0690e+00 1.1000e-02 8.3000e+00 1.5000e+01 1.3000e+00 4.3166e+01 4.4400e+00 5.1000e-02 7.8000e+00 1.0400e+01 1.9000e+00 4.9548e+01 6.8830e+00 1.0000e-02 7.8000e+00 1.2100e+01 5.0000e-01 3.3901e+01 7.4300e+00 1.6000e-02 8.0000e+00 1.2700e+01 2.5000e+00 4.3696e+01 7.1300e+00 1.9000e-02 8.0000e+00 1.4100e+01 1.3000e+00 3.1535e+01
7.8040e+00 8.0000e-03 8.1000e+00 1.5000e+01 2.0000e+00 4.9260e+01 9.3550e+00 1.3000e-02 8.0000e+00 1.3600e+01 5.0000e-01 4.7845e+01 7.4300e+00 1.6000e-02 8.0000e+00 1.2700e+01 2.5000e+00 4.3696e+01 7.1300e+00 1.9000e-02 8.0000e+00 1.4100e+01 1.3000e+00 3.1535e+01 7.0230e+00 1.3000e-02 8.1000e+00 1.1200e+01 7.0000e-01 4.6773e+01
7.9210e+00 9.0000e-03 7.6000e+00 1.2400e+01 3.7000e+00 5.5837e+01 8.5490e+00 1.3000e-02 8.1000e+00 1.3300e+01 4.9000e+00 5.4895e+01 7.1300e+00 1.9000e-02 8.0000e+00 1.4100e+01 1.3000e+00 3.1535e+01 7.0230e+00 1.3000e-02 8.1000e+00 1.1200e+01 7.0000e-01 4.6773e+01 4.8140e+00 9.0000e-03 8.0000e+00 1.3300e+01 1.8000e+00 4.8177e+01
7.7370e+00 1.5000e-02 8.4000e+00 1.4100e+01 2.3000e+00 5.5139e+01 7.9250e+00 2.3000e-02 8.3000e+00 1.4600e+01 3.3000e+00 6.0606e+01 7.0230e+00 1.3000e-02 8.1000e+00 1.1200e+01 7.0000e-01 4.6773e+01 4.8140e+00 9.0000e-03 8.0000e+00 1.3300e+01 1.8000e+00 4.8177e+01 7.8590e+00 1.6000e-02 8.7000e+00 1.3900e+01 1.7000e+00 5.3943e+01
9.4970e+00 1.1000e-02 7.7000e+00 1.0500e+01 2.3000e+00 3.9974e+01 7.0690e+00 1.1000e-02 8.3000e+00 1.5000e+01 1.3000e+00 4.3166e+01 7.0530e+00 3.8000e-02 7.8000e+00 1.2100e+01 1.3000e+00 4.6960e+01 8.1670e+00 1.3000e-02 7.3000e+00 1.1400e+01 2.4000e+00 4.5988e+01 4.4400e+00 5.1000e-02 7.8000e+00 1.0400e+01 1.9000e+00 4.9548e+01
