4.4400e+00 5.1000e-02 7.8000e+00 1.0400e+01 1.9000e+00 4.9548e+01 2.2960e+00 1.5000e-02 9.0000e+00 1.4400e+01 1.0000e+00 6.1316e+01 2.0870e+00 3.7000e-02 7.7000e+00 1.0800e+01 8.0000e-01 5.4474e+01 1.5930e+00 2.3000e-02 7.4000e+00 1.4600e+01 5.0000e-01 4.3696e+01 1.9140e+00 2.0000e-02 7.8000e+00 1.5400e+01 1.1000e+00 5.1594e+01
4.4400e+00 5.1000e-02 7.8000e+00 1.0400e+01 1.9000e+00 4.9548e+01 2.6000e+00 1.5000e-02 8.7000e+00 1.6300e+01 2.3000e+00 6.9930e+01 1.5930e+00 2.3000e-02 7.4000e+00 1.4600e+01 5.0000e-01 4.3696e+01 1.9140e+00 2.0000e-02 7.8000e+00 1.5400e+01 1.1000e+00 5.1594e+01 3.0350e+00 2.6000e-02 7.7000e+00 1.5800e+01 1.3000e+00 5.2045e+01
2.3230e+00 8.0000e-03 7.6000e+00 1.4900e+01 2.3000e+00 6.5727e+01 2.0900e+00 1.2000e-02 8.8000e+00 1.2100e+01 2.4000e+00 5.6277e+01 1.9140e+00 2.0000e-02 7.8000e+00 1.5400e+01 1.1000e+00 5.1594e+01 3.0350e+00 2.6000e-02 7.7000e+00 1.5800e+01 1.3000e+00 5.2045e+01 2.5770e+00 5.0000e-03 8.0000e+00 1.2000e+01 2.2000e+00 6.1144e+01
2.1360e+00 8.0000e-03 8.8000e+00 1.2900e+01 1.6000e+00 5.2890e+01 1.5570e+00 1.3000e-02 8.6000e+00 1.3900e+01 1.8000e+00 6.3112e+01 3.0350e+00 2.6000e-02 7.7000e+00 1.5800e+01 1.3000e+00 5.2045e+01 2.5770e+00 5.0000e-03 8.0000e+00 1.2000e+01 2.2000e+00 6.1144e+01 2.2750e+00 1.5000e-02 8.3000e+00 1.4300e+01 1.9000e+00 6.0698e+01
3.3660e+00 5.7000e-02 6.8000e+00 1.7700e+01 1.0000e+00 5.3090e+01 1.5980e+00 1.2000e-02 8.3000e+00 1.1400e+01 9.0000e-01 5.3383e+01 2.5770e+00 5.0000e-03 8.0000e+00 1.2000e+01 2.2000e+00 6.1144e+01 2.2750e+00 1.5000e-02 8.3000e+00 1.4300e+01 1.9000e+00 6.0698e+01 1.8660e+00 1.1000e-02 8.0000e+00 1.0400e+01 1.8000e+00 6.0278e+01
3.2420e+00 6.9000e-02 8.1000e+00 1.1100e+01 1.0000e+00 5.4123e+01 1.2990e+00 1.1000e-02 9.1000e+00 1.0600e+01 1.7000e+00 6.4319e+01 2.2750e+00 1.5000e-02 8.3000e+00 1.4300e+01 1.9000e+00 6.0698e+01 1.8660e+00 1.1000e-02 8.0000e+00 1.0400e+01 1.8000e+00 6.0278e+01 1.8870e+00 1.0000e-03 7.5000e+00 1.0100e+01 9.0000e-01 5.6205e+01
2.6150e+00 7.9000e-02 9.2000e+00 9.5000e+00 7.0000e-01 5.6559e+01 2.4800e+00 4.9000e-02 7.5000e+00 1.0000e+01 1.0000e+00 4.5135e+01 1.8870e+00 1.0000e-03 7.5000e+00 1.0100e+01 9.0000e-01 5.6205e+01 4.4400e+00 5.1000e-02 7.8000e+00 1.0400e+01 1.9000e+00 4.9548e+01 1.6760e+00 1.0000e-02 8.0000e+00 9.0000e+00 1.1000e+00 5.5686e+01
2.2660e+00 5.3000e-02 7.2000e+00 9.1000e+00 1.2000e+00 6.1316e+01 1.9060e+00 5.4000e-02 7.7000e+00 1.1400e+01 8.0000e-01 4.7845e+01 4.4400e+00 5.1000e-02 7.8000e+00 1.0400e+01 1.9000e+00 4.9548e+01 1.6760e+00 1.0000e-02 8.0000e+00 9.0000e+00 1.1000e+00 5.5686e+01 2.0730e+00 4.0000e-02 7.6000e+00 9.2000e+00 6.0000e-01 5.1121e+01
1.9080e+00 4.9000e-02 8.8000e+00 1.5700e+01 1.0000e+00 6.5863e+01 1.9300e+00 2.1000e-02 7.8000e+00 1.0500e+01 9.0000e-01 5.4559e+01 1.6760e+00 1.0000e-02 8.0000e+00 9.0000e+00 1.1000e+00 5.5686e+01 2.0730e+00 4.0000e-02 7.6000e+00 9.2000e+00 6.0000e-01 5.1121e+01 2.0370e+00 6.0000e-03 8.6000e+00 1.1100e+01 1.8000e+00 5.7166e+01
1.9560e+00 3.4000e-02 8.3000e+00 1.1800e+01 1.2000e+00 6.3219e+01 2.0870e+00 3.7000e-02 7.7000e+00 1.0800e+01 8.0000e-01 5.4474e+01 2.0730e+00 4.0000e-02 7.6000e+00 9.2000e+00 6.0000e-01 5.1121e+01 2.0370e+00 6.0000e-03 8.6000e+00 1.1100e+01 1.8000e+00 5.7166e+01 2.1810e+00 4.0000e-03 7.9000e+00 1.0800e+01 1.2000e+00 4.8499e+01
2.4480e+00 3.5000e-02 8.1000e+00 1.1400e+01 5.0000e-01 4.8656e+01 1.5930e+00 2.3000e-02 7.4000e+00 1.4600e+01 5.0000e-01 4.3696e+01 2.0370e+00 6.0000e-03 8.6000e+00 1.1100e+01 1.8000e+00 5.7166e+01 2.1810e+00 4.0000e-03 7.9000e+00 1.0800e+01 1.2000e+00 4.8499e+01 2.6150e+00 1.1000e-02 7.9000e+00 1.4500e+01 8.0000e-01 4.5135e+01
2.2960e+00 1.5000e-02 9.0000e+00 1.4400e+01 1.0000e+00 6.1316e+01 1.9140e+00 2.0000e-02 7.8000e+00 1.5400e+01 1.1000e+00 5.1594e+01 2.1810e+00 4.0000e-03 7.9000e+00 1.0800e+01 1.2000e+00 4.8499e+01 2.6150e+00 1.1000e-02 7.9000e+00 1.4500e+01 8.0000e-01 4.5135e+01 2.8890e+00 2.0000e-03 8.2000e+00 1.6600e+01 1.3000e+00 5.9223e+01
2.6000e+00 1.5000e-02 8.7000e+00 1.6300e+01 2.3000e+00 6.9930e+01 3.0350e+00 2.6000e-02 7.7000e+00 1.5800e+01 1.3000e+00 5.2045e+01 2.6150e+00 1.1000e-02 7.9000e+00 1.4500e+01 8.0000e-01 4.5135e+01 2.8890e+00 2.0000e-03 8.2000e+00 1.6600e+01 1.3000e+00 5.9223e+01 2.7350e+00 1.6000e-02 8.1000e+00 1.4300e+01 5.0000e-01 4.9112e+01
2.0900e+00 1.2000e-02 8.8000e+00 1.2100e+01 2.4000e+00 5.6277e+01 2.5770e+00 5.0000e-03 8.0000e+00 1.2000e+01 2.2000e+00 6.1144e+01 2.8890e+00 2.0000e-03 8.2000e+00 1.6600e+01 1.3000e+00 5.9223e+01 2.7350e+00 1.6000e-02 8.1000e+00 1.4300e+01 5.0000e-01 4.9112e+01 2.2310e+00 1.7000e-02 7.8000e+00 1.4800e+01 1.1000e+00 5.3478e+01
1.5570e+00 1.3000e-02 8.6000e+00 1.3900e+01 1.8000e+00 6.3112e+01 2.2750e+00 1.5000e-02 8.3000e+00 1.4300e+01 1.9000e+00 6.0698e+01 2.7350e+00 1.6000e-02 8.1000e+00 1.4300e+01 5.0000e-01 4.9112e+01 2.2310e+00 1.7000e-02 7.8000e+00 1.4800e+01 1.1000e+00 5.3478e+01 2.0710e+00 4.0000e-03 8.1000e+00 1.1300e+01 1.0000e+00 5.2581e+01
1.5980e+00 1.2000e-02 8.3000e+00 1.1400e+01 9.0000e-01 5.3383e+01 1.8660e+00 1.1000e-02 8.0000e+00 1.0400e+01 1.8000e+00 6.0278e+01 2.2310e+00 1.7000e-02 7.8000e+00 1.4800e+01 1.1000e+00 5.3478e+01 2.0710e+00 4.0000e-03 8.1000e+00 1.1300e+01 1.0000e+00 5.2581e+01 1.5200e+00 1.1000e-02 7.9000e+00 8.7000e+00 7.0000e-01 4.4442e+01
1.2990e+00 1.1000e-02 9.1000e+00 1.0600e+01 1.7000e+00 6.4319e+01 1.8870e+00 1.0000e-03 7.5000e+00 1.0100e+01 9.0000e-01 5.6205e+01 2.0710e+00 4.0000e-03 8.1000e+00 1.1300e+01 1.0000e+00 5.2581e+01 1.5200e+00 1.1000e-02 7.9000e+00 8.7000e+00 7.0000e-01 4.4442e+01 1.7090e+00 1.0000e-02 8.4000e+00 1.0200e+01 1.2000e+00 5.2890e+01
1.6010e+00 6.4000e-02 7.5000e+00 9.4000e+00 6.0000e-01 4.8177e+01 4.4400e+00 5.1000e-02 7.8000e+00 1.0400e+01 1.9000e+00 4.9548e+01 1.5200e+00 1.1000e-02 7.9000e+00 8.7000e+00 7.0000e-01 4.4442e+01 1.7090e+00 1.0000e-02 8.4000e+00 1.0200e+01 1.2000e+00 5.2890e+01 1.2930e+00 1.2000e-02 8.8000e+00 9.5000e+00 8.0000e-01 4.7324e+01
2.4800e+00 4.9000e-02 7.5000e+00 1.0000e+01 1.0000e+00 4.5135e+01 1.6760e+00 1.0000e-02 8.0000e+00 9.0000e+00 1.1000e+00 5.5686e+01 1.7090e+00 1.0000e-02 8.4000e+00 1.0200e+01 1.2000e+00 5.2890e+01 1.2930e+00 1.2000e-02 8.8000e+00 9.5000e+00 8.0000e-01 4.7324e+01 1.6670e+00 4.0000e-02 7.6000e+00 8.6000e+00 1.2000e+00 5.8278e+01
1.9060e+00 5.4000e-02 7.7000e+00 1.1400e+01 8.0000e-01 4.7845e+01 2.0730e+00 4.0000e-02 7.6000e+00 9.2000e+00 6.0000e-01 5.1121e+01 1.2930e+00 1.2000e-02 8.8000e+00 9.5000e+00 8.0000e-01 4.7324e+01 1.6670e+00 4.0000e-02 7.6000e+00 8.6000e+00 1.2000e+00 5.8278e+01 1.8600e+00 6.0000e-03 7.9000e+00 9.8000e+00 1.5000e+00 5.6419e+01
1.9300e+00 2.1000e-02 7.8000e+00 1.0500e+01 9.0000e-01 5.4559e+01 2.0370e+00 6.0000e-03 8.6000e+00 1.1100e+01 1.8000e+00 5.7166e+01 1.6670e+00 4.0000e-02 7.6000e+00 8.6000e+00 1.2000e+00 5.8278e+01 1.8600e+00 6.0000e-03 7.9000e+00 9.8000e+00 1.5000e+00 5.6419e+01 1.9700e+00 5.0000e-03 8.1000e+00 9.9000e+00 1.3000e+00 6.6102e+01
2.0870e+00 3.7000e-02 7.7000e+00 1.0800e+01 8.0000e-01 5.4474e+01 2.1810e+00 4.0000e-03 7.9000e+00 1.0800e+01 1.2000e+00 4.8499e+01 1.8600e+00 6.0000e-03 7.9000e+00 9.8000e+00 1.5000e+00 5.6419e+01 1.9700e+00 5.0000e-03 8.1000e+00 9.9000e+00 1.3000e+00 6.6102e+01 2.4430e+00 1.6000e-02 7.7000e+00 1.1500e+01 6.0000e-01 5.5837e+01
1.5930e+00 2.3000e-02 7.4000e+00 1.4600e+01 5.0000e-01 4.3696e+01 2.6150e+00 1.1000e-02 7.9000e+00 1.4500e+01 8.0000e-01 4.5135e+01 1.9700e+00 5.0000e-03 8.1000e+00 9.9000e+00 1.3000e+00 6.6102e+01 2.4430e+00 1.6000e-02 7.7000e+00 1.1500e+01 6.0000e-01 5.5837e+01 2.4750e+00 6.0000e-03 8.4000e+00 1.7000e+01 9.0000e-01 3.8335e+01
1.9140e+00 2.0000e-02 7.8000e+00 1.5400e+01 1.1000e+00 5.1594e+01 2.8890e+00 2.0000e-03 8.2000e+00 1.6600e+01 1.3000e+00 5.9223e+01 2.4430e+00 1.6000e-02 7.7000e+00 1.1500e+01 6.0000e-01 5.5837e+01 2.4750e+00 6.0000e-03 8.4000e+00 1.7000e+01 9.0000e-01 3.8335e+01 2.7240e+00 6.0000e-03 7.7000e+00 1.3900e+01 1.0000e+00 5.2685e+01
3.0350e+00 2.6000e-02 7.7000e+00 1.5800e+01 1.3000e+00 5.2045e+01 2.7350e+00 1.6000e-02 8.1000e+00 1.4300e+01 5.0000e-01 4.9112e+01 2.4750e+00 6.0000e-03 8.4000e+00 1.7000e+01 9.0000e-01 3.8335e+01 2.7240e+00 6.0000e-03 7.7000e+00 1.3900e+01 1.0000e+00 5.2685e+01 2.7870e+00 6.0000e-03 7.9000e+00 1.3500e+01 1.7000e+00 5.6901e+01
2.5770e+00 5.0000e-03 8.0000e+00 1.2000e+01 2.2000e+00 6.1144e+01 2.2310e+00 1.7000e-02 7.8000e+00 1.4800e+01 1.1000e+00 5.3478e+01 2.7240e+00 6.0000e-03 7.7000e+00 1.3900e+01 1.0000e+00 5.2685e+01 2.7870e+00 6.0000e-03 7.9000e+00 1.3500e+01 1.7000e+00 5.6901e+01 2.7270e+00 1.3000e-02 8.7000e+00 1.4300e+01 7.0000e-01 5.8160e+01
2.2750e+00 1.5000e-02 8.3000e+00 1.4300e+01 1.9000e+00 6.0698e+01 2.0710e+00 4.0000e-03 8.1000e+00 1.1300e+01 1.0000e+00 5.2581e+01 2.7870e+00 6.0000e-03 7.9000e+00 1.3500e+01 1.7000e+00 5.6901e+01 2.7270e+00 1.3000e-02 8.7000e+00 1.4300e+01 7.0000e-01 5.8160e+01 2.3150e+00 1.6000e-02 7.5000e+00 1.0800e+01 1.4000e+00 5.4300e+01
1.8660e+00 1.1000e-02 8.0000e+00 1.0400e+01 1.8000e+00 6.0278e+01 1.5200e+00 1.1000e-02 7.9000e+00 8.7000e+00 7.0000e-01 4.4442e+01 2.7270e+00 1.3000e-02 8.7000e+00 1.4300e+01 7.0000e-01 5.8160e+01 2.3150e+00 1.6000e-02 7.5000e+00 1.0800e+01 1.4000e+00 5.4300e+01 2.0880e+00 1.9000e-02 7.8000e+00 1.1200e+01 1.3000e+00 5.6348e+01
1.8870e+00 1.0000e-03 7.5000e+00 1.0100e+01 9.0000e-01 5.6205e+01 1.7090e+00 1.0000e-02 8.4000e+00 1.0200e+01 1.2000e+00 5.2890e+01 2.3150e+00 1.6000e-02 7.5000e+00 1.0800e+01 1.4000e+00 5.4300e+01 2.0880e+00 1.9000e-02 7.8000e+00 1.1200e+01 1.3000e+00 5.6348e+01 1.6800e+00 2.0000e-02 8.0000e+00 1.0300e+01 8.0000e-01 5.0876e+01
4.4400e+00 5.1000e-02 7.8000e+00 1.0400e+01 1.9000e+00 4.9548e+01 1.2930e+00 1.2000e-02 8.8000e+00 9.5000e+00 8.0000e-01 4.7324e+01 2.0880e+00 1.9000e-02 7.8000e+00 1.1200e+01 1.3000e+00 5.6348e+01 1.6800e+00 2.0000e-02 8.0000e+00 1.0300e+01 8.0000e-01 5.0876e+01 1.3370e+00 1.4000e-02 7.9000e+00 9.9000e+00 1.7000e+00 5.6348e+01
1.6760e+00 1.0000e-02 8.0000e+00 9.0000e+00 1.1000e+00 5.5686e+01 1.6670e+00 4.0000e-02 7.6000e+00 8.6000e+00 1.2000e+00 5.8278e+01 1.6800e+00 2.0000e-02 8.0000e+00 1.0300e+01 8.0000e-01 5.0876e+01 1.3370e+00 1.4000e-02 7.9000e+00 9.9000e+00 1.7000e+00 5.6348e+01 2.0600e+00 1.4000e-02 8.7000e+00 1.0300e+01 2.2000e+00 6.7633e+01
2.0730e+00 4.0000e-02 7.6000e+00 9.2000e+00 6.0000e-01 5.1121e+01 1.8600e+00 6.0000e-03 7.9000e+00 9.8000e+00 1.5000e+00 5.6419e+01 1.3370e+00 1.4000e-02 7.9000e+00 9.9000e+00 1.7000e+00 5.6348e+01 2.0600e+00 1.4000e-02 8.7000e+00 1.0300e+01 2.2000e+00 6.7633e+01 1.7900e+00 1.6000e-02 8.4000e+00 9.1000e+00 1.9000e+00 6.2600e+01
2.0370e+00 6.0000e-03 8.6000e+00 1.1100e+01 1.8000e+00 5.7166e+01 1.9700e+00 5.0000e-03 8.1000e+00 9.9000e+00 1.3000e+00 6.6102e+01 2.0600e+00 1.4000e-02 8.7000e+00 1.0300e+01 2.2000e+00 6.7633e+01 1.7900e+00 1.6000e-02 8.4000e+00 9.1000e+00 1.9000e+00 6.2600e+01 1.6620e+00 9.0000e-03 7.9000e+00 1.0000e+01 1.5000e+00 5.7488e+01
2.1810e+00 4.0000e-03 7.9000e+00 1.0800e+01 1.2000e+00 4.8499e+01 2.4430e+00 1.6000e-02 7.7000e+00 1.1500e+01 6.0000e-01 5.5837e+01 1.7900e+00 1.6000e-02 8.4000e+00 9.1000e+00 1.9000e+00 6.2600e+01 1.6620e+00 9.0000e-03 7.9000e+00 1.0000e+01 1.5000e+00 5.7488e+01 1.7040e+00 2.2000e-02 7.9000e+00 1.1100e+01 6.0000e-01 4.9548e+01
2.6150e+00 1.1000e-02 7.9000e+00 1.4500e+01 8.0000e-01 4.5135e+01 2.4750e+00 6.0000e-03 8.4000e+00 1.7000e+01 9.0000e-01 3.8335e+01 1.6620e+00 9.0000e-03 7.9000e+00 1.0000e+01 1.5000e+00 5.7488e+01 1.7040e+00 2.2000e-02 7.9000e+00 1.1100e+01 6.0000e-01 4.9548e+01 2.4420e+00 1.4000e-02 8.3000e+00 1.3100e+01 9.0000e-01 5.7860e+01
2.8890e+00 2.0000e-03 8.2000e+00 1.6600e+01 1.3000e+00 5.9223e+01 2.7240e+00 6.0000e-03 7.7000e+00 1.3900e+01 1.0000e+00 5.2685e+01 1.7040e+00 2.2000e-02 7.9000e+00 1.1100e+01 6.0000e-01 4.9548e+01 2.4420e+00 1.4000e-02 8.3000e+00 1.3100e+01 9.0000e-01 5.7860e+01 5.7390e+00 2.2000e-02 8.3000e+00 1.4300e+01 6.2000e+00 7.8515e+01
2.7350e+00 1.6000e-02 8.1000e+00 1.4300e+01 5.0000e-01 4.9112e+01 2.7870e+00 6.0000e-03 7.9000e+00 1.3500e+01 1.7000e+00 5.6901e+01 2.4420e+00 1.4000e-02 8.3000e+00 1.3100e+01 9.0000e-01 5.7860e+01 5.7390e+00 2.2000e-02 8.3000e+00 1.4300e+01 6.2000e+00 7.8515e+01 4.0570e+00 1.9000e-02 7.7000e+00 1.5900e+01 1.7000e+00 5.7296e+01
2.2310e+00 1.7000e-02 7.8000e+00 1.4800e+01 1.1000e+00 5.3478e+01 2.7270e+00 1.3000e-02 8.7000e+00 1.4300e+01 7.0000e-01 5.8160e+01 5.7390e+00 2.2000e-02 8.3000e+00 1.4300e+01 6.2000e+00 7.8515e+01 4.0570e+00 1.9000e-02 7.7000e+00 1.5900e+01 1.7000e+00 5.7296e+01 2.8030e+00 8.0000e-03 7.6000e+00 1.5600e+01 1.6000e+00 5.6489e+01
2.0710e+00 4.0000e-03 8.1000e+00 1.1300e+01 1.0000e+00 5.2581e+01 2.3150e+00 1.6000e-02 7.5000e+00 1.0800e+01 1.4000e+00 5.4300e+01 4.0570e+00 1.9000e-02 7.7000e+00 1.5900e+01 1.7000e+00 5.7296e+01 2.8030e+00 8.0000e-03 7.6000e+00 1.5600e+01 1.6000e+00 5.6489e+01 2.4810e+00 7.0000e-03 7.8000e+00 1.0300e+01 1.4000e+00 4.7674e+01
1.5200e+00 1.1000e-02 7.9000e+00 8.7000e+00 7.0000e-01 4.4442e+01 2.0880e+00 1.9000e-02 7.8000e+00 1.1200e+01 1.3000e+00 5.6348e+01 2.8030e+00 8.0000e-03 7.6000e+00 1.5600e+01 1.6000e+00 5.6489e+01 2.4810e+00 7.0000e-03 7.8000e+00 1.0300e+01 1.4000e+00 4.7674e+01 2.0020e+00 1.1000e-02 8.4000e+00 1.1400e+01 1.1000e+00 5.4729e+01
1.7090e+00 1.0000e-02 8.4000e+00 1.0200e+01 1.2000e+00 5.2890e+01 1.6800e+00 2.0000e-02 8.0000e+00 1.0300e+01 8.0000e-01 5.0876e+01 2.4810e+00 7.0000e-03 7.8000e+00 1.0300e+01 1.4000e+00 4.7674e+01 2.0020e+00 1.1000e-02 8.4000e+00 1.1400e+01 1.1000e+00 5.4729e+01 1.9870e+00 1.0000e-02 8.2000e+00 9.6000e+00 1.0000e+00 4.3166e+01
1.2930e+00 1.2000e-02 8.8000e+00 9.5000e+00 8.0000e-01 4.7324e+01 1.3370e+00 1.4000e-02 7.9000e+00 9.9000e+00 1.7000e+00 5.6348e+01 2.0020e+00 1.1000e-02 8.4000e+00 1.1400e+01 1.1000e+00 5.4729e+01 1.9870e+00 1.0000e-02 8.2000e+00 9.6000e+00 1.0000e+00 4.3166e+01 2.6410e+00 1.9000e-02 7.7000e+00 9.8000e+00 1.0000e+00 6.0788e+01
1.6670e+00 4.0000e-02 7.6000e+00 8.6000e+00 1.2000e+00 5.8278e+01 2.0600e+00 1.4000e-02 8.7000e+00 1.0300e+01 2.2000e+00 6.7633e+01 1.9870e+00 1.0000e-02 8.2000e+00 9.6000e+00 1.0000e+00 4.3166e+01 2.6410e+00 1.9000e-02 7.7000e+00 9.8000e+00 1.0000e+00 6.0788e+01 1.8870e+00 1.7000e-02 7.9000e+00 9.5000e+00 1.2000e+00 6.0278e+01
1.8600e+00 6.0000e-03 7.9000e+00 9.8000e+00 1.5000e+00 5.6419e+01 1.7900e+00 1.6000e-02 8.4000e+00 9.1000e+00 1.9000e+00 6.2600e+01 2.6410e+00 1.9000e-02 7.7000e+00 9.8000e+00 1.0000e+00 6.0788e+01 1.8870e+00 1.7000e-02 7.9000e+00 9.5000e+00 1.2000e+00 6.0278e+01 1.9030e+00 1.6000e-02 8.2000e+00 9.0000e+00 1.2000e+00 6.1899e+01
1.9700e+00 5.0000e-03 8.1000e+00 9.9000e+00 1.3000e+00 6.6102e+01 1.6620e+00 9.0000e-03 7.9000e+00 1.0000e+01 1.5000e+00 5.7488e+01 1.8870e+00 1.7000e-02 7.9000e+00 9.5000e+00 1.2000e+00 6.0278e+01 1.9030e+00 1.6000e-02 8.2000e+00 9.0000e+00 1.2000e+00 6.1899e+01 1.6080e+00 1.5000e-02 8.3000e+00 9.9000e+00 9.0000e-01 5.8509e+01
2.4430e+00 1.6000e-02 7.7000e+00 1.1500e+01 6.0000e-01 5.5837e+01 1.7040e+00 2.2000e-02 7.9000e+00 1.1100e+01 6.0000e-01 4.9548e+01 1.9030e+00 1.6000e-02 8.2000e+00 9.0000e+00 1.2000e+00 6.1899e+01 1.6080e+00 1.5000e-02 8.3000e+00 9.9000e+00 9.0000e-01 5.8509e+01 2.0970e+00 1.1000e-02 7.8000e+00 1.1700e+01 9.0000e-01 5.5139e+01
2.4750e+00 6.0000e-03 8.4000e+00 1.7000e+01 9.0000e-01 3.8335e+01 2.4420e+00 1.4000e-02 8.3000e+00 1.3100e+01 9.0000e-01 5.7860e+01 1.6080e+00 1.5000e-02 8.3000e+00 9.9000e+00 9.0000e-01 5.8509e+01 2.0970e+00 1.1000e-02 7.8000e+00 1.1700e+01 9.0000e-01 5.5139e+01 2.4470e+00 1.6000e-02 7.5000e+00 1.3400e+01 1.1000e+00 5.3852e+01
2.7240e+00 6.0000e-03 7.7000e+00 1.3900e+01 1.0000e+00 5.2685e+01 5.7390e+00 2.2000e-02 8.3000e+00 1.4300e+01 6.2000e+00 7.8515e+01 2.0970e+00 1.1000e-02 7.8000e+00 1.1700e+01 9.0000e-01 5.5139e+01 2.4470e+00 1.6000e-02 7.5000e+00 1.3400e+01 1.1000e+00 5.3852e+01 2.7890e+00 1.4000e-02 8.5000e+00 1.4300e+01 1.5000e+00 5.6277e+01
2.7870e+00 6.0000e-03 7.9000e+00 1.3500e+01 1.7000e+00 5.6901e+01 4.0570e+00 1.9000e-02 7.7000e+00 1.5900e+01 1.7000e+00 5.7296e+01 2.4470e+00 1.6000e-02 7.5000e+00 1.3400e+01 1.1000e+00 5.3852e+01 2.7890e+00 1.4000e-02 8.5000e+00 1.4300e+01 1.5000e+00 5.6277e+01 2.9260e+00 1.2000e-02 8.5000e+00 1.5900e+01 1.9000e+00 5.5762e+01
2.7270e+00 1.3000e-02 8.7000e+00 1.4300e+01 7.0000e-01 5.8160e+01 2.8030e+00 8.0000e-03 7.6000e+00 1.5600e+01 1.6000e+00 5.6489e+01 2.7890e+00 1.4000e-02 8.5000e+00 1.4300e+01 1.5000e+00 5.6277e+01 2.9260e+00 1.2000e-02 8.5000e+00 1.5900e+01 1.9000e+00 5.5762e+01 2.5300e+00 8.0000e-03 7.4000e+00 1.3700e+01 1.4000e+00 5.9588e+01
2.3150e+00 1.6000e-02 7.5000e+00 1.0800e+01 1.4000e+00 5.4300e+01 2.4810e+00 7.0000e-03 7.8000e+00 1.0300e+01 1.4000e+00 4.7674e+01 2.9260e+00 1.2000e-02 8.5000e+00 1.5900e+01 1.9000e+00 5.5762e+01 2.5300e+00 8.0000e-03 7.4000e+00 1.3700e+01 1.4000e+00 5.9588e+01 2.0180e+00 8.0000e-03 8.2000e+00 1.2200e+01 1.2000e+00 5.5139e+01
2.0880e+00 1.9000e-02 7.8000e+00 1.1200e+01 1.3000e+00 5.6348e+01 2.0020e+00 1.1000e-02 8.4000e+00 1.1400e+01 1.1000e+00 5.4729e+01 2.5300e+00 8.0000e-03 7.4000e+00 1.3700e+01 1.4000e+00 5.9588e+01 2.0180e+00 8.0000e-03 8.2000e+00 1.2200e+01 1.2000e+00 5.5139e+01 1.8190e+00 9.0000e-03 8.1000e+00 1.2600e+01 5.0000e-01 5.0235e+01
1.6800e+00 2.0000e-02 8.0000e+00 1.0300e+01 8.0000e-01 5.0876e+01 1.9870e+00 1.0000e-02 8.2000e+00 9.6000e+00 1.0000e+00 4.3166e+01 2.0180e+00 8.0000e-03 8.2000e+00 1.2200e+01 1.2000e+00 5.5139e+01 1.8190e+00 9.0000e-03 8.1000e+00 1.2600e+01 5.0000e-01 5.0235e+01 1.4870e+00 9.0000e-03 8.8000e+00 1.1400e+01 1.2000e+00 5.7551e+01
1.3370e+00 1.4000e-02 7.9000e+00 9.9000e+00 1.7000e+00 5.6348e+01 2.6410e+00 1.9000e-02 7.7000e+00 9.8000e+00 1.0000e+00 6.0788e+01 1.8190e+00 9.0000e-03 8.1000e+00 1.2600e+01 5.0000e-01 5.0235e+01 1.4870e+00 9.0000e-03 8.8000e+00 1.1400e+01 1.2000e+00 5.7551e+01 2.4610e+00 8.2000e-02 7.6000e+00 9.4000e+00 1.3000e+00 5.6766e+01
2.0600e+00 1.4000e-02 8.7000e+00 1.0300e+01 2.2000e+00 6.7633e+01 1.8870e+00 1.7000e-02 7.9000e+00 9.5000e+00 1.2000e+00 6.0278e+01 1.4870e+00 9.0000e-03 8.8000e+00 1.1400e+01 1.2000e+00 5.7551e+01 2.4610e+00 8.2000e-02 7.6000e+00 9.4000e+00 1.3000e+00 5.6766e+01 2.3040e+00 2.1000e-02 8.0000e+00 9.5000e+00 1.1000e+00 6.0420e+01
1.7900e+00 1.6000e-02 8.4000e+00 9.1000e+00 1.9000e+00 6.2600e+01 1.9030e+00 1.6000e-02 8.2000e+00 9.0000e+00 1.2000e+00 6.1899e+01 2.4610e+00 8.2000e-02 7.6000e+00 9.4000e+00 1.3000e+00 5.6766e+01 2.3040e+00 2.1000e-02 8.0000e+00 9.5000e+00 1.1000e+00 6.0420e+01 2.3700e+00 7.0000e-03 8.3000e+00 1.0300e+01 1.4000e+00 6.4841e+01
1.6620e+00 9.0000e-03 7.9000e+00 1.0000e+01 1.5000e+00 5.7488e+01 1.6080e+00 1.5000e-02 8.3000e+00 9.9000e+00 9.0000e-01 5.8509e+01 2.3040e+00 2.1000e-02 8.0000e+00 9.5000e+00 1.1000e+00 6.0420e+01 2.3700e+00 7.0000e-03 8.3000e+00 1.0300e+01 1.4000e+00 6.4841e+01 2.0280e+00 8.0000e-03 8.0000e+00 8.9000e+00 7.0000e-01 5.5837e+01
1.7040e+00 2.2000e-02 7.9000e+00 1.1100e+01 6.0000e-01 4.9548e+01 2.0970e+00 1.1000e-02 7.8000e+00 1.1700e+01 9.0000e-01 5.5139e+01 2.3700e+00 7.0000e-03 8.3000e+00 1.0300e+01 1.4000e+00 6.4841e+01 2.0280e+00 8.0000e-03 8.0000e+00 8.9000e+00 7.0000e-01 5.5837e+01 2.0230e+00 1.2000e-02 7.9000e+00 1.2100e+01 6.0000e-01 5.3943e+01
2.4420e+00 1.4000e-02 8.3000e+00 1.3100e+01 9.0000e-01 5.7860e+01 2.4470e+00 1.6000e-02 7.5000e+00 1.3400e+01 1.1000e+00 5.3852e+01 2.0280e+00 8.0000e-03 8.0000e+00 8.9000e+00 7.0000e-01 5.5837e+01 2.0230e+00 1.2000e-02 7.9000e+00 1.2100e+01 6.0000e-01 5.3943e+01 2.4070e+00 1.5000e-02 8.1000e+00 1.6300e+01 1.0000e+00 5.1360e+01
5.7390e+00 2.2000e-02 8.3000e+00 1.4300e+01 6.2000e+00 7.8515e+01 2.7890e+00 1.4000e-02 8.5000e+00 1.4300e+01 1.5000e+00 5.6277e+01 2.0230e+00 1.2000e-02 7.9000e+00 1.2100e+01 6.0000e-01 5.3943e+01 2.4070e+00 1.5000e-02 8.1000e+00 1.6300e+01 1.0000e+00 5.1360e+01 2.5580e+00 2.7000e-02 8.3000e+00 1.4800e+01 9.0000e-01 5.2155e+01
4.0570e+00 1.9000e-02 7.7000e+00 1.5900e+01 1.7000e+00 5.7296e+01 2.9260e+00 1.2000e-02 8.5000e+00 1.5900e+01 1.9000e+00 5.5762e+01 2.4070e+00 1.5000e-02 8.1000e+00 1.6300e+01 1.0000e+00 5.1360e+01 2.5580e+00 2.7000e-02 8.3000e+00 1.4800e+01 9.0000e-01 5.2155e+01 2.7110e+00 9.0000e-03 8.2000e+00 1.5800e+01 8.0000e-01 5.0235e+01
2.8030e+00 8.0000e-03 7.6000e+00 1.5600e+01 1.6000e+00 5.6489e+01 2.5300e+00 8.0000e-03 7.4000e+00 1.3700e+01 1.4000e+00 5.9588e+01 2.5580e+00 2.7000e-02 8.3000e+00 1.4800e+01 9.0000e-01 5.2155e+01 2.7110e+00 9.0000e-03 8.2000e+00 1.5800e+01 8.0000e-01 5.0235e+01 2.4200e+00 9.0000e-03 8.2000e+00 1.2600e+01 1.2000e+00 5.9009e+01
2.4810e+00 7.0000e-03 7.8000e+00 1.0300e+01 1.4000e+00 4.7674e+01 2.0180e+00 8.0000e-03 8.2000e+00 1.2200e+01 1.2000e+00 5.5139e+01 2.7110e+00 9.0000e-03 8.2000e+00 1.5800e+01 8.0000e-01 5.0235e+01 2.4200e+00 9.0000e-03 8.2000e+00 1.2600e+01 1.2000e+00 5.9009e+01 2.5340e+00 9.0000e-03 7.8000e+00 1.3300e+01 1.3000e+00 5.7100e+01
2.0020e+00 1.1000e-02 8.4000e+00 1.1400e+01 1.1000e+00 5.4729e+01 1.8190e+00 9.0000e-03 8.1000e+00 1.2600e+01 5.0000e-01 5.0235e+01 2.4200e+00 9.0000e-03 8.2000e+00 1.2600e+01 1.2000e+00 5.9009e+01 2.5340e+00 9.0000e-03 7.8000e+00 1.3300e+01 1.3000e+00 5.7100e+01 2.3400e+00 1.5000e-02 8.1000e+00 1.1900e+01 9.0000e-01 5.8734e+01
1.9870e+00 1.0000e-02 8.2000e+00 9.6000e+00 1.0000e+00 4.3166e+01 1.4870e+00 9.0000e-03 8.8000e+00 1.1400e+01 1.2000e+00 5.7551e+01 2.5340e+00 9.0000e-03 7.8000e+00 1.3300e+01 1.3000e+00 5.7100e+01 2.3400e+00 1.5000e-02 8.1000e+00 1.1900e+01 9.0000e-01 5.8734e+01 1.8390e+00 9.0000e-03 8.3000e+00 9.4000e+00 1.0000e+00 5.7738e+01
2.6410e+00 1.9000e-02 7.7000e+00 9.8000e+00 1.0000e+00 6.0788e+01 2.4610e+00 8.2000e-02 7.6000e+00 9.4000e+00 1.3000e+00 5.6766e+01 2.3400e+00 1.5000e-02 8.1000e+00 1.1900e+01 9.0000e-01 5.8734e+01 1.8390e+00 9.0000e-03 8.3000e+00 9.4000e+00 1.0000e+00 5.7738e+01 3.1540e+00 3.0000e-02 7.6000e+00 9.2000e+00 7.0000e-01 5.5610e+01
1.8870e+00 1.7000e-02 7.9000e+00 9.5000e+00 1.2000e+00 6.0278e+01 2.3040e+00 2.1000e-02 8.0000e+00 9.5000e+00 1.1000e+00 6.0420e+01 1.8390e+00 9.0000e-03 8.3000e+00 9.4000e+00 1.0000e+00 5.7738e+01 3.1540e+00 3.0000e-02 7.6000e+00 9.2000e+00 7.0000e-01 5.5610e+01 1.6410e+00 1.7000e-02 8.4000e+00 9.7000e+00 1.3000e+00 5.9009e+01
1.9030e+00 1.6000e-02 8.2000e+00 9.0000e+00 1.2000e+00 6.1899e+01 2.3700e+00 7.0000e-03 8.3000e+00 1.0300e+01 1.4000e+00 6.4841e+01 3.1540e+00 3.0000e-02 7.6000e+00 9.2000e+00 7.0000e-01 5.5610e+01 1.6410e+00 1.7000e-02 8.4000e+00 9.7000e+00 1.3000e+00 5.9009e+01 2.7360e+00 3.2000e-02 7.9000e+00 9.9000e+00 1.1000e+00 5.9063e+01
1.6080e+00 1.5000e-02 8.3000e+00 9.9000e+00 9.0000e-01 5.8509e+01 2.0280e+00 8.0000e-03 8.0000e+00 8.9000e+00 7.0000e-01 5.5837e+01 1.6410e+00 1.7000e-02 8.4000e+00 9.7000e+00 1.3000e+00 5.9009e+01 2.7360e+00 3.2000e-02 7.9000e+00 9.9000e+00 1.1000e+00 5.9063e+01 2.4780e+00 3.4000e-02 7.6000e+00 1.0200e+01 1.5000e+00 6.0086e+01
2.0970e+00 1.1000e-02 7.8000e+00 1.1700e+01 9.0000e-01 5.5139e+01 2.0230e+00 1.2000e-02 7.9000e+00 1.2100e+01 6.0000e-01 5.3943e+01 2.7360e+00 3.2000e-02 7.9000e+00 9.9000e+00 1.1000e+00 5.9063e+01 2.4780e+00 3.4000e-02 7.6000e+00 1.0200e+01 1.5000e+00 6.0086e+01 2.3990e+00 9.0000e-03 8.0000e+00 1.0800e+01 6.0000e-01 5.1934e+01
2.4470e+00 1.6000e-02 7.5000e+00 1.3400e+01 1.1000e+00 5.3852e+01 2.4070e+00 1.5000e-02 8.1000e+00 1.6300e+01 1.0000e+00 5.1360e+01 2.4780e+00 3.4000e-02 7.6000e+00 1.0200e+01 1.5000e+00 6.0086e+01 2.3990e+00 9.0000e-03 8.0000e+00 1.0800e+01 6.0000e-01 5.1934e+01 2.2970e+00 7.0000e-03 7.7000e+00 1.2600e+01 1.4000e+00 5.1594e+01
2.9260e+00 1.2000e-02 8.5000e+00 1.5900e+01 1.9000e+00 5.5762e+01 2.7110e+00 9.0000e-03 8.2000e+00 1.5800e+01 8.0000e-01 5.0235e+01 2.2970e+00 7.0000e-03 7.7000e+00 1.2600e+01 1.4000e+00 5.1594e+01 4.4400e+00 5.1000e-02 7.8000e+00 1.0400e+01 1.9000e+00 4.9548e+01 2.8620e+00 1.9000e-02 7.8000e+00 1.4900e+01 9.0000e-01 6.1316e+01
2.5300e+00 8.0000e-03 7.4000e+00 1.3700e+01 1.4000e+00 5.9588e+01 2.4200e+00 9.0000e-03 8.2000e+00 1.2600e+01 1.2000e+00 5.9009e+01 4.4400e+00 5.1000e-02 7.8000e+00 1.0400e+01 1.9000e+00 4.9548e+01 2.8620e+00 1.9000e-02 7.8000e+00 1.4900e+01 9.0000e-01 6.1316e+01 2.5790e+00 8.0000e-03 8.2000e+00 1.2700e+01 1.4000e+00 5.8041e+01
2.0180e+00 8.0000e-03 8.2000e+00 1.2200e+01 1.2000e+00 5.5139e+01 2.5340e+00 9.0000e-03 7.8000e+00 1.3300e+01 1.3000e+00 5.7100e+01 2.8620e+00 1.9000e-02 7.8000e+00 1.4900e+01 9.0000e-01 6.1316e+01 2.5790e+00 8.0000e-03 8.2000e+00 1.2700e+01 1.4000e+00 5.8041e+01 2.3880e+00 1.1000e-02 8.2000e+00 1.1800e+01 1.8000e+00 6.0326e+01
1.8190e+00 9.0000e-03 8.1000e+00 1.2600e+01 5.0000e-01 5.0235e+01 2.3400e+00 1.5000e-02 8.1000e+00 1.1900e+01 9.0000e-01 5.8734e+01 2.5790e+00 8.0000e-03 8.2000e+00 1.2700e+01 1.4000e+00 5.8041e+01 2.3880e+00 1.1000e-02 8.2000e+00 1.1800e+01 1.8000e+00 6.0326e+01 1.8240e+00 7.0000e-03 8.0000e+00 1.0100e+01 7.0000e-01 4.6773e+01
1.4870e+00 9.0000e-03 8.8000e+00 1.1400e+01 1.2000e+00 5.7551e+01 1.8390e+00 9.0000e-03 8.3000e+00 9.4000e+00 1.0000e+00 5.7738e+01 2.3880e+00 1.1000e-02 8.2000e+00 1.1800e+01 1.8000e+00 6.0326e+01 1.8240e+00 7.0000e-03 8.0000e+00 1.0100e+01 7.0000e-01 4.6773e+01 1.4360e+00 7.0000e-03 8.6000e+00 1.0400e+01 7.0000e-01 4.7674e+01
2.4610e+00 8.2000e-02 7.6000e+00 9.4000e+00 1.3000e+00 5.6766e+01 3.1540e+00 3.0000e-02 7.6000e+00 9.2000e+00 7.0000e-01 5.5610e+01 1.8240e+00 7.0000e-03 8.0000e+00 1.0100e+01 7.0000e-01 4.6773e+01 1.4360e+00 7.0000e-03 8.6000e+00 1.0400e+01 7.0000e-01 4.7674e+01 1.3770e+00 1.1000e-02 8.6000e+00 8.9000e+00 1.7000e+00 6.3900e+01
2.3040e+00 2.1000e-02 8.0000e+00 9.5000e+00 1.1000e+00 6.0420e+01 1.6410e+00 1.7000e-02 8.4000e+00 9.7000e+00 1.3000e+00 5.9009e+01 1.4360e+00 7.0000e-03 8.6000e+00 1.0400e+01 7.0000e-01 4.7674e+01 1.3770e+00 1.1000e-02 8.6000e+00 8.9000e+00 1.7000e+00 6.3900e+01 1.8830e+00 2.8000e-02 7.7000e+00 7.5000e+00 8.0000e-01 5.5377e+01
2.3700e+00 7.0000e-03 8.3000e+00 1.0300e+01 1.4000e+00 6.4841e+01 2.7360e+00 3.2000e-02 7.9000e+00 9.9000e+00 1.1000e+00 5.9063e+01 1.3770e+00 1.1000e-02 8.6000e+00 8.9000e+00 1.7000e+00 6.3900e+01 1.8830e+00 2.8000e-02 7.7000e+00 7.5000e+00 8.0000e-01 5.5377e+01 1.9350e+00 4.2000e-02 7.8000e+00 8.4000e+00 7.0000e-01 4.8339e+01
2.0280e+00 8.0000e-03 8.0000e+00 8.9000e+00 7.0000e-01 5.5837e+01 2.4780e+00 3.4000e-02 7.6000e+00 1.0200e+01 1.5000e+00 6.0086e+01 1.8830e+00 2.8000e-02 7.7000e+00 7.5000e+00 8.0000e-01 5.5377e+01 1.9350e+00 4.2000e-02 7.8000e+00 8.4000e+00 7.0000e-01 4.8339e+01 1.8780e+00 3.9000e-02 7.9000e+00 1.0300e+01 1.0000e+00 6.2138e+01
2.0230e+00 1.2000e-02 7.9000e+00 1.2100e+01 6.0000e-01 5.3943e+01 2.3990e+00 9.0000e-03 8.0000e+00 1.0800e+01 6.0000e-01 5.1934e+01 1.9350e+00 4.2000e-02 7.8000e+00 8.4000e+00 7.0000e-01 4.8339e+01 1.8780e+00 3.9000e-02 7.9000e+00 1.0300e+01 1.0000e+00 6.2138e+01 2.0810e+00 8.0000e-03 8.1000e+00 1.1500e+01 1.1000e+00 5.7799e+01
2.4070e+00 1.5000e-02 8.1000e+00 1.6300e+01 1.0000e+00 5.1360e+01 2.2970e+00 7.0000e-03 7.7000e+00 1.2600e+01 1.4000e+00 5.1594e+01 1.8780e+00 3.9000e-02 7.9000e+00 1.0300e+01 1.0000e+00 6.2138e+01 2.0810e+00 8.0000e-03 8.1000e+00 1.1500e+01 1.1000e+00 5.7799e+01 2.5240e+00 1.4000e-02 8.2000e+00 1.2600e+01 6.0000e-01 5.1121e+01
2.5580e+00 2.7000e-02 8.3000e+00 1.4800e+01 9.0000e-01 5.2155e+01 4.4400e+00 5.1000e-02 7.8000e+00 1.0400e+01 1.9000e+00 4.9548e+01 2.0810e+00 8.0000e-03 8.1000e+00 1.1500e+01 1.1000e+00 5.7799e+01 2.5240e+00 1.4000e-02 8.2000e+00 1.2600e+01 6.0000e-01 5.1121e+01 2.9530e+00 2.0000e-02 8.3000e+00 1.3500e+01 8.0000e-01 5.4212e+01
2.7110e+00 9.0000e-03 8.2000e+00 1.5800e+01 8.0000e-01 5.0235e+01 2.8620e+00 1.9000e-02 7.8000e+00 1.4900e+01 9.0000e-01 6.1316e+01 2.5240e+00 1.4000e-02 8.2000e+00 1.2600e+01 6.0000e-01 5.1121e+01 2.9530e+00 2.0000e-02 8.3000e+00 1.3500e+01 8.0000e-01 5.4212e+01 2.9450e+00 9.0000e-03 8.3000e+00 1.4100e+01 1.9000e+00 6.4629e+01
2.4200e+00 9.0000e-03 8.2000e+00 1.2600e+01 1.2000e+00 5.9009e+01 2.5790e+00 8.0000e-03 8.2000e+00 1.2700e+01 1.4000e+00 5.8041e+01 2.9530e+00 2.0000e-02 8.3000e+00 1.3500e+01 8.0000e-01 5.4212e+01 2.9450e+00 9.0000e-03 8.3000e+00 1.4100e+01 1.9000e+00 6.4629e+01 2.4550e+00 7.0000e-03 8.4000e+00 1.2700e+01 1.2000e+00 5.3667e+01
2.5340e+00 9.0000e-03 7.8000e+00 1.3300e+01 1.3000e+00 5.7100e+01 2.3880e+00 1.1000e-02 8.2000e+00 1.1800e+01 1.8000e+00 6.0326e+01 2.9450e+00 9.0000e-03 8.3000e+00 1.4100e+01 1.9000e+00 6.4629e+01 2.4550e+00 7.0000e-03 8.4000e+00 1.2700e+01 1.2000e+00 5.3667e+01 2.0180e+00 6.0000e-03 9.0000e+00 1.2700e+01 1.5000e+00 5.9740e+01
2.4590e+00 1.4500e-01 8.0000e+00 5.5000e+00 7.0000e-01 5.1121e+01 1.6010e+00 6.4000e-02 7.5000e+00 9.4000e+00 6.0000e-01 4.8177e+01 1.8660e+00 1.1000e-02 8.0000e+00 1.0400e+01 1.8000e+00 6.0278e+01 1.8870e+00 1.0000e-03 7.5000e+00 1.0100e+01 9.0000e-01 5.6205e+01 4.4400e+00 5.1000e-02 7.8000e+00 1.0400e+01 1.9000e+00 4.9548e+01
2.7890e+00 1.4000e-02 8.5000e+00 1.4300e+01 1.5000e+00 5.6277e+01 2.5580e+00 2.7000e-02 8.3000e+00 1.4800e+01 9.0000e-01 5.2155e+01 2.3990e+00 9.0000e-03 8.0000e+00 1.0800e+01 6.0000e-01 5.1934e+01 2.2970e+00 7.0000e-03 7.7000e+00 1.2600e+01 1.4000e+00 5.1594e+01 4.4400e+00 5.1000e-02 7.8000e+00 1.0400e+01 1.9000e+00 4.9548e+01
