4.4400e+00 5.1000e-02 7.8000e+00 1.0400e+01 1.9000e+00 4.9548e+01 5.9160e+00 4.3000e-02 8.3000e+00 1.4500e+01 1.6000e+00 4.5988e+01 4.2190e+00 7.7000e-02 8.1000e+00 1.1500e+01 1.0000e+00 3.9188e+01 5.7550e+00 5.3000e-02 8.6000e+00 1.5000e+01 1.3000e+00 3.9589e+01 5.2560e+00 3.4000e-02 8.1000e+00 1.7000e+01 1.0000e+00 4.7674e+01
4.4400e+00 5.1000e-02 7.8000e+00 1.0400e+01 1.9000e+00 4.9548e+01 4.2840e+00 2.9000e-02 7.8000e+00 1.5400e+01 9.0000e-01 3.7878e+01 5.7550e+00 5.3000e-02 8.6000e+00 1.5000e+01 1.3000e+00 3.9589e+01 5.2560e+00 3.4000e-02 8.1000e+00 1.7000e+01 1.0000e+00 4.7674e+01 5.8640e+00 5.8000e-02 8.0000e+00 1.4100e+01 1.7000e+00 4.0701e+01
4.4400e+00 5.1000e-02 7.8000e+00 1.0400e+01 1.9000e+00 4.9548e+01 4.8000e+00 2.4000e-02 8.6000e+00 1.6400e+01 1.9000e+00 5.3760e+01 5.2560e+00 3.4000e-02 8.1000e+00 1.7000e+01 1.0000e+00 4.7674e+01 5.8640e+00 5.8000e-02 8.0000e+00 1.4100e+01 1.7000e+00 4.0701e+01 5.4160e+00 2.4000e-02 8.4000e+00 1.5400e+01 1.7000e+00 4.3166e+01
4.4400e+00 5.1000e-02 7.8000e+00 1.0400e+01 1.9000e+00 4.9548e+01 5.3520e+00 4.3000e-02 9.7000e+00 1.7600e+01 1.4000e+00 4.3951e+01 5.8640e+00 5.8000e-02 8.0000e+00 1.4100e+01 1.7000e+00 4.0701e+01 5.4160e+00 2.4000e-02 8.4000e+00 1.5400e+01 1.7000e+00 4.3166e+01 4.7280e+00 1.0000e-02 9.3000e+00 1.7300e+01 2.1000e+00 4.2605e+01
5.9400e+00 6.7000e-02 8.0000e+00 8.9000e+00 1.0000e+00 4.9548e+01 5.6240e+00 7.7000e-02 9.1000e+00 1.7900e+01 2.3000e+00 4.3166e+01 5.4160e+00 2.4000e-02 8.4000e+00 1.5400e+01 1.7000e+00 4.3166e+01 4.7280e+00 1.0000e-02 9.3000e+00 1.7300e+01 2.1000e+00 4.2605e+01 3.8160e+00 2.9000e-02 8.6000e+00 2.2600e+01 1.1000e+00 4.8012e+01
3.9480e+00 1.3900e-01 8.0000e+00 1.0100e+01 4.1000e+00 4.2890e+01 3.9680e+00 3.4000e-02 9.2000e+00 1.4300e+01 1.4000e+00 4.5355e+01 4.7280e+00 1.0000e-02 9.3000e+00 1.7300e+01 2.1000e+00 4.2605e+01 3.8160e+00 2.9000e-02 8.6000e+00 2.2600e+01 1.1000e+00 4.8012e+01 4.5520e+00 8.2000e-02 8.5000e+00 1.4000e+01 2.2000e+00 4.3696e+01
4.6560e+00 7.7000e-02 8.2000e+00 1.1000e+01 1.6000e+00 4.9548e+01 4.2720e+00 1.3400e-01 8.2000e+00 4.8000e+00 1.2000e+00 4.5135e+01 3.8160e+00 2.9000e-02 8.6000e+00 2.2600e+01 1.1000e+00 4.8012e+01 4.5520e+00 8.2000e-02 8.5000e+00 1.4000e+01 2.2000e+00 4.3696e+01 4.2800e+00 1.2000e-01 7.8000e+00 7.1000e+00 2.0000e-01 4.6960e+01
6.1680e+00 3.7400e-01 8.6000e+00 5.5000e+00 4.5000e+00 4.3696e+01 2.1680e+00 7.2000e-02 9.3000e+00 1.2600e+01 1.1000e+00 5.0876e+01 4.5520e+00 8.2000e-02 8.5000e+00 1.4000e+01 2.2000e+00 4.3696e+01 4.2800e+00 1.2000e-01 7.8000e+00 7.1000e+00 2.0000e-01 4.6960e+01 3.3120e+00 1.5400e-01 8.6000e+00 1.0700e+01 1.5000e+00 4.9829e+01
2.4960e+00 1.8200e-01 8.6000e+00 1.2000e+01 2.1000e+00 5.7424e+01 4.9680e+00 2.9000e-02 8.1000e+00 1.0800e+01 1.2000e+00 4.3696e+01 4.2800e+00 1.2000e-01 7.8000e+00 7.1000e+00 2.0000e-01 4.6960e+01 3.3120e+00 1.5400e-01 8.6000e+00 1.0700e+01 1.5000e+00 4.9829e+01 2.6080e+00 8.2000e-02 8.6000e+00 1.4600e+01 7.0000e-01 4.5571e+01
3.9840e+00 9.1000e-02 7.8000e+00 7.9000e+00 2.1000e+00 3.3901e+01 2.8850e+00 9.6000e-02 8.2000e+00 1.0500e+01 2.1000e+00 4.9112e+01 3.3120e+00 1.5400e-01 8.6000e+00 1.0700e+01 1.5000e+00 4.9829e+01 2.6080e+00 8.2000e-02 8.6000e+00 1.4600e+01 7.0000e-01 4.5571e+01 3.7360e+00 8.2000e-02 8.3000e+00 1.2900e+01 1.3000e+00 4.8177e+01
3.4920e+00 3.4920e+00 8.1000e+00 1.3600e+01 1.4000e+00 3.6366e+01 4.2190e+00 7.7000e-02 8.1000e+00 1.1500e+01 1.0000e+00 3.9188e+01 2.6080e+00 8.2000e-02 8.6000e+00 1.4600e+01 7.0000e-01 4.5571e+01 3.7360e+00 8.2000e-02 8.3000e+00 1.2900e+01 1.3000e+00 4.8177e+01 4.8640e+00 5.8000e-02 8.1000e+00 1.3900e+01 2.7000e+00 1.4811e+01
5.1050e+00 5.8000e-02 8.0000e+00 1.2200e+01 1.7000e+00 2.9566e+01 5.7550e+00 5.3000e-02 8.6000e+00 1.5000e+01 1.3000e+00 3.9589e+01 3.7360e+00 8.2000e-02 8.3000e+00 1.2900e+01 1.3000e+00 4.8177e+01 4.8640e+00 5.8000e-02 8.1000e+00 1.3900e+01 2.7000e+00 1.4811e+01 5.0400e+00 3.4000e-02 7.7000e+00 1.6400e+01 5.9000e+00 3.9589e+01
5.9160e+00 4.3000e-02 8.3000e+00 1.4500e+01 1.6000e+00 4.5988e+01 5.2560e+00 3.4000e-02 8.1000e+00 1.7000e+01 1.0000e+00 4.7674e+01 4.8640e+00 5.8000e-02 8.1000e+00 1.3900e+01 2.7000e+00 1.4811e+01 5.0400e+00 3.4000e-02 7.7000e+00 1.6400e+01 5.9000e+00 3.9589e+01 5.3120e+00 2.9000e-02 7.0000e+00 1.8000e+01 9.0000e-01 4.3435e+01
4.2840e+00 2.9000e-02 7.8000e+00 1.5400e+01 9.0000e-01 3.7878e+01 5.8640e+00 5.8000e-02 8.0000e+00 1.4100e+01 1.7000e+00 4.0701e+01 5.0400e+00 3.4000e-02 7.7000e+00 1.6400e+01 5.9000e+00 3.9589e+01 5.3120e+00 2.9000e-02 7.0000e+00 1.8000e+01 9.0000e-01 4.3435e+01 6.3840e+00 4.8000e-02 6.7000e+00 1.5600e+01 2.8000e+00 4.0344e+01
4.8000e+00 2.4000e-02 8.6000e+00 1.6400e+01 1.9000e+00 5.3760e+01 5.4160e+00 2.4000e-02 8.4000e+00 1.5400e+01 1.7000e+00 4.3166e+01 5.3120e+00 2.9000e-02 7.0000e+00 1.8000e+01 9.0000e-01 4.3435e+01 6.3840e+00 4.8000e-02 6.7000e+00 1.5600e+01 2.8000e+00 4.0344e+01 2.6480e+00 3.4000e-02 7.2000e+00 1.2600e+01 2.0000e+00 4.8012e+01
5.3520e+00 4.3000e-02 9.7000e+00 1.7600e+01 1.4000e+00 4.3951e+01 4.7280e+00 1.0000e-02 9.3000e+00 1.7300e+01 2.1000e+00 4.2605e+01 6.3840e+00 4.8000e-02 6.7000e+00 1.5600e+01 2.8000e+00 4.0344e+01 2.6480e+00 3.4000e-02 7.2000e+00 1.2600e+01 2.0000e+00 4.8012e+01 2.0670e+00 0.0000e+00 7.3000e+00 2.2100e+01 2.2000e+00 4.7144e+01
5.6240e+00 7.7000e-02 9.1000e+00 1.7900e+01 2.3000e+00 4.3166e+01 3.8160e+00 2.9000e-02 8.6000e+00 2.2600e+01 1.1000e+00 4.8012e+01 2.6480e+00 3.4000e-02 7.2000e+00 1.2600e+01 2.0000e+00 4.8012e+01 2.0670e+00 0.0000e+00 7.3000e+00 2.2100e+01 2.2000e+00 4.7144e+01 3.3050e+00 2.6000e-02 7.3000e+00 1.7400e+01 1.9000e+00 3.8335e+01
3.9680e+00 3.4000e-02 9.2000e+00 1.4300e+01 1.4000e+00 4.5355e+01 4.5520e+00 8.2000e-02 8.5000e+00 1.4000e+01 2.2000e+00 4.3696e+01 2.0670e+00 0.0000e+00 7.3000e+00 2.2100e+01 2.2000e+00 4.7144e+01 3.3050e+00 2.6000e-02 7.3000e+00 1.7400e+01 1.9000e+00 3.8335e+01 3.5670e+00 6.3000e-02 7.7000e+00 1.4900e+01 1.2000e+00 4.7144e+01
4.2720e+00 1.3400e-01 8.2000e+00 4.8000e+00 1.2000e+00 4.5135e+01 4.2800e+00 1.2000e-01 7.8000e+00 7.1000e+00 2.0000e-01 4.6960e+01 3.3050e+00 2.6000e-02 7.3000e+00 1.7400e+01 1.9000e+00 3.8335e+01 3.5670e+00 6.3000e-02 7.7000e+00 1.4900e+01 1.2000e+00 4.7144e+01 3.0970e+00 4.6000e-02 7.7000e+00 1.3700e+01 9.0000e-01 6.1402e+01
2.1680e+00 7.2000e-02 9.3000e+00 1.2600e+01 1.1000e+00 5.0876e+01 3.3120e+00 1.5400e-01 8.6000e+00 1.0700e+01 1.5000e+00 4.9829e+01 3.5670e+00 6.3000e-02 7.7000e+00 1.4900e+01 1.2000e+00 4.7144e+01 3.0970e+00 4.6000e-02 7.7000e+00 1.3700e+01 9.0000e-01 6.1402e+01 4.8590e+00 6.9000e-02 7.8000e+00 9.5000e+00 1.0000e+00 3.8335e+01
4.9680e+00 2.9000e-02 8.1000e+00 1.0800e+01 1.2000e+00 4.3696e+01 2.6080e+00 8.2000e-02 8.6000e+00 1.4600e+01 7.0000e-01 4.5571e+01 3.0970e+00 4.6000e-02 7.7000e+00 1.3700e+01 9.0000e-01 6.1402e+01 4.8590e+00 6.9000e-02 7.8000e+00 9.5000e+00 1.0000e+00 3.8335e+01 4.5420e+00 7.1000e-02 7.9000e+00 1.0600e+01 9.0000e-01 5.7166e+01
2.8850e+00 9.6000e-02 8.2000e+00 1.0500e+01 2.1000e+00 4.9112e+01 3.7360e+00 8.2000e-02 8.3000e+00 1.2900e+01 1.3000e+00 4.8177e+01 4.8590e+00 6.9000e-02 7.8000e+00 9.5000e+00 1.0000e+00 3.8335e+01 4.5420e+00 7.1000e-02 7.9000e+00 1.0600e+01 9.0000e-01 5.7166e+01 3.7590e+00 3.6000e-02 8.3000e+00 1.6100e+01 2.2000e+00 5.4300e+01
4.2190e+00 7.7000e-02 8.1000e+00 1.1500e+01 1.0000e+00 3.9188e+01 4.8640e+00 5.8000e-02 8.1000e+00 1.3900e+01 2.7000e+00 1.4811e+01 4.5420e+00 7.1000e-02 7.9000e+00 1.0600e+01 9.0000e-01 5.7166e+01 3.7590e+00 3.6000e-02 8.3000e+00 1.6100e+01 2.2000e+00 5.4300e+01 4.3440e+00 5.9000e-02 8.0000e+00 1.4900e+01 1.1000e+00 3.9188e+01
5.7550e+00 5.3000e-02 8.6000e+00 1.5000e+01 1.3000e+00 3.9589e+01 5.0400e+00 3.4000e-02 7.7000e+00 1.6400e+01 5.9000e+00 3.9589e+01 3.7590e+00 3.6000e-02 8.3000e+00 1.6100e+01 2.2000e+00 5.4300e+01 4.3440e+00 5.9000e-02 8.0000e+00 1.4900e+01 1.1000e+00 3.9188e+01 4.7470e+00 3.1000e-02 7.5000e+00 1.2100e+01 8.0000e-01 2.5589e+01
5.2560e+00 3.4000e-02 8.1000e+00 1.7000e+01 1.0000e+00 4.7674e+01 5.3120e+00 2.9000e-02 7.0000e+00 1.8000e+01 9.0000e-01 4.3435e+01 4.3440e+00 5.9000e-02 8.0000e+00 1.4900e+01 1.1000e+00 3.9188e+01 4.7470e+00 3.1000e-02 7.5000e+00 1.2100e+01 8.0000e-01 2.5589e+01 5.1030e+00 2.1000e-02 7.6000e+00 1.3800e+01 9.0000e-01 3.5211e+01
5.8640e+00 5.8000e-02 8.0000e+00 1.4100e+01 1.7000e+00 4.0701e+01 6.3840e+00 4.8000e-02 6.7000e+00 1.5600e+01 2.8000e+00 4.0344e+01 4.7470e+00 3.1000e-02 7.5000e+00 1.2100e+01 8.0000e-01 2.5589e+01 5.1030e+00 2.1000e-02 7.6000e+00 1.3800e+01 9.0000e-01 3.5211e+01 4.7700e+00 1.4000e-02 7.7000e+00 1.5900e+01 1.0000e+00 4.4442e+01
5.4160e+00 2.4000e-02 8.4000e+00 1.5400e+01 1.7000e+00 4.3166e+01 2.6480e+00 3.4000e-02 7.2000e+00 1.2600e+01 2.0000e+00 4.8012e+01 5.1030e+00 2.1000e-02 7.6000e+00 1.3800e+01 9.0000e-01 3.5211e+01 4.7700e+00 1.4000e-02 7.7000e+00 1.5900e+01 1.0000e+00 4.4442e+01 3.8550e+00 7.0000e-03 7.7000e+00 1.5800e+01 1.2000e+00 5.2263e+01
4.7280e+00 1.0000e-02 9.3000e+00 1.7300e+01 2.1000e+00 4.2605e+01 2.0670e+00 0.0000e+00 7.3000e+00 2.2100e+01 2.2000e+00 4.7144e+01 4.7700e+00 1.4000e-02 7.7000e+00 1.5900e+01 1.0000e+00 4.4442e+01 3.8550e+00 7.0000e-03 7.7000e+00 1.5800e+01 1.2000e+00 5.2263e+01 4.6080e+00 2.3000e-02 8.0000e+00 1.3900e+01 2.3000e+00 4.9829e+01
3.8160e+00 2.9000e-02 8.6000e+00 2.2600e+01 1.1000e+00 4.8012e+01 3.3050e+00 2.6000e-02 7.3000e+00 1.7400e+01 1.9000e+00 3.8335e+01 3.8550e+00 7.0000e-03 7.7000e+00 1.5800e+01 1.2000e+00 5.2263e+01 4.6080e+00 2.3000e-02 8.0000e+00 1.3900e+01 2.3000e+00 4.9829e+01 4.8980e+00 4.1000e-02 7.7000e+00 1.1600e+01 1.4000e+00 4.9689e+01
4.5520e+00 8.2000e-02 8.5000e+00 1.4000e+01 2.2000e+00 4.3696e+01 3.5670e+00 6.3000e-02 7.7000e+00 1.4900e+01 1.2000e+00 4.7144e+01 4.6080e+00 2.3000e-02 8.0000e+00 1.3900e+01 2.3000e+00 4.9829e+01 4.8980e+00 4.1000e-02 7.7000e+00 1.1600e+01 1.4000e+00 4.9689e+01 4.2530e+00 1.8000e-02 8.5000e+00 1.2300e+01 1.0000e+00 4.9405e+01
4.2800e+00 1.2000e-01 7.8000e+00 7.1000e+00 2.0000e-01 4.6960e+01 3.0970e+00 4.6000e-02 7.7000e+00 1.3700e+01 9.0000e-01 6.1402e+01 4.8980e+00 4.1000e-02 7.7000e+00 1.1600e+01 1.4000e+00 4.9689e+01 4.2530e+00 1.8000e-02 8.5000e+00 1.2300e+01 1.0000e+00 4.9405e+01 5.1830e+00 6.5000e-02 7.5000e+00 1.0400e+01 7.0000e-01 4.7674e+01
3.3120e+00 1.5400e-01 8.6000e+00 1.0700e+01 1.5000e+00 4.9829e+01 4.8590e+00 6.9000e-02 7.8000e+00 9.5000e+00 1.0000e+00 3.8335e+01 4.2530e+00 1.8000e-02 8.5000e+00 1.2300e+01 1.0000e+00 4.9405e+01 5.1830e+00 6.5000e-02 7.5000e+00 1.0400e+01 7.0000e-01 4.7674e+01 5.1280e+00 1.2400e-01 7.8000e+00 1.0600e+01 6.0000e-01 5.0101e+01
2.6080e+00 8.2000e-02 8.6000e+00 1.4600e+01 7.0000e-01 4.5571e+01 4.5420e+00 7.1000e-02 7.9000e+00 1.0600e+01 9.0000e-01 5.7166e+01 5.1830e+00 6.5000e-02 7.5000e+00 1.0400e+01 7.0000e-01 4.7674e+01 5.1280e+00 1.2400e-01 7.8000e+00 1.0600e+01 6.0000e-01 5.0101e+01 5.0110e+00 9.2000e-02 7.5000e+00 8.2000e+00 8.0000e-01 4.5571e+01
3.7360e+00 8.2000e-02 8.3000e+00 1.2900e+01 1.3000e+00 4.8177e+01 3.7590e+00 3.6000e-02 8.3000e+00 1.6100e+01 2.2000e+00 5.4300e+01 5.1280e+00 1.2400e-01 7.8000e+00 1.0600e+01 6.0000e-01 5.0101e+01 5.0110e+00 9.2000e-02 7.5000e+00 8.2000e+00 8.0000e-01 4.5571e+01 4.8190e+00 1.9000e-02 7.9000e+00 1.0900e+01 1.5000e+00 4.6190e+01
4.8640e+00 5.8000e-02 8.1000e+00 1.3900e+01 2.7000e+00 1.4811e+01 4.3440e+00 5.9000e-02 8.0000e+00 1.4900e+01 1.1000e+00 3.9188e+01 5.0110e+00 9.2000e-02 7.5000e+00 8.2000e+00 8.0000e-01 4.5571e+01 4.8190e+00 1.9000e-02 7.9000e+00 1.0900e+01 1.5000e+00 4.6190e+01 4.8710e+00 3.2000e-02 8.9000e+00 1.2900e+01 1.2000e+00 4.1045e+01
5.0400e+00 3.4000e-02 7.7000e+00 1.6400e+01 5.9000e+00 3.9589e+01 4.7470e+00 3.1000e-02 7.5000e+00 1.2100e+01 8.0000e-01 2.5589e+01 4.8190e+00 1.9000e-02 7.9000e+00 1.0900e+01 1.5000e+00 4.6190e+01 4.8710e+00 3.2000e-02 8.9000e+00 1.2900e+01 1.2000e+00 4.1045e+01 6.2990e+00 4.5000e-02 8.1000e+00 1.1800e+01 7.0000e-01 2.5589e+01
5.3120e+00 2.9000e-02 7.0000e+00 1.8000e+01 9.0000e-01 4.3435e+01 5.1030e+00 2.1000e-02 7.6000e+00 1.3800e+01 9.0000e-01 3.5211e+01 4.8710e+00 3.2000e-02 8.9000e+00 1.2900e+01 1.2000e+00 4.1045e+01 6.2990e+00 4.5000e-02 8.1000e+00 1.1800e+01 7.0000e-01 2.5589e+01 6.4310e+00 2.3000e-02 7.9000e+00 1.3100e+01 1.0000e+00 4.2605e+01
6.3840e+00 4.8000e-02 6.7000e+00 1.5600e+01 2.8000e+00 4.0344e+01 4.7700e+00 1.4000e-02 7.7000e+00 1.5900e+01 1.0000e+00 4.4442e+01 6.2990e+00 4.5000e-02 8.1000e+00 1.1800e+01 7.0000e-01 2.5589e+01 6.4310e+00 2.3000e-02 7.9000e+00 1.3100e+01 1.0000e+00 4.2605e+01 5.9120e+00 3.4000e-02 7.6000e+00 1.0400e+01 9.0000e-01 4.0701e+01
2.6480e+00 3.4000e-02 7.2000e+00 1.2600e+01 2.0000e+00 4.8012e+01 3.8550e+00 7.0000e-03 7.7000e+00 1.5800e+01 1.2000e+00 5.2263e+01 6.4310e+00 2.3000e-02 7.9000e+00 1.3100e+01 1.0000e+00 4.2605e+01 5.9120e+00 3.4000e-02 7.6000e+00 1.0400e+01 9.0000e-01 4.0701e+01 6.3260e+00 5.2000e-02 7.8000e+00 1.0800e+01 1.0000e+00 2.8411e+01
2.0670e+00 0.0000e+00 7.3000e+00 2.2100e+01 2.2000e+00 4.7144e+01 4.6080e+00 2.3000e-02 8.0000e+00 1.3900e+01 2.3000e+00 4.9829e+01 5.9120e+00 3.4000e-02 7.6000e+00 1.0400e+01 9.0000e-01 4.0701e+01 6.3260e+00 5.2000e-02 7.8000e+00 1.0800e+01 1.0000e+00 2.8411e+01 5.7110e+00 6.0000e-03 9.1000e+00 1.8500e+01 1.5000e+00 4.5355e+01
3.3050e+00 2.6000e-02 7.3000e+00 1.7400e+01 1.9000e+00 3.8335e+01 4.8980e+00 4.1000e-02 7.7000e+00 1.1600e+01 1.4000e+00 4.9689e+01 6.3260e+00 5.2000e-02 7.8000e+00 1.0800e+01 1.0000e+00 2.8411e+01 5.7110e+00 6.0000e-03 9.1000e+00 1.8500e+01 1.5000e+00 4.5355e+01 5.1830e+00 7.8000e-02 7.9000e+00 9.0000e+00 9.0000e-01 4.1377e+01
3.5670e+00 6.3000e-02 7.7000e+00 1.4900e+01 1.2000e+00 4.7144e+01 4.2530e+00 1.8000e-02 8.5000e+00 1.2300e+01 1.0000e+00 4.9405e+01 5.7110e+00 6.0000e-03 9.1000e+00 1.8500e+01 1.5000e+00 4.5355e+01 5.1830e+00 7.8000e-02 7.9000e+00 9.0000e+00 9.0000e-01 4.1377e+01 6.4550e+00 4.8000e-02 8.1000e+00 1.0700e+01 3.0000e-01 3.0600e+01
3.0970e+00 4.6000e-02 7.7000e+00 1.3700e+01 9.0000e-01 6.1402e+01 5.1830e+00 6.5000e-02 7.5000e+00 1.0400e+01 7.0000e-01 4.7674e+01 5.1830e+00 7.8000e-02 7.9000e+00 9.0000e+00 9.0000e-01 4.1377e+01 6.4550e+00 4.8000e-02 8.1000e+00 1.0700e+01 3.0000e-01 3.0600e+01 5.7240e+00 8.2000e-02 8.0000e+00 1.3100e+01 4.0000e-01 4.3166e+01
4.8590e+00 6.9000e-02 7.8000e+00 9.5000e+00 1.0000e+00 3.8335e+01 5.1280e+00 1.2400e-01 7.8000e+00 1.0600e+01 6.0000e-01 5.0101e+01 6.4550e+00 4.8000e-02 8.1000e+00 1.0700e+01 3.0000e-01 3.0600e+01 5.7240e+00 8.2000e-02 8.0000e+00 1.3100e+01 4.0000e-01 4.3166e+01 4.9760e+00 9.9000e-02 7.9000e+00 1.1300e+01 4.0000e-01 3.4578e+01
4.5420e+00 7.1000e-02 7.9000e+00 1.0600e+01 9.0000e-01 5.7166e+01 5.0110e+00 9.2000e-02 7.5000e+00 8.2000e+00 8.0000e-01 4.5571e+01 5.7240e+00 8.2000e-02 8.0000e+00 1.3100e+01 4.0000e-01 4.3166e+01 4.9760e+00 9.9000e-02 7.9000e+00 1.1300e+01 4.0000e-01 3.4578e+01 4.8290e+00 6.8000e-02 8.6000e+00 1.3800e+01 1.0000e+00 4.7144e+01
3.7590e+00 3.6000e-02 8.3000e+00 1.6100e+01 2.2000e+00 5.4300e+01 4.8190e+00 1.9000e-02 7.9000e+00 1.0900e+01 1.5000e+00 4.6190e+01 4.9760e+00 9.9000e-02 7.9000e+00 1.1300e+01 4.0000e-01 3.4578e+01 4.8290e+00 6.8000e-02 8.6000e+00 1.3800e+01 1.0000e+00 4.7144e+01 5.2350e+00 1.0000e-01 7.5000e+00 8.3000e+00 8.0000e-01 3.1535e+01
4.3440e+00 5.9000e-02 8.0000e+00 1.4900e+01 1.1000e+00 3.9188e+01 4.8710e+00 3.2000e-02 8.9000e+00 1.2900e+01 1.2000e+00 4.1045e+01 4.8290e+00 6.8000e-02 8.6000e+00 1.3800e+01 1.0000e+00 4.7144e+01 5.2350e+00 1.0000e-01 7.5000e+00 8.3000e+00 8.0000e-01 3.1535e+01 6.6370e+00 5.0000e-02 7.7000e+00 1.1100e+01 1.0000e+00 3.3901e+01
4.7470e+00 3.1000e-02 7.5000e+00 1.2100e+01 8.0000e-01 2.5589e+01 6.2990e+00 4.5000e-02 8.1000e+00 1.1800e+01 7.0000e-01 2.5589e+01 5.2350e+00 1.0000e-01 7.5000e+00 8.3000e+00 8.0000e-01 3.1535e+01 6.6370e+00 5.0000e-02 7.7000e+00 1.1100e+01 1.0000e+00 3.3901e+01 7.0090e+00 5.8000e-02 7.7000e+00 1.3300e+01 5.0000e-01 3.0600e+01
5.1030e+00 2.1000e-02 7.6000e+00 1.3800e+01 9.0000e-01 3.5211e+01 6.4310e+00 2.3000e-02 7.9000e+00 1.3100e+01 1.0000e+00 4.2605e+01 6.6370e+00 5.0000e-02 7.7000e+00 1.1100e+01 1.0000e+00 3.3901e+01 7.0090e+00 5.8000e-02 7.7000e+00 1.3300e+01 5.0000e-01 3.0600e+01 7.1240e+00 5.0000e-02 7.5000e+00 1.4100e+01 4.0000e-01 4.1377e+01
4.7700e+00 1.4000e-02 7.7000e+00 1.5900e+01 1.0000e+00 4.4442e+01 5.9120e+00 3.4000e-02 7.6000e+00 1.0400e+01 9.0000e-01 4.0701e+01 7.0090e+00 5.8000e-02 7.7000e+00 1.3300e+01 5.0000e-01 3.0600e+01 7.1240e+00 5.0000e-02 7.5000e+00 1.4100e+01 4.0000e-01 4.1377e+01 6.7110e+00 2.3000e-02 8.4000e+00 1.8000e+01 9.0000e-01 2.9566e+01
3.8550e+00 7.0000e-03 7.7000e+00 1.5800e+01 1.2000e+00 5.2263e+01 6.3260e+00 5.2000e-02 7.8000e+00 1.0800e+01 1.0000e+00 2.8411e+01 7.1240e+00 5.0000e-02 7.5000e+00 1.4100e+01 4.0000e-01 4.1377e+01 6.7110e+00 2.3000e-02 8.4000e+00 1.8000e+01 9.0000e-01 2.9566e+01 5.7190e+00 1.5000e-02 8.2000e+00 1.9200e+01 1.9000e+00 3.5805e+01
4.6080e+00 2.3000e-02 8.0000e+00 1.3900e+01 2.3000e+00 4.9829e+01 5.7110e+00 6.0000e-03 9.1000e+00 1.8500e+01 1.5000e+00 4.5355e+01 6.7110e+00 2.3000e-02 8.4000e+00 1.8000e+01 9.0000e-01 2.9566e+01 5.7190e+00 1.5000e-02 8.2000e+00 1.9200e+01 1.9000e+00 3.5805e+01 5.6670e+00 1.8000e-02 8.5000e+00 1.9200e+01 7.0000e-01 4.3435e+01
4.8980e+00 4.1000e-02 7.7000e+00 1.1600e+01 1.4000e+00 4.9689e+01 5.1830e+00 7.8000e-02 7.9000e+00 9.0000e+00 9.0000e-01 4.1377e+01 5.7190e+00 1.5000e-02 8.2000e+00 1.9200e+01 1.9000e+00 3.5805e+01 5.6670e+00 1.8000e-02 8.5000e+00 1.9200e+01 7.0000e-01 4.3435e+01 5.7870e+00 9.0000e-03 8.1000e+00 2.1800e+01 8.0000e-01 5.0366e+01
4.2530e+00 1.8000e-02 8.5000e+00 1.2300e+01 1.0000e+00 4.9405e+01 6.4550e+00 4.8000e-02 8.1000e+00 1.0700e+01 3.0000e-01 3.0600e+01 5.6670e+00 1.8000e-02 8.5000e+00 1.9200e+01 7.0000e-01 4.3435e+01 5.7870e+00 9.0000e-03 8.1000e+00 2.1800e+01 8.0000e-01 5.0366e+01 4.6240e+00 1.9000e-02 8.9000e+00 2.0300e+01 9.0000e-01 4.0344e+01
5.1830e+00 6.5000e-02 7.5000e+00 1.0400e+01 7.0000e-01 4.7674e+01 5.7240e+00 8.2000e-02 8.0000e+00 1.3100e+01 4.0000e-01 4.3166e+01 5.7870e+00 9.0000e-03 8.1000e+00 2.1800e+01 8.0000e-01 5.0366e+01 4.6240e+00 1.9000e-02 8.9000e+00 2.0300e+01 9.0000e-01 4.0344e+01 5.4770e+00 9.1000e-02 7.5000e+00 8.4000e+00 3.0000e-01 1.4811e+01
5.1280e+00 1.2400e-01 7.8000e+00 1.0600e+01 6.0000e-01 5.0101e+01 4.9760e+00 9.9000e-02 7.9000e+00 1.1300e+01 4.0000e-01 3.4578e+01 4.6240e+00 1.9000e-02 8.9000e+00 2.0300e+01 9.0000e-01 4.0344e+01 5.4770e+00 9.1000e-02 7.5000e+00 8.4000e+00 3.0000e-01 1.4811e+01 5.0500e+00 9.1000e-02 7.6000e+00 8.2000e+00 1.0000e-01 1.4811e+01
5.0110e+00 9.2000e-02 7.5000e+00 8.2000e+00 8.0000e-01 4.5571e+01 4.8290e+00 6.8000e-02 8.6000e+00 1.3800e+01 1.0000e+00 4.7144e+01 5.4770e+00 9.1000e-02 7.5000e+00 8.4000e+00 3.0000e-01 1.4811e+01 5.0500e+00 9.1000e-02 7.6000e+00 8.2000e+00 1.0000e-01 1.4811e+01 5.7600e+00 7.5000e-02 8.3000e+00 1.3000e+01 1.1000e+00 4.2011e+01
4.8190e+00 1.9000e-02 7.9000e+00 1.0900e+01 1.5000e+00 4.6190e+01 5.2350e+00 1.0000e-01 7.5000e+00 8.3000e+00 8.0000e-01 3.1535e+01 5.0500e+00 9.1000e-02 7.6000e+00 8.2000e+00 1.0000e-01 1.4811e+01 5.7600e+00 7.5000e-02 8.3000e+00 1.3000e+01 1.1000e+00 4.2011e+01 5.9380e+00 2.9000e-02 8.3000e+00 1.3400e+01 8.0000e-01 3.8771e+01
4.8710e+00 3.2000e-02 8.9000e+00 1.2900e+01 1.2000e+00 4.1045e+01 6.6370e+00 5.0000e-02 7.7000e+00 1.1100e+01 1.0000e+00 3.3901e+01 5.7600e+00 7.5000e-02 8.3000e+00 1.3000e+01 1.1000e+00 4.2011e+01 5.9380e+00 2.9000e-02 8.3000e+00 1.3400e+01 8.0000e-01 3.8771e+01 6.1430e+00 2.8000e-02 7.5000e+00 1.0700e+01 2.6000e+00 3.5211e+01
6.2990e+00 4.5000e-02 8.1000e+00 1.1800e+01 7.0000e-01 2.5589e+01 7.0090e+00 5.8000e-02 7.7000e+00 1.3300e+01 5.0000e-01 3.0600e+01 5.9380e+00 2.9000e-02 8.3000e+00 1.3400e+01 8.0000e-01 3.8771e+01 6.1430e+00 2.8000e-02 7.5000e+00 1.0700e+01 2.6000e+00 3.5211e+01 6.0910e+00 2.9000e-02 8.0000e+00 1.6200e+01 1.6000e+00 3.0600e+01
6.4310e+00 2.3000e-02 7.9000e+00 1.3100e+01 1.0000e+00 4.2605e+01 7.1240e+00 5.0000e-02 7.5000e+00 1.4100e+01 4.0000e-01 4.1377e+01 6.1430e+00 2.8000e-02 7.5000e+00 1.0700e+01 2.6000e+00 3.5211e+01 6.0910e+00 2.9000e-02 8.0000e+00 1.6200e+01 1.6000e+00 3.0600e+01 6.2960e+00 2.1000e-02 8.0000e+00 1.3700e+01 1.2000e+00 4.2890e+01
5.9120e+00 3.4000e-02 7.6000e+00 1.0400e+01 9.0000e-01 4.0701e+01 6.7110e+00 2.3000e-02 8.4000e+00 1.8000e+01 9.0000e-01 2.9566e+01 6.0910e+00 2.9000e-02 8.0000e+00 1.6200e+01 1.6000e+00 3.0600e+01 6.2960e+00 2.1000e-02 8.0000e+00 1.3700e+01 1.2000e+00 4.2890e+01 6.3270e+00 1.4000e-02 7.9000e+00 1.4300e+01 1.3000e+00 4.9260e+01
6.3260e+00 5.2000e-02 7.8000e+00 1.0800e+01 1.0000e+00 2.8411e+01 5.7190e+00 1.5000e-02 8.2000e+00 1.9200e+01 1.9000e+00 3.5805e+01 6.2960e+00 2.1000e-02 8.0000e+00 1.3700e+01 1.2000e+00 4.2890e+01 6.3270e+00 1.4000e-02 7.9000e+00 1.4300e+01 1.3000e+00 4.9260e+01 5.6500e+00 1.9000e-02 7.7000e+00 1.5600e+01 1.0000e+00 3.9188e+01
5.7110e+00 6.0000e-03 9.1000e+00 1.8500e+01 1.5000e+00 4.5355e+01 5.6670e+00 1.8000e-02 8.5000e+00 1.9200e+01 7.0000e-01 4.3435e+01 6.3270e+00 1.4000e-02 7.9000e+00 1.4300e+01 1.3000e+00 4.9260e+01 5.6500e+00 1.9000e-02 7.7000e+00 1.5600e+01 1.0000e+00 3.9188e+01 5.7860e+00 5.6000e-02 8.3000e+00 1.4300e+01 1.1000e+00 4.5571e+01
5.1830e+00 7.8000e-02 7.9000e+00 9.0000e+00 9.0000e-01 4.1377e+01 5.7870e+00 9.0000e-03 8.1000e+00 2.1800e+01 8.0000e-01 5.0366e+01 5.6500e+00 1.9000e-02 7.7000e+00 1.5600e+01 1.0000e+00 3.9188e+01 5.7860e+00 5.6000e-02 8.3000e+00 1.4300e+01 1.1000e+00 4.5571e+01 5.8930e+00 8.1000e-02 8.4000e+00 1.4500e+01 1.6000e+00 6.0182e+01
6.4550e+00 4.8000e-02 8.1000e+00 1.0700e+01 3.0000e-01 3.0600e+01 4.6240e+00 1.9000e-02 8.9000e+00 2.0300e+01 9.0000e-01 4.0344e+01 5.7860e+00 5.6000e-02 8.3000e+00 1.4300e+01 1.1000e+00 4.5571e+01 5.8930e+00 8.1000e-02 8.4000e+00 1.4500e+01 1.6000e+00 6.0182e+01 6.2960e+00 5.6000e-02 8.2000e+00 1.2200e+01 6.0000e-01 4.1699e+01
5.7240e+00 8.2000e-02 8.0000e+00 1.3100e+01 4.0000e-01 4.3166e+01 5.4770e+00 9.1000e-02 7.5000e+00 8.4000e+00 3.0000e-01 1.4811e+01 5.8930e+00 8.1000e-02 8.4000e+00 1.4500e+01 1.6000e+00 6.0182e+01 6.2960e+00 5.6000e-02 8.2000e+00 1.2200e+01 6.0000e-01 4.1699e+01 4.9830e+00 1.1200e-01 7.3000e+00 7.8000e+00 4.0000e-01 2.1611e+01
4.9760e+00 9.9000e-02 7.9000e+00 1.1300e+01 4.0000e-01 3.4578e+01 5.0500e+00 9.1000e-02 7.6000e+00 8.2000e+00 1.0000e-01 1.4811e+01 6.2960e+00 5.6000e-02 8.2000e+00 1.2200e+01 6.0000e-01 4.1699e+01 4.9830e+00 1.1200e-01 7.3000e+00 7.8000e+00 4.0000e-01 2.1611e+01 5.7640e+00 5.5000e-02 8.1000e+00 1.2000e+01 2.0000e-01 4.8012e+01
4.8290e+00 6.8000e-02 8.6000e+00 1.3800e+01 1.0000e+00 4.7144e+01 5.7600e+00 7.5000e-02 8.3000e+00 1.3000e+01 1.1000e+00 4.2011e+01 4.9830e+00 1.1200e-01 7.3000e+00 7.8000e+00 4.0000e-01 2.1611e+01 5.7640e+00 5.5000e-02 8.1000e+00 1.2000e+01 2.0000e-01 4.8012e+01 5.8030e+00 1.2400e-01 7.7000e+00 8.4000e+00 3.0000e-01 4.9548e+01
5.2350e+00 1.0000e-01 7.5000e+00 8.3000e+00 8.0000e-01 3.1535e+01 5.9380e+00 2.9000e-02 8.3000e+00 1.3400e+01 8.0000e-01 3.8771e+01 5.7640e+00 5.5000e-02 8.1000e+00 1.2000e+01 2.0000e-01 4.8012e+01 5.8030e+00 1.2400e-01 7.7000e+00 8.4000e+00 3.0000e-01 4.9548e+01 5.7530e+00 1.3500e-01 7.6000e+00 1.0000e+01 1.2000e+00 2.7101e+01
6.6370e+00 5.0000e-02 7.7000e+00 1.1100e+01 1.0000e+00 3.3901e+01 6.1430e+00 2.8000e-02 7.5000e+00 1.0700e+01 2.6000e+00 3.5211e+01 5.8030e+00 1.2400e-01 7.7000e+00 8.4000e+00 3.0000e-01 4.9548e+01 5.7530e+00 1.3500e-01 7.6000e+00 1.0000e+01 1.2000e+00 2.7101e+01 6.4680e+00 8.5000e-02 7.7000e+00 1.1500e+01 8.0000e-01 3.3174e+01
7.0090e+00 5.8000e-02 7.7000e+00 1.3300e+01 5.0000e-01 3.0600e+01 6.0910e+00 2.9000e-02 8.0000e+00 1.6200e+01 1.6000e+00 3.0600e+01 5.7530e+00 1.3500e-01 7.6000e+00 1.0000e+01 1.2000e+00 2.7101e+01 6.4680e+00 8.5000e-02 7.7000e+00 1.1500e+01 8.0000e-01 3.3174e+01 6.8020e+00 8.3000e-02 7.6000e+00 1.2700e+01 1.0000e+00 3.1535e+01
6.7110e+00 2.3000e-02 8.4000e+00 1.8000e+01 9.0000e-01 2.9566e+01 6.3270e+00 1.4000e-02 7.9000e+00 1.4300e+01 1.3000e+00 4.9260e+01 6.8020e+00 8.3000e-02 7.6000e+00 1.2700e+01 1.0000e+00 3.1535e+01 4.4400e+00 5.1000e-02 7.8000e+00 1.0400e+01 1.9000e+00 4.9548e+01 7.5430e+00 7.9000e-02 7.7000e+00 1.2400e+01 1.0000e-01 4.7500e+01
5.7190e+00 1.5000e-02 8.2000e+00 1.9200e+01 1.9000e+00 3.5805e+01 5.6500e+00 1.9000e-02 7.7000e+00 1.5600e+01 1.0000e+00 3.9188e+01 4.4400e+00 5.1000e-02 7.8000e+00 1.0400e+01 1.9000e+00 4.9548e+01 7.5430e+00 7.9000e-02 7.7000e+00 1.2400e+01 1.0000e-01 4.7500e+01 6.7780e+00 9.3000e-02 9.1000e+00 1.7700e+01 1.9000e+00 6.4599e+01
5.6670e+00 1.8000e-02 8.5000e+00 1.9200e+01 7.0000e-01 4.3435e+01 5.7860e+00 5.6000e-02 8.3000e+00 1.4300e+01 1.1000e+00 4.5571e+01 7.5430e+00 7.9000e-02 7.7000e+00 1.2400e+01 1.0000e-01 4.7500e+01 6.7780e+00 9.3000e-02 9.1000e+00 1.7700e+01 1.9000e+00 6.4599e+01 6.4640e+00 8.9000e-02 9.2000e+00 1.9000e+01 1.0000e+00 5.2155e+01
5.7870e+00 9.0000e-03 8.1000e+00 2.1800e+01 8.0000e-01 5.0366e+01 5.8930e+00 8.1000e-02 8.4000e+00 1.4500e+01 1.6000e+00 6.0182e+01 6.7780e+00 9.3000e-02 9.1000e+00 1.7700e+01 1.9000e+00 6.4599e+01 6.4640e+00 8.9000e-02 9.2000e+00 1.9000e+01 1.0000e+00 5.2155e+01 6.2770e+00 1.0500e-01 8.3000e+00 1.3300e+01 1.0000e+00 5.6132e+01
4.6240e+00 1.9000e-02 8.9000e+00 2.0300e+01 9.0000e-01 4.0344e+01 6.2960e+00 5.6000e-02 8.2000e+00 1.2200e+01 6.0000e-01 4.1699e+01 6.4640e+00 8.9000e-02 9.2000e+00 1.9000e+01 1.0000e+00 5.2155e+01 6.2770e+00 1.0500e-01 8.3000e+00 1.3300e+01 1.0000e+00 5.6132e+01 3.7330e+00 1.7100e-01 7.4000e+00 3.6000e+00 1.7000e+00 4.6389e+01
5.4770e+00 9.1000e-02 7.5000e+00 8.4000e+00 3.0000e-01 1.4811e+01 4.9830e+00 1.1200e-01 7.3000e+00 7.8000e+00 4.0000e-01 2.1611e+01 6.2770e+00 1.0500e-01 8.3000e+00 1.3300e+01 1.0000e+00 5.6132e+01 3.7330e+00 1.7100e-01 7.4000e+00 3.6000e+00 1.7000e+00 4.6389e+01 5.0730e+00 3.4000e-02 8.3000e+00 1.1900e+01 5.0000e-01 4.7500e+01
5.0500e+00 9.1000e-02 7.6000e+00 8.2000e+00 1.0000e-01 1.4811e+01 5.7640e+00 5.5000e-02 8.1000e+00 1.2000e+01 2.0000e-01 4.8012e+01 3.7330e+00 1.7100e-01 7.4000e+00 3.6000e+00 1.7000e+00 4.6389e+01 5.0730e+00 3.4000e-02 8.3000e+00 1.1900e+01 5.0000e-01 4.7500e+01 4.6430e+00 1.3100e-01 7.4000e+00 6.7000e+00 3.0000e-01 2.3800e+01
5.7600e+00 7.5000e-02 8.3000e+00 1.3000e+01 1.1000e+00 4.2011e+01 5.8030e+00 1.2400e-01 7.7000e+00 8.4000e+00 3.0000e-01 4.9548e+01 5.0730e+00 3.4000e-02 8.3000e+00 1.1900e+01 5.0000e-01 4.7500e+01 4.6430e+00 1.3100e-01 7.4000e+00 6.7000e+00 3.0000e-01 2.3800e+01 5.4040e+00 9.8000e-02 8.0000e+00 1.2100e+01 4.0000e-01 3.3901e+01
5.9380e+00 2.9000e-02 8.3000e+00 1.3400e+01 8.0000e-01 3.8771e+01 5.7530e+00 1.3500e-01 7.6000e+00 1.0000e+01 1.2000e+00 2.7101e+01 4.6430e+00 1.3100e-01 7.4000e+00 6.7000e+00 3.0000e-01 2.3800e+01 5.4040e+00 9.8000e-02 8.0000e+00 1.2100e+01 4.0000e-01 3.3901e+01 5.8850e+00 7.0000e-02 7.7000e+00 1.1900e+01 2.0000e-01 4.9548e+01
6.1430e+00 2.8000e-02 7.5000e+00 1.0700e+01 2.6000e+00 3.5211e+01 6.4680e+00 8.5000e-02 7.7000e+00 1.1500e+01 8.0000e-01 3.3174e+01 5.4040e+00 9.8000e-02 8.0000e+00 1.2100e+01 4.0000e-01 3.3901e+01 5.8850e+00 7.0000e-02 7.7000e+00 1.1900e+01 2.0000e-01 4.9548e+01 6.2050e+00 2.9000e-02 7.9000e+00 1.4300e+01 2.0000e-01 3.2389e+01
6.0910e+00 2.9000e-02 8.0000e+00 1.6200e+01 1.6000e+00 3.0600e+01 6.8020e+00 8.3000e-02 7.6000e+00 1.2700e+01 1.0000e+00 3.1535e+01 5.8850e+00 7.0000e-02 7.7000e+00 1.1900e+01 2.0000e-01 4.9548e+01 6.2050e+00 2.9000e-02 7.9000e+00 1.4300e+01 2.0000e-01 3.2389e+01 6.4410e+00 5.3000e-02 7.9000e+00 1.2600e+01 6.0000e-01 2.5589e+01
6.2960e+00 2.1000e-02 8.0000e+00 1.3700e+01 1.2000e+00 4.2890e+01 4.4400e+00 5.1000e-02 7.8000e+00 1.0400e+01 1.9000e+00 4.9548e+01 6.2050e+00 2.9000e-02 7.9000e+00 1.4300e+01 2.0000e-01 3.2389e+01 6.4410e+00 5.3000e-02 7.9000e+00 1.2600e+01 6.0000e-01 2.5589e+01 6.5230e+00 5.4000e-02 7.5000e+00 1.1900e+01 8.0000e-01 2.1611e+01
6.3270e+00 1.4000e-02 7.9000e+00 1.4300e+01 1.3000e+00 4.9260e+01 7.5430e+00 7.9000e-02 7.7000e+00 1.2400e+01 1.0000e-01 4.7500e+01 6.4410e+00 5.3000e-02 7.9000e+00 1.2600e+01 6.0000e-01 2.5589e+01 6.5230e+00 5.4000e-02 7.5000e+00 1.1900e+01 8.0000e-01 2.1611e+01 6.0950e+00 1.5000e-02 7.9000e+00 1.2700e+01 4.0000e-01 4.1699e+01
5.6500e+00 1.9000e-02 7.7000e+00 1.5600e+01 1.0000e+00 3.9188e+01 6.7780e+00 9.3000e-02 9.1000e+00 1.7700e+01 1.9000e+00 6.4599e+01 6.5230e+00 5.4000e-02 7.5000e+00 1.1900e+01 8.0000e-01 2.1611e+01 6.0950e+00 1.5000e-02 7.9000e+00 1.2700e+01 4.0000e-01 4.1699e+01 6.0690e+00 3.7000e-02 7.4000e+00 1.2600e+01 1.2000e+00 4.4442e+01
5.7860e+00 5.6000e-02 8.3000e+00 1.4300e+01 1.1000e+00 4.5571e+01 6.4640e+00 8.9000e-02 9.2000e+00 1.9000e+01 1.0000e+00 5.2155e+01 6.0950e+00 1.5000e-02 7.9000e+00 1.2700e+01 4.0000e-01 4.1699e+01 6.0690e+00 3.7000e-02 7.4000e+00 1.2600e+01 1.2000e+00 4.4442e+01 6.5460e+00 9.4000e-02 7.4000e+00 9.8000e+00 1.8000e+00 3.6366e+01
7.1240e+00 5.0000e-02 7.5000e+00 1.4100e+01 4.0000e-01 4.1377e+01 6.2960e+00 2.1000e-02 8.0000e+00 1.3700e+01 1.2000e+00 4.2890e+01 6.4680e+00 8.5000e-02 7.7000e+00 1.1500e+01 8.0000e-01 3.3174e+01 6.8020e+00 8.3000e-02 7.6000e+00 1.2700e+01 1.0000e+00 3.1535e+01 4.4400e+00 5.1000e-02 7.8000e+00 1.0400e+01 1.9000e+00 4.9548e+01
