1.4064e+01 2.5000e-01 7.9000e+00 1.2500e+01 3.3000e+00 4.4909e+01 9.4080e+00 6.2400e-01 7.6000e+00 1.2200e+01 3.8000e+00 3.9188e+01 5.8800e+00 1.7800e-01 7.9000e+00 1.1400e+01 1.6000e+00 3.8335e+01 9.3600e+00 2.6400e-01 8.6000e+00 1.2800e+01 2.3000e+00 4.9405e+01 1.0104e+01 1.1500e-01 8.1000e+00 1.5700e+01 2.7000e+00 3.8335e+01
1.6896e+01 7.7000e-02 8.1000e+00 1.2100e+01 2.9000e+00 4.9548e+01 1.2420e+01 5.1800e-01 7.9000e+00 1.2800e+01 5.5000e+00 4.2605e+01 9.3600e+00 2.6400e-01 8.6000e+00 1.2800e+01 2.3000e+00 4.9405e+01 1.0104e+01 1.1500e-01 8.1000e+00 1.5700e+01 2.7000e+00 3.8335e+01 9.3840e+00 9.1000e-02 8.1000e+00 1.2900e+01 2.7000e+00 4.1377e+01
1.3392e+01 1.3000e-01 7.7000e+00 9.8000e+00 4.5000e+00 2.3800e+01 1.5408e+01 4.0300e-01 7.6000e+00 1.2400e+01 3.5000e+00 4.8339e+01 1.0104e+01 1.1500e-01 8.1000e+00 1.5700e+01 2.7000e+00 3.8335e+01 9.3840e+00 9.1000e-02 8.1000e+00 1.2900e+01 2.7000e+00 4.1377e+01 8.0280e+00 2.9000e-02 8.0000e+00 1.4100e+01 3.4000e+00 5.0876e+01
1.1520e+01 1.0600e-01 8.0000e+00 1.0800e+01 2.8000e+00 3.7878e+01 8.4240e+00 2.7800e-01 7.6000e+00 1.1700e+01 5.8000e+00 5.1242e+01 9.3840e+00 9.1000e-02 8.1000e+00 1.2900e+01 2.7000e+00 4.1377e+01 8.0280e+00 2.9000e-02 8.0000e+00 1.4100e+01 3.4000e+00 5.0876e+01 8.6400e+00 5.8000e-02 8.1000e+00 9.0000e+00 5.8000e+00 5.5837e+01
5.9040e+00 2.2600e-01 8.2000e+00 8.9000e+00 3.1000e+00 3.3901e+01 5.7600e+00 1.6800e-01 7.4000e+00 7.4000e+00 5.2000e+00 4.8499e+01 8.0280e+00 2.9000e-02 8.0000e+00 1.4100e+01 3.4000e+00 5.0876e+01 8.6400e+00 5.8000e-02 8.1000e+00 9.0000e+00 5.8000e+00 5.5837e+01 9.1080e+00 8.6000e-02 7.8000e+00 1.4300e+01 5.0000e+00 4.7845e+01
5.9040e+00 4.3700e-01 8.2000e+00 7.5000e+00 5.3000e+00 2.7101e+01 7.0080e+00 3.9400e-01 8.5000e+00 1.1600e+01 4.7000e+00 4.6583e+01 8.6400e+00 5.8000e-02 8.1000e+00 9.0000e+00 5.8000e+00 5.5837e+01 9.1080e+00 8.6000e-02 7.8000e+00 1.4300e+01 5.0000e+00 4.7845e+01 5.7840e+00 8.2000e-02 7.1000e+00 8.3000e+00 4.0000e+00 4.5988e+01
4.7040e+00 2.3500e-01 7.6000e+00 9.0000e+00 2.9000e+00 4.4442e+01 5.0040e+00 2.2100e-01 7.7000e+00 8.9000e+00 2.1000e+00 4.9689e+01 9.1080e+00 8.6000e-02 7.8000e+00 1.4300e+01 5.0000e+00 4.7845e+01 5.7840e+00 8.2000e-02 7.1000e+00 8.3000e+00 4.0000e+00 4.5988e+01 4.8720e+00 1.1500e-01 7.6000e+00 9.4000e+00 1.8000e+00 3.3901e+01
4.2720e+00 1.5400e-01 7.8000e+00 7.3000e+00 4.5000e+00 3.9974e+01 4.6800e+00 2.7800e-01 8.6000e+00 1.3900e+01 3.2000e+00 6.0513e+01 5.7840e+00 8.2000e-02 7.1000e+00 8.3000e+00 4.0000e+00 4.5988e+01 4.8720e+00 1.1500e-01 7.6000e+00 9.4000e+00 1.8000e+00 3.3901e+01 4.7760e+00 9.1000e-02 7.9000e+00 1.1000e+01 3.1000e+00 5.0101e+01
4.4400e+00 3.3100e-01 8.3000e+00 1.0300e+01 2.1000e+00 5.9063e+01 4.2240e+00 5.8000e-02 7.7000e+00 8.3000e+00 2.2000e+00 4.1699e+01 4.8720e+00 1.1500e-01 7.6000e+00 9.4000e+00 1.8000e+00 3.3901e+01 4.7760e+00 9.1000e-02 7.9000e+00 1.1000e+01 3.1000e+00 5.0101e+01 5.6760e+00 5.8000e-02 7.8000e+00 1.4800e+01 1.8000e+00 4.1699e+01
4.5240e+00 1.2500e-01 8.0000e+00 1.1200e+01 2.4000e+00 4.0701e+01 7.1520e+00 3.4100e-01 8.2000e+00 1.3000e+01 1.7000e+00 5.4895e+01 4.7760e+00 9.1000e-02 7.9000e+00 1.1000e+01 3.1000e+00 5.0101e+01 5.6760e+00 5.8000e-02 7.8000e+00 1.4800e+01 1.8000e+00 4.1699e+01 7.1280e+00 5.3000e-02 7.6000e+00 1.1600e+01 9.0000e-01 4.2312e+01
7.8480e+00 7.8480e+00 8.2000e+00 1.0900e+01 2.3000e+00 2.3800e+01 5.8800e+00 1.7800e-01 7.9000e+00 1.1400e+01 1.6000e+00 3.8335e+01 5.6760e+00 5.8000e-02 7.8000e+00 1.4800e+01 1.8000e+00 4.1699e+01 7.1280e+00 5.3000e-02 7.6000e+00 1.1600e+01 9.0000e-01 4.2312e+01 8.0640e+00 5.8000e-02 7.3000e+00 1.2200e+01 2.2000e+00 4.8810e+01
8.8540e+00 5.1400e-01 8.3000e+00 1.1800e+01 3.2000e+00 3.3901e+01 9.3600e+00 2.6400e-01 8.6000e+00 1.2800e+01 2.3000e+00 4.9405e+01 7.1280e+00 5.3000e-02 7.6000e+00 1.1600e+01 9.0000e-01 4.2312e+01 8.0640e+00 5.8000e-02 7.3000e+00 1.2200e+01 2.2000e+00 4.8810e+01 9.9480e+00 5.3000e-02 8.0000e+00 1.1600e+01 2.2000e+00 4.2605e+01
9.4080e+00 6.2400e-01 7.6000e+00 1.2200e+01 3.8000e+00 3.9188e+01 1.0104e+01 1.1500e-01 8.1000e+00 1.5700e+01 2.7000e+00 3.8335e+01 8.0640e+00 5.8000e-02 7.3000e+00 1.2200e+01 2.2000e+00 4.8810e+01 9.9480e+00 5.3000e-02 8.0000e+00 1.1600e+01 2.2000e+00 4.2605e+01 1.0056e+01 7.2000e-02 8.0000e+00 1.3100e+01 2.9000e+00 4.5355e+01
1.2420e+01 5.1800e-01 7.9000e+00 1.2800e+01 5.5000e+00 4.2605e+01 9.3840e+00 9.1000e-02 8.1000e+00 1.2900e+01 2.7000e+00 4.1377e+01 9.9480e+00 5.3000e-02 8.0000e+00 1.1600e+01 2.2000e+00 4.2605e+01 1.0056e+01 7.2000e-02 8.0000e+00 1.3100e+01 2.9000e+00 4.5355e+01 1.0488e+01 5.8000e-02 8.0000e+00 1.2000e+01 6.1000e+00 3.9188e+01
1.5408e+01 4.0300e-01 7.6000e+00 1.2400e+01 3.5000e+00 4.8339e+01 8.0280e+00 2.9000e-02 8.0000e+00 1.4100e+01 3.4000e+00 5.0876e+01 1.0056e+01 7.2000e-02 8.0000e+00 1.3100e+01 2.9000e+00 4.5355e+01 1.0488e+01 5.8000e-02 8.0000e+00 1.2000e+01 6.1000e+00 3.9188e+01 1.1160e+01 1.1500e-01 7.8000e+00 1.1100e+01 3.7000e+00 4.7845e+01
8.4240e+00 2.7800e-01 7.6000e+00 1.1700e+01 5.8000e+00 5.1242e+01 8.6400e+00 5.8000e-02 8.1000e+00 9.0000e+00 5.8000e+00 5.5837e+01 1.0488e+01 5.8000e-02 8.0000e+00 1.2000e+01 6.1000e+00 3.9188e+01 1.1160e+01 1.1500e-01 7.8000e+00 1.1100e+01 3.7000e+00 4.7845e+01 9.1840e+00 5.3000e-02 7.8000e+00 1.3400e+01 3.8000e+00 5.2476e+01
5.7600e+00 1.6800e-01 7.4000e+00 7.4000e+00 5.2000e+00 4.8499e+01 9.1080e+00 8.6000e-02 7.8000e+00 1.4300e+01 5.0000e+00 4.7845e+01 1.1160e+01 1.1500e-01 7.8000e+00 1.1100e+01 3.7000e+00 4.7845e+01 9.1840e+00 5.3000e-02 7.8000e+00 1.3400e+01 3.8000e+00 5.2476e+01 6.9840e+00 5.0000e-02 7.9000e+00 1.1500e+01 3.2000e+00 4.4200e+01
7.0080e+00 3.9400e-01 8.5000e+00 1.1600e+01 4.7000e+00 4.6583e+01 5.7840e+00 8.2000e-02 7.1000e+00 8.3000e+00 4.0000e+00 4.5988e+01 9.1840e+00 5.3000e-02 7.8000e+00 1.3400e+01 3.8000e+00 5.2476e+01 6.9840e+00 5.0000e-02 7.9000e+00 1.1500e+01 3.2000e+00 4.4200e+01 6.2450e+00 7.3000e-02 8.2000e+00 1.1700e+01 1.6000e+00 4.8810e+01
5.0040e+00 2.2100e-01 7.7000e+00 8.9000e+00 2.1000e+00 4.9689e+01 4.8720e+00 1.1500e-01 7.6000e+00 9.4000e+00 1.8000e+00 3.3901e+01 6.9840e+00 5.0000e-02 7.9000e+00 1.1500e+01 3.2000e+00 4.4200e+01 6.2450e+00 7.3000e-02 8.2000e+00 1.1700e+01 1.6000e+00 4.8810e+01 5.3600e+00 7.0000e-02 7.8000e+00 8.5000e+00 2.4000e+00 5.9117e+01
4.6800e+00 2.7800e-01 8.6000e+00 1.3900e+01 3.2000e+00 6.0513e+01 4.7760e+00 9.1000e-02 7.9000e+00 1.1000e+01 3.1000e+00 5.0101e+01 6.2450e+00 7.3000e-02 8.2000e+00 1.1700e+01 1.6000e+00 4.8810e+01 5.3600e+00 7.0000e-02 7.8000e+00 8.5000e+00 2.4000e+00 5.9117e+01 4.4570e+00 8.2000e-02 7.6000e+00 1.0100e+01 1.4000e+00 4.3435e+01
4.2240e+00 5.8000e-02 7.7000e+00 8.3000e+00 2.2000e+00 4.1699e+01 5.6760e+00 5.8000e-02 7.8000e+00 1.4800e+01 1.8000e+00 4.1699e+01 5.3600e+00 7.0000e-02 7.8000e+00 8.5000e+00 2.4000e+00 5.9117e+01 4.4570e+00 8.2000e-02 7.6000e+00 1.0100e+01 1.4000e+00 4.3435e+01 6.2210e+00 6.2000e-02 8.2000e+00 6.5000e+00 2.5000e+00 5.6697e+01
7.1520e+00 3.4100e-01 8.2000e+00 1.3000e+01 1.7000e+00 5.4895e+01 7.1280e+00 5.3000e-02 7.6000e+00 1.1600e+01 9.0000e-01 4.2312e+01 4.4570e+00 8.2000e-02 7.6000e+00 1.0100e+01 1.4000e+00 4.3435e+01 6.2210e+00 6.2000e-02 8.2000e+00 6.5000e+00 2.5000e+00 5.6697e+01 7.9560e+00 1.2100e-01 7.8000e+00 1.2600e+01 1.4000e+00 4.5782e+01
5.8800e+00 1.7800e-01 7.9000e+00 1.1400e+01 1.6000e+00 3.8335e+01 8.0640e+00 5.8000e-02 7.3000e+00 1.2200e+01 2.2000e+00 4.8810e+01 6.2210e+00 6.2000e-02 8.2000e+00 6.5000e+00 2.5000e+00 5.6697e+01 7.9560e+00 1.2100e-01 7.8000e+00 1.2600e+01 1.4000e+00 4.5782e+01 7.7100e+00 8.1000e-02 7.8000e+00 1.6700e+01 1.1000e+00 4.5135e+01
9.3600e+00 2.6400e-01 8.6000e+00 1.2800e+01 2.3000e+00 4.9405e+01 9.9480e+00 5.3000e-02 8.0000e+00 1.1600e+01 2.2000e+00 4.2605e+01 7.9560e+00 1.2100e-01 7.8000e+00 1.2600e+01 1.4000e+00 4.5782e+01 7.7100e+00 8.1000e-02 7.8000e+00 1.6700e+01 1.1000e+00 4.5135e+01 9.0760e+00 6.3000e-02 7.9000e+00 7.3000e+00 9.0000e-01 5.4895e+01
1.0104e+01 1.1500e-01 8.1000e+00 1.5700e+01 2.7000e+00 3.8335e+01 1.0056e+01 7.2000e-02 8.0000e+00 1.3100e+01 2.9000e+00 4.5355e+01 7.7100e+00 8.1000e-02 7.8000e+00 1.6700e+01 1.1000e+00 4.5135e+01 9.0760e+00 6.3000e-02 7.9000e+00 7.3000e+00 9.0000e-01 5.4895e+01 9.0850e+00 5.7000e-02 8.2000e+00 1.3400e+01 1.6000e+00 4.5988e+01
9.3840e+00 9.1000e-02 8.1000e+00 1.2900e+01 2.7000e+00 4.1377e+01 1.0488e+01 5.8000e-02 8.0000e+00 1.2000e+01 6.1000e+00 3.9188e+01 9.0760e+00 6.3000e-02 7.9000e+00 7.3000e+00 9.0000e-01 5.4895e+01 9.0850e+00 5.7000e-02 8.2000e+00 1.3400e+01 1.6000e+00 4.5988e+01 8.5060e+00 5.4000e-02 7.9000e+00 1.5900e+01 3.2000e+00 5.1934e+01
8.0280e+00 2.9000e-02 8.0000e+00 1.4100e+01 3.4000e+00 5.0876e+01 1.1160e+01 1.1500e-01 7.8000e+00 1.1100e+01 3.7000e+00 4.7845e+01 9.0850e+00 5.7000e-02 8.2000e+00 1.3400e+01 1.6000e+00 4.5988e+01 8.5060e+00 5.4000e-02 7.9000e+00 1.5900e+01 3.2000e+00 5.1934e+01 7.7950e+00 3.5000e-02 8.2000e+00 1.3200e+01 1.1000e+00 1.8789e+01
8.6400e+00 5.8000e-02 8.1000e+00 9.0000e+00 5.8000e+00 5.5837e+01 9.1840e+00 5.3000e-02 7.8000e+00 1.3400e+01 3.8000e+00 5.2476e+01 8.5060e+00 5.4000e-02 7.9000e+00 1.5900e+01 3.2000e+00 5.1934e+01 7.7950e+00 3.5000e-02 8.2000e+00 1.3200e+01 1.1000e+00 1.8789e+01 5.5130e+00 3.5000e-02 7.8000e+00 1.1500e+01 5.0000e+00 5.0876e+01
9.1080e+00 8.6000e-02 7.8000e+00 1.4300e+01 5.0000e+00 4.7845e+01 6.9840e+00 5.0000e-02 7.9000e+00 1.1500e+01 3.2000e+00 4.4200e+01 7.7950e+00 3.5000e-02 8.2000e+00 1.3200e+01 1.1000e+00 1.8789e+01 5.5130e+00 3.5000e-02 7.8000e+00 1.1500e+01 5.0000e+00 5.0876e+01 5.9080e+00 6.8000e-02 8.0000e+00 1.4200e+01 1.6000e+00 4.9405e+01
5.7840e+00 8.2000e-02 7.1000e+00 8.3000e+00 4.0000e+00 4.5988e+01 6.2450e+00 7.3000e-02 8.2000e+00 1.1700e+01 1.6000e+00 4.8810e+01 5.5130e+00 3.5000e-02 7.8000e+00 1.1500e+01 5.0000e+00 5.0876e+01 5.9080e+00 6.8000e-02 8.0000e+00 1.4200e+01 1.6000e+00 4.9405e+01 4.9130e+00 3.1000e-02 8.2000e+00 1.4200e+01 1.2000e+00 5.2990e+01
4.8720e+00 1.1500e-01 7.6000e+00 9.4000e+00 1.8000e+00 3.3901e+01 5.3600e+00 7.0000e-02 7.8000e+00 8.5000e+00 2.4000e+00 5.9117e+01 5.9080e+00 6.8000e-02 8.0000e+00 1.4200e+01 1.6000e+00 4.9405e+01 4.9130e+00 3.1000e-02 8.2000e+00 1.4200e+01 1.2000e+00 5.2990e+01 6.2640e+00 2.7000e-02 8.4000e+00 1.3000e+01 9.0000e-01 5.3478e+01
4.7760e+00 9.1000e-02 7.9000e+00 1.1000e+01 3.1000e+00 5.0101e+01 4.4570e+00 8.2000e-02 7.6000e+00 1.0100e+01 1.4000e+00 4.3435e+01 4.9130e+00 3.1000e-02 8.2000e+00 1.4200e+01 1.2000e+00 5.2990e+01 6.2640e+00 2.7000e-02 8.4000e+00 1.3000e+01 9.0000e-01 5.3478e+01 4.7740e+00 5.8000e-02 8.1000e+00 1.2200e+01 5.0000e-01 4.9689e+01
5.6760e+00 5.8000e-02 7.8000e+00 1.4800e+01 1.8000e+00 4.1699e+01 6.2210e+00 6.2000e-02 8.2000e+00 6.5000e+00 2.5000e+00 5.6697e+01 6.2640e+00 2.7000e-02 8.4000e+00 1.3000e+01 9.0000e-01 5.3478e+01 4.7740e+00 5.8000e-02 8.1000e+00 1.2200e+01 5.0000e-01 4.9689e+01 6.1820e+00 4.2000e-02 8.1000e+00 1.4600e+01 1.1000e+00 5.4034e+01
7.1280e+00 5.3000e-02 7.6000e+00 1.1600e+01 9.0000e-01 4.2312e+01 7.9560e+00 1.2100e-01 7.8000e+00 1.2600e+01 1.4000e+00 4.5782e+01 4.7740e+00 5.8000e-02 8.1000e+00 1.2200e+01 5.0000e-01 4.9689e+01 6.1820e+00 4.2000e-02 8.1000e+00 1.4600e+01 1.1000e+00 5.4034e+01 6.5660e+00 1.7000e-02 7.4000e+00 1.2200e+01 1.7000e+00 4.9689e+01
8.0640e+00 5.8000e-02 7.3000e+00 1.2200e+01 2.2000e+00 4.8810e+01 7.7100e+00 8.1000e-02 7.8000e+00 1.6700e+01 1.1000e+00 4.5135e+01 6.1820e+00 4.2000e-02 8.1000e+00 1.4600e+01 1.1000e+00 5.4034e+01 6.5660e+00 1.7000e-02 7.4000e+00 1.2200e+01 1.7000e+00 4.9689e+01 7.5260e+00 2.7000e-02 7.9000e+00 1.4900e+01 1.0000e+00 4.4442e+01
9.9480e+00 5.3000e-02 8.0000e+00 1.1600e+01 2.2000e+00 4.2605e+01 9.0760e+00 6.3000e-02 7.9000e+00 7.3000e+00 9.0000e-01 5.4895e+01 6.5660e+00 1.7000e-02 7.4000e+00 1.2200e+01 1.7000e+00 4.9689e+01 7.5260e+00 2.7000e-02 7.9000e+00 1.4900e+01 1.0000e+00 4.4442e+01 8.7240e+00 1.9300e-01 7.2000e+00 1.1700e+01 1.2000e+00 2.9566e+01
1.0056e+01 7.2000e-02 8.0000e+00 1.3100e+01 2.9000e+00 4.5355e+01 9.0850e+00 5.7000e-02 8.2000e+00 1.3400e+01 1.6000e+00 4.5988e+01 7.5260e+00 2.7000e-02 7.9000e+00 1.4900e+01 1.0000e+00 4.4442e+01 8.7240e+00 1.9300e-01 7.2000e+00 1.1700e+01 1.2000e+00 2.9566e+01 8.5770e+00 6.5000e-02 7.5000e+00 1.2400e+01 2.0000e+00 4.2011e+01
1.0488e+01 5.8000e-02 8.0000e+00 1.2000e+01 6.1000e+00 3.9188e+01 8.5060e+00 5.4000e-02 7.9000e+00 1.5900e+01 3.2000e+00 5.1934e+01 8.7240e+00 1.9300e-01 7.2000e+00 1.1700e+01 1.2000e+00 2.9566e+01 8.5770e+00 6.5000e-02 7.5000e+00 1.2400e+01 2.0000e+00 4.2011e+01 7.7370e+00 4.6000e-02 7.7000e+00 1.3100e+01 2.3000e+00 3.0600e+01
1.1160e+01 1.1500e-01 7.8000e+00 1.1100e+01 3.7000e+00 4.7845e+01 7.7950e+00 3.5000e-02 8.2000e+00 1.3200e+01 1.1000e+00 1.8789e+01 8.5770e+00 6.5000e-02 7.5000e+00 1.2400e+01 2.0000e+00 4.2011e+01 7.7370e+00 4.6000e-02 7.7000e+00 1.3100e+01 2.3000e+00 3.0600e+01 5.9930e+00 5.5000e-02 7.6000e+00 1.2000e+01 1.4000e+00 3.1535e+01
9.1840e+00 5.3000e-02 7.8000e+00 1.3400e+01 3.8000e+00 5.2476e+01 5.5130e+00 3.5000e-02 7.8000e+00 1.1500e+01 5.0000e+00 5.0876e+01 7.7370e+00 4.6000e-02 7.7000e+00 1.3100e+01 2.3000e+00 3.0600e+01 5.9930e+00 5.5000e-02 7.6000e+00 1.2000e+01 1.4000e+00 3.1535e+01 7.4250e+00 6.6000e-02 7.7000e+00 1.1000e+01 1.9000e+00 6.0182e+01
6.9840e+00 5.0000e-02 7.9000e+00 1.1500e+01 3.2000e+00 4.4200e+01 5.9080e+00 6.8000e-02 8.0000e+00 1.4200e+01 1.6000e+00 4.9405e+01 5.9930e+00 5.5000e-02 7.6000e+00 1.2000e+01 1.4000e+00 3.1535e+01 7.4250e+00 6.6000e-02 7.7000e+00 1.1000e+01 1.9000e+00 6.0182e+01 4.9870e+00 4.1000e-02 7.7000e+00 1.0100e+01 1.1000e+00 5.5986e+01
6.2450e+00 7.3000e-02 8.2000e+00 1.1700e+01 1.6000e+00 4.8810e+01 4.9130e+00 3.1000e-02 8.2000e+00 1.4200e+01 1.2000e+00 5.2990e+01 7.4250e+00 6.6000e-02 7.7000e+00 1.1000e+01 1.9000e+00 6.0182e+01 4.9870e+00 4.1000e-02 7.7000e+00 1.0100e+01 1.1000e+00 5.5986e+01 7.1270e+00 2.3000e-02 8.0000e+00 1.1300e+01 1.4000e+00 6.3393e+01
5.3600e+00 7.0000e-02 7.8000e+00 8.5000e+00 2.4000e+00 5.9117e+01 6.2640e+00 2.7000e-02 8.4000e+00 1.3000e+01 9.0000e-01 5.3478e+01 4.9870e+00 4.1000e-02 7.7000e+00 1.0100e+01 1.1000e+00 5.5986e+01 7.1270e+00 2.3000e-02 8.0000e+00 1.1300e+01 1.4000e+00 6.3393e+01 5.7910e+00 8.3000e-02 7.7000e+00 1.0900e+01 1.0000e+00 4.0344e+01
4.4570e+00 8.2000e-02 7.6000e+00 1.0100e+01 1.4000e+00 4.3435e+01 4.7740e+00 5.8000e-02 8.1000e+00 1.2200e+01 5.0000e-01 4.9689e+01 7.1270e+00 2.3000e-02 8.0000e+00 1.1300e+01 1.4000e+00 6.3393e+01 5.7910e+00 8.3000e-02 7.7000e+00 1.0900e+01 1.0000e+00 4.0344e+01 5.6140e+00 7.0000e-02 7.6000e+00 1.1200e+01 1.3000e+00 5.7231e+01
6.2210e+00 6.2000e-02 8.2000e+00 6.5000e+00 2.5000e+00 5.6697e+01 6.1820e+00 4.2000e-02 8.1000e+00 1.4600e+01 1.1000e+00 5.4034e+01 5.7910e+00 8.3000e-02 7.7000e+00 1.0900e+01 1.0000e+00 4.0344e+01 5.6140e+00 7.0000e-02 7.6000e+00 1.1200e+01 1.3000e+00 5.7231e+01 5.8760e+00 5.5000e-02 7.8000e+00 9.8000e+00 1.5000e+00 5.9329e+01
7.9560e+00 1.2100e-01 7.8000e+00 1.2600e+01 1.4000e+00 4.5782e+01 6.5660e+00 1.7000e-02 7.4000e+00 1.2200e+01 1.7000e+00 4.9689e+01 5.6140e+00 7.0000e-02 7.6000e+00 1.1200e+01 1.3000e+00 5.7231e+01 5.8760e+00 5.5000e-02 7.8000e+00 9.8000e+00 1.5000e+00 5.9329e+01 5.3670e+00 3.5000e-02 7.2000e+00 9.3000e+00 8.0000e-01 4.2605e+01
7.7100e+00 8.1000e-02 7.8000e+00 1.6700e+01 1.1000e+00 4.5135e+01 7.5260e+00 2.7000e-02 7.9000e+00 1.4900e+01 1.0000e+00 4.4442e+01 5.8760e+00 5.5000e-02 7.8000e+00 9.8000e+00 1.5000e+00 5.9329e+01 5.3670e+00 3.5000e-02 7.2000e+00 9.3000e+00 8.0000e-01 4.2605e+01 9.3850e+00 6.9000e-02 7.7000e+00 1.3100e+01 1.1000e+00 5.4977e+01
9.0760e+00 6.3000e-02 7.9000e+00 7.3000e+00 9.0000e-01 5.4895e+01 8.7240e+00 1.9300e-01 7.2000e+00 1.1700e+01 1.2000e+00 2.9566e+01 5.3670e+00 3.5000e-02 7.2000e+00 9.3000e+00 8.0000e-01 4.2605e+01 9.3850e+00 6.9000e-02 7.7000e+00 1.3100e+01 1.1000e+00 5.4977e+01 9.9750e+00 5.8000e-02 7.9000e+00 1.4400e+01 1.0000e+00 5.3286e+01
9.0850e+00 5.7000e-02 8.2000e+00 1.3400e+01 1.6000e+00 4.5988e+01 8.5770e+00 6.5000e-02 7.5000e+00 1.2400e+01 2.0000e+00 4.2011e+01 9.3850e+00 6.9000e-02 7.7000e+00 1.3100e+01 1.1000e+00 5.4977e+01 9.9750e+00 5.8000e-02 7.9000e+00 1.4400e+01 1.0000e+00 5.3286e+01 8.4890e+00 5.7000e-02 7.8000e+00 1.1800e+01 2.0000e+00 4.5355e+01
8.5060e+00 5.4000e-02 7.9000e+00 1.5900e+01 3.2000e+00 5.1934e+01 7.7370e+00 4.6000e-02 7.7000e+00 1.3100e+01 2.3000e+00 3.0600e+01 9.9750e+00 5.8000e-02 7.9000e+00 1.4400e+01 1.0000e+00 5.3286e+01 8.4890e+00 5.7000e-02 7.8000e+00 1.1800e+01 2.0000e+00 4.5355e+01 1.1289e+01 1.7000e-02 7.5000e+00 1.3800e+01 2.9000e+00 5.3383e+01
7.7950e+00 3.5000e-02 8.2000e+00 1.3200e+01 1.1000e+00 1.8789e+01 5.9930e+00 5.5000e-02 7.6000e+00 1.2000e+01 1.4000e+00 3.1535e+01 8.4890e+00 5.7000e-02 7.8000e+00 1.1800e+01 2.0000e+00 4.5355e+01 1.1289e+01 1.7000e-02 7.5000e+00 1.3800e+01 2.9000e+00 5.3383e+01 1.1022e+01 1.3200e-01 7.4000e+00 1.2100e+01 6.8000e+00 5.0101e+01
5.5130e+00 3.5000e-02 7.8000e+00 1.1500e+01 5.0000e+00 5.0876e+01 7.4250e+00 6.6000e-02 7.7000e+00 1.1000e+01 1.9000e+00 6.0182e+01 1.1289e+01 1.7000e-02 7.5000e+00 1.3800e+01 2.9000e+00 5.3383e+01 1.1022e+01 1.3200e-01 7.4000e+00 1.2100e+01 6.8000e+00 5.0101e+01 7.7890e+00 6.1000e-02 7.5000e+00 1.2100e+01 2.3000e+00 4.7324e+01
5.9080e+00 6.8000e-02 8.0000e+00 1.4200e+01 1.6000e+00 4.9405e+01 4.9870e+00 4.1000e-02 7.7000e+00 1.0100e+01 1.1000e+00 5.5986e+01 1.1022e+01 1.3200e-01 7.4000e+00 1.2100e+01 6.8000e+00 5.0101e+01 7.7890e+00 6.1000e-02 7.5000e+00 1.2100e+01 2.3000e+00 4.7324e+01 8.5400e+00 3.5000e-02 7.6000e+00 1.1500e+01 1.4000e+00 4.8656e+01
4.9130e+00 3.1000e-02 8.2000e+00 1.4200e+01 1.2000e+00 5.2990e+01 7.1270e+00 2.3000e-02 8.0000e+00 1.1300e+01 1.4000e+00 6.3393e+01 7.7890e+00 6.1000e-02 7.5000e+00 1.2100e+01 2.3000e+00 4.7324e+01 8.5400e+00 3.5000e-02 7.6000e+00 1.1500e+01 1.4000e+00 4.8656e+01 8.2120e+00 5.0000e-02 7.9000e+00 1.2200e+01 1.7000e+00 6.4287e+01
6.2640e+00 2.7000e-02 8.4000e+00 1.3000e+01 9.0000e-01 5.3478e+01 5.7910e+00 8.3000e-02 7.7000e+00 1.0900e+01 1.0000e+00 4.0344e+01 8.5400e+00 3.5000e-02 7.6000e+00 1.1500e+01 1.4000e+00 4.8656e+01 8.2120e+00 5.0000e-02 7.9000e+00 1.2200e+01 1.7000e+00 6.4287e+01 4.8990e+00 8.5000e-02 7.6000e+00 9.0000e+00 7.0000e-01 4.6389e+01
4.7740e+00 5.8000e-02 8.1000e+00 1.2200e+01 5.0000e-01 4.9689e+01 5.6140e+00 7.0000e-02 7.6000e+00 1.1200e+01 1.3000e+00 5.7231e+01 8.2120e+00 5.0000e-02 7.9000e+00 1.2200e+01 1.7000e+00 6.4287e+01 4.8990e+00 8.5000e-02 7.6000e+00 9.0000e+00 7.0000e-01 4.6389e+01 5.4740e+00 1.0100e-01 8.0000e+00 8.0000e+00 1.7000e+00 2.9566e+01
6.1820e+00 4.2000e-02 8.1000e+00 1.4600e+01 1.1000e+00 5.4034e+01 5.8760e+00 5.5000e-02 7.8000e+00 9.8000e+00 1.5000e+00 5.9329e+01 4.8990e+00 8.5000e-02 7.6000e+00 9.0000e+00 7.0000e-01 4.6389e+01 5.4740e+00 1.0100e-01 8.0000e+00 8.0000e+00 1.7000e+00 2.9566e+01 6.1130e+00 4.3000e-02 7.3000e+00 1.1100e+01 2.7000e+00 6.0467e+01
6.5660e+00 1.7000e-02 7.4000e+00 1.2200e+01 1.7000e+00 4.9689e+01 5.3670e+00 3.5000e-02 7.2000e+00 9.3000e+00 8.0000e-01 4.2605e+01 5.4740e+00 1.0100e-01 8.0000e+00 8.0000e+00 1.7000e+00 2.9566e+01 6.1130e+00 4.3000e-02 7.3000e+00 1.1100e+01 2.7000e+00 6.0467e+01 8.3950e+00 1.3100e-01 7.2000e+00 1.1500e+01 3.1000e+00 5.3852e+01
7.5260e+00 2.7000e-02 7.9000e+00 1.4900e+01 1.0000e+00 4.4442e+01 9.3850e+00 6.9000e-02 7.7000e+00 1.3100e+01 1.1000e+00 5.4977e+01 6.1130e+00 4.3000e-02 7.3000e+00 1.1100e+01 2.7000e+00 6.0467e+01 8.3950e+00 1.3100e-01 7.2000e+00 1.1500e+01 3.1000e+00 5.3852e+01 9.3400e+00 6.9000e-02 6.9000e+00 7.7000e+00 3.9000e+00 5.4895e+01
8.7240e+00 1.9300e-01 7.2000e+00 1.1700e+01 1.2000e+00 2.9566e+01 9.9750e+00 5.8000e-02 7.9000e+00 1.4400e+01 1.0000e+00 5.3286e+01 8.3950e+00 1.3100e-01 7.2000e+00 1.1500e+01 3.1000e+00 5.3852e+01 9.3400e+00 6.9000e-02 6.9000e+00 7.7000e+00 3.9000e+00 5.4895e+01 1.1103e+01 7.4000e-02 7.7000e+00 1.4600e+01 1.9000e+00 4.7324e+01
8.5770e+00 6.5000e-02 7.5000e+00 1.2400e+01 2.0000e+00 4.2011e+01 8.4890e+00 5.7000e-02 7.8000e+00 1.1800e+01 2.0000e+00 4.5355e+01 9.3400e+00 6.9000e-02 6.9000e+00 7.7000e+00 3.9000e+00 5.4895e+01 1.1103e+01 7.4000e-02 7.7000e+00 1.4600e+01 1.9000e+00 4.7324e+01 9.3070e+00 1.3000e-02 7.3000e+00 1.3200e+01 1.6000e+00 3.7400e+01
7.7370e+00 4.6000e-02 7.7000e+00 1.3100e+01 2.3000e+00 3.0600e+01 1.1289e+01 1.7000e-02 7.5000e+00 1.3800e+01 2.9000e+00 5.3383e+01 1.1103e+01 7.4000e-02 7.7000e+00 1.4600e+01 1.9000e+00 4.7324e+01 9.3070e+00 1.3000e-02 7.3000e+00 1.3200e+01 1.6000e+00 3.7400e+01 9.6930e+00 9.4000e-02 7.4000e+00 1.3500e+01 4.5000e+00 5.4559e+01
5.9930e+00 5.5000e-02 7.6000e+00 1.2000e+01 1.4000e+00 3.1535e+01 1.1022e+01 1.3200e-01 7.4000e+00 1.2100e+01 6.8000e+00 5.0101e+01 9.3070e+00 1.3000e-02 7.3000e+00 1.3200e+01 1.6000e+00 3.7400e+01 9.6930e+00 9.4000e-02 7.4000e+00 1.3500e+01 4.5000e+00 5.4559e+01 6.1830e+00 5.6000e-02 7.4000e+00 1.1200e+01 6.5000e+00 4.6389e+01
7.4250e+00 6.6000e-02 7.7000e+00 1.1000e+01 1.9000e+00 6.0182e+01 7.7890e+00 6.1000e-02 7.5000e+00 1.2100e+01 2.3000e+00 4.7324e+01 9.6930e+00 9.4000e-02 7.4000e+00 1.3500e+01 4.5000e+00 5.4559e+01 6.1830e+00 5.6000e-02 7.4000e+00 1.1200e+01 6.5000e+00 4.6389e+01 6.2800e+00 5.8000e-02 7.5000e+00 1.0600e+01 4.8000e+00 5.1360e+01
4.9870e+00 4.1000e-02 7.7000e+00 1.0100e+01 1.1000e+00 5.5986e+01 8.5400e+00 3.5000e-02 7.6000e+00 1.1500e+01 1.4000e+00 4.8656e+01 6.1830e+00 5.6000e-02 7.4000e+00 1.1200e+01 6.5000e+00 4.6389e+01 6.2800e+00 5.8000e-02 7.5000e+00 1.0600e+01 4.8000e+00 5.1360e+01 5.5120e+00 8.5000e-02 7.8000e+00 1.1400e+01 2.1000e+00 6.1444e+01
7.1270e+00 2.3000e-02 8.0000e+00 1.1300e+01 1.4000e+00 6.3393e+01 8.2120e+00 5.0000e-02 7.9000e+00 1.2200e+01 1.7000e+00 6.4287e+01 6.2800e+00 5.8000e-02 7.5000e+00 1.0600e+01 4.8000e+00 5.1360e+01 5.5120e+00 8.5000e-02 7.8000e+00 1.1400e+01 2.1000e+00 6.1444e+01 5.6590e+00 8.3000e-02 7.5000e+00 1.0800e+01 8.0000e-01 6.0086e+01
5.7910e+00 8.3000e-02 7.7000e+00 1.0900e+01 1.0000e+00 4.0344e+01 4.8990e+00 8.5000e-02 7.6000e+00 9.0000e+00 7.0000e-01 4.6389e+01 5.5120e+00 8.5000e-02 7.8000e+00 1.1400e+01 2.1000e+00 6.1444e+01 5.6590e+00 8.3000e-02 7.5000e+00 1.0800e+01 8.0000e-01 6.0086e+01 4.0410e+00 9.5000e-02 7.1000e+00 8.2000e+00 3.8000e+00 4.8499e+01
5.6140e+00 7.0000e-02 7.6000e+00 1.1200e+01 1.3000e+00 5.7231e+01 5.4740e+00 1.0100e-01 8.0000e+00 8.0000e+00 1.7000e+00 2.9566e+01 5.6590e+00 8.3000e-02 7.5000e+00 1.0800e+01 8.0000e-01 6.0086e+01 4.0410e+00 9.5000e-02 7.1000e+00 8.2000e+00 3.8000e+00 4.8499e+01 5.6470e+00 8.5000e-02 7.5000e+00 1.0800e+01 1.4000e+00 6.8030e+01
5.8760e+00 5.5000e-02 7.8000e+00 9.8000e+00 1.5000e+00 5.9329e+01 6.1130e+00 4.3000e-02 7.3000e+00 1.1100e+01 2.7000e+00 6.0467e+01 4.0410e+00 9.5000e-02 7.1000e+00 8.2000e+00 3.8000e+00 4.8499e+01 5.6470e+00 8.5000e-02 7.5000e+00 1.0800e+01 1.4000e+00 6.8030e+01 4.9790e+00 7.2000e-02 7.3000e+00 8.2000e+00 8.0000e-01 3.3174e+01
5.3670e+00 3.5000e-02 7.2000e+00 9.3000e+00 8.0000e-01 4.2605e+01 8.3950e+00 1.3100e-01 7.2000e+00 1.1500e+01 3.1000e+00 5.3852e+01 5.6470e+00 8.5000e-02 7.5000e+00 1.0800e+01 1.4000e+00 6.8030e+01 4.9790e+00 7.2000e-02 7.3000e+00 8.2000e+00 8.0000e-01 3.3174e+01 6.9030e+00 5.6000e-02 7.4000e+00 9.7000e+00 1.1000e+00 3.9188e+01
9.3850e+00 6.9000e-02 7.7000e+00 1.3100e+01 1.1000e+00 5.4977e+01 9.3400e+00 6.9000e-02 6.9000e+00 7.7000e+00 3.9000e+00 5.4895e+01 4.9790e+00 7.2000e-02 7.3000e+00 8.2000e+00 8.0000e-01 3.3174e+01 6.9030e+00 5.6000e-02 7.4000e+00 9.7000e+00 1.1000e+00 3.9188e+01 7.1370e+00 1.2000e-01 7.4000e+00 1.1200e+01 1.1000e+00 5.2370e+01
9.9750e+00 5.8000e-02 7.9000e+00 1.4400e+01 1.0000e+00 5.3286e+01 1.1103e+01 7.4000e-02 7.7000e+00 1.4600e+01 1.9000e+00 4.7324e+01 6.9030e+00 5.6000e-02 7.4000e+00 9.7000e+00 1.1000e+00 3.9188e+01 7.1370e+00 1.2000e-01 7.4000e+00 1.1200e+01 1.1000e+00 5.2370e+01 8.7630e+00 7.3000e-02 7.3000e+00 1.2200e+01 1.3000e+00 6.0606e+01
1.1289e+01 1.7000e-02 7.5000e+00 1.3800e+01 2.9000e+00 5.3383e+01 9.6930e+00 9.4000e-02 7.4000e+00 1.3500e+01 4.5000e+00 5.4559e+01 8.7630e+00 7.3000e-02 7.3000e+00 1.2200e+01 1.3000e+00 6.0606e+01 4.4400e+00 5.1000e-02 7.8000e+00 1.0400e+01 1.9000e+00 4.9548e+01 1.0511e+01 1.0300e-01 7.3000e+00 1.3300e+01 3.3000e+00 5.2890e+01
1.1022e+01 1.3200e-01 7.4000e+00 1.2100e+01 6.8000e+00 5.0101e+01 6.1830e+00 5.6000e-02 7.4000e+00 1.1200e+01 6.5000e+00 4.6389e+01 4.4400e+00 5.1000e-02 7.8000e+00 1.0400e+01 1.9000e+00 4.9548e+01 1.0511e+01 1.0300e-01 7.3000e+00 1.3300e+01 3.3000e+00 5.2890e+01 8.9610e+00 9.2000e-02 7.4000e+00 1.2200e+01 2.9000e+00 5.5610e+01
7.7890e+00 6.1000e-02 7.5000e+00 1.2100e+01 2.3000e+00 4.7324e+01 6.2800e+00 5.8000e-02 7.5000e+00 1.0600e+01 4.8000e+00 5.1360e+01 1.0511e+01 1.0300e-01 7.3000e+00 1.3300e+01 3.3000e+00 5.2890e+01 8.9610e+00 9.2000e-02 7.4000e+00 1.2200e+01 2.9000e+00 5.5610e+01 7.9440e+00 5.3000e-02 7.8000e+00 1.2800e+01 4.8000e+00 5.8845e+01
8.5400e+00 3.5000e-02 7.6000e+00 1.1500e+01 1.4000e+00 4.8656e+01 5.5120e+00 8.5000e-02 7.8000e+00 1.1400e+01 2.1000e+00 6.1444e+01 8.9610e+00 9.2000e-02 7.4000e+00 1.2200e+01 2.9000e+00 5.5610e+01 7.9440e+00 5.3000e-02 7.8000e+00 1.2800e+01 4.8000e+00 5.8845e+01 6.2320e+00 5.4000e-02 7.7000e+00 1.1100e+01 7.5000e+00 5.7981e+01
8.2120e+00 5.0000e-02 7.9000e+00 1.2200e+01 1.7000e+00 6.4287e+01 5.6590e+00 8.3000e-02 7.5000e+00 1.0800e+01 8.0000e-01 6.0086e+01 7.9440e+00 5.3000e-02 7.8000e+00 1.2800e+01 4.8000e+00 5.8845e+01 6.2320e+00 5.4000e-02 7.7000e+00 1.1100e+01 7.5000e+00 5.7981e+01 4.3840e+00 8.5000e-02 7.8000e+00 9.1000e+00 1.4000e+00 6.1100e+01
4.8990e+00 8.5000e-02 7.6000e+00 9.0000e+00 7.0000e-01 4.6389e+01 4.0410e+00 9.5000e-02 7.1000e+00 8.2000e+00 3.8000e+00 4.8499e+01 6.2320e+00 5.4000e-02 7.7000e+00 1.1100e+01 7.5000e+00 5.7981e+01 4.3840e+00 8.5000e-02 7.8000e+00 9.1000e+00 1.4000e+00 6.1100e+01 5.4970e+00 7.9000e-02 8.0000e+00 1.0700e+01 1.9000e+00 6.0513e+01
5.4740e+00 1.0100e-01 8.0000e+00 8.0000e+00 1.7000e+00 2.9566e+01 5.6470e+00 8.5000e-02 7.5000e+00 1.0800e+01 1.4000e+00 6.8030e+01 4.3840e+00 8.5000e-02 7.8000e+00 9.1000e+00 1.4000e+00 6.1100e+01 5.4970e+00 7.9000e-02 8.0000e+00 1.0700e+01 1.9000e+00 6.0513e+01 5.6310e+00 8.7000e-02 8.3000e+00 8.3000e+00 1.0000e-01 2.5589e+01
6.1130e+00 4.3000e-02 7.3000e+00 1.1100e+01 2.7000e+00 6.0467e+01 4.9790e+00 7.2000e-02 7.3000e+00 8.2000e+00 8.0000e-01 3.3174e+01 5.4970e+00 7.9000e-02 8.0000e+00 1.0700e+01 1.9000e+00 6.0513e+01 5.6310e+00 8.7000e-02 8.3000e+00 8.3000e+00 1.0000e-01 2.5589e+01 7.1090e+00 4.7000e-02 8.1000e+00 8.3000e+00 8.0000e-01 3.8771e+01
8.3950e+00 1.3100e-01 7.2000e+00 1.1500e+01 3.1000e+00 5.3852e+01 6.9030e+00 5.6000e-02 7.4000e+00 9.7000e+00 1.1000e+00 3.9188e+01 5.6310e+00 8.7000e-02 8.3000e+00 8.3000e+00 1.0000e-01 2.5589e+01 7.1090e+00 4.7000e-02 8.1000e+00 8.3000e+00 8.0000e-01 3.8771e+01 8.4330e+00 1.8200e-01 7.8000e+00 6.2000e+00 5.0000e-01 4.2890e+01
9.3400e+00 6.9000e-02 6.9000e+00 7.7000e+00 3.9000e+00 5.4895e+01 7.1370e+00 1.2000e-01 7.4000e+00 1.1200e+01 1.1000e+00 5.2370e+01 7.1090e+00 4.7000e-02 8.1000e+00 8.3000e+00 8.0000e-01 3.8771e+01 8.4330e+00 1.8200e-01 7.8000e+00 6.2000e+00 5.0000e-01 4.2890e+01 9.0850e+00 1.1000e-02 7.6000e+00 9.6000e+00 1.0000e-01 1.4811e+01
1.1103e+01 7.4000e-02 7.7000e+00 1.4600e+01 1.9000e+00 4.7324e+01 8.7630e+00 7.3000e-02 7.3000e+00 1.2200e+01 1.3000e+00 6.0606e+01 8.4330e+00 1.8200e-01 7.8000e+00 6.2000e+00 5.0000e-01 4.2890e+01 9.0850e+00 1.1000e-02 7.6000e+00 9.6000e+00 1.0000e-01 1.4811e+01 9.0150e+00 1.1000e-02 7.9000e+00 1.2600e+01 6.0000e-01 1.8789e+01
9.3070e+00 1.3000e-02 7.3000e+00 1.3200e+01 1.6000e+00 3.7400e+01 4.4400e+00 5.1000e-02 7.8000e+00 1.0400e+01 1.9000e+00 4.9548e+01 9.0850e+00 1.1000e-02 7.6000e+00 9.6000e+00 1.0000e-01 1.4811e+01 9.0150e+00 1.1000e-02 7.9000e+00 1.2600e+01 6.0000e-01 1.8789e+01 7.6500e+00 1.1000e-02 7.7000e+00 1.1700e+01 6.0000e-01 1.8789e+01
9.6930e+00 9.4000e-02 7.4000e+00 1.3500e+01 4.5000e+00 5.4559e+01 1.0511e+01 1.0300e-01 7.3000e+00 1.3300e+01 3.3000e+00 5.2890e+01 9.0150e+00 1.1000e-02 7.9000e+00 1.2600e+01 6.0000e-01 1.8789e+01 7.6500e+00 1.1000e-02 7.7000e+00 1.1700e+01 6.0000e-01 1.8789e+01 8.4870e+00 1.0000e-02 7.2000e+00 9.8000e+00 4.0000e-01 4.9548e+01
6.1830e+00 5.6000e-02 7.4000e+00 1.1200e+01 6.5000e+00 4.6389e+01 8.9610e+00 9.2000e-02 7.4000e+00 1.2200e+01 2.9000e+00 5.5610e+01 7.6500e+00 1.1000e-02 7.7000e+00 1.1700e+01 6.0000e-01 1.8789e+01 8.4870e+00 1.0000e-02 7.2000e+00 9.8000e+00 4.0000e-01 4.9548e+01 9.0640e+00 1.1000e-02 7.0000e+00 9.7000e+00 1.8000e+00 3.9188e+01
6.2800e+00 5.8000e-02 7.5000e+00 1.0600e+01 4.8000e+00 5.1360e+01 7.9440e+00 5.3000e-02 7.8000e+00 1.2800e+01 4.8000e+00 5.8845e+01 8.4870e+00 1.0000e-02 7.2000e+00 9.8000e+00 4.0000e-01 4.9548e+01 9.0640e+00 1.1000e-02 7.0000e+00 9.7000e+00 1.8000e+00 3.9188e+01 8.2050e+00 8.0000e-03 7.8000e+00 8.7000e+00 5.0000e-01 2.9566e+01
8.4890e+00 5.7000e-02 7.8000e+00 1.1800e+01 2.0000e+00 4.5355e+01 9.3070e+00 1.3000e-02 7.3000e+00 1.3200e+01 1.6000e+00 3.7400e+01 7.1370e+00 1.2000e-01 7.4000e+00 1.1200e+01 1.1000e+00 5.2370e+01 8.7630e+00 7.3000e-02 7.3000e+00 1.2200e+01 1.3000e+00 6.0606e+01 4.4400e+00 5.1000e-02 7.8000e+00 1.0400e+01 1.9000e+00 4.9548e+01
