1.6056e+01 1.8960e+00 7.8000e+00 9.5000e+00 6.3000e+00 3.7878e+01 1.3512e+01 1.6320e+00 7.5000e+00 8.5000e+00 5.8000e+00 4.7144e+01 1.0512e+01 9.7900e-01 7.5000e+00 8.1000e+00 5.2000e+00 4.4909e+01 1.3872e+01 5.4700e-01 8.4000e+00 1.0900e+01 4.4000e+00 3.3174e+01 1.3512e+01 1.4020e+00 7.6000e+00 9.1000e+00 6.4000e+00 4.4909e+01
1.6968e+01 5.2800e-01 7.9000e+00 8.7000e+00 2.7000e+00 3.9974e+01 1.4928e+01 1.8050e+00 7.8000e+00 7.8000e+00 8.3000e+00 4.6773e+01 1.3872e+01 5.4700e-01 8.4000e+00 1.0900e+01 4.4000e+00 3.3174e+01 1.3512e+01 1.4020e+00 7.6000e+00 9.1000e+00 6.4000e+00 4.4909e+01 9.9120e+00 4.8000e-01 7.8000e+00 6.8000e+00 1.0300e+01 4.7500e+01
1.8912e+01 1.7040e+00 7.8000e+00 8.8000e+00 4.8000e+00 3.6897e+01 2.1024e+01 1.7280e+00 7.2000e+00 7.4000e+00 4.4000e+00 4.1699e+01 1.3512e+01 1.4020e+00 7.6000e+00 9.1000e+00 6.4000e+00 4.4909e+01 9.9120e+00 4.8000e-01 7.8000e+00 6.8000e+00 1.0300e+01 4.7500e+01 1.3584e+01 1.4300e+00 7.7000e+00 8.2000e+00 1.4200e+01 4.6389e+01
2.0040e+01 9.0000e-01 7.9000e+00 8.2000e+00 5.7000e+00 3.1535e+01 1.2384e+01 1.9700e-01 7.2000e+00 5.9000e+00 1.0300e+01 5.0101e+01 9.9120e+00 4.8000e-01 7.8000e+00 6.8000e+00 1.0300e+01 4.7500e+01 1.3584e+01 1.4300e+00 7.7000e+00 8.2000e+00 1.4200e+01 4.6389e+01 1.8264e+01 1.0940e+00 8.0000e+00 4.6000e+00 3.1800e+01 4.7674e+01
1.2264e+01 1.4040e+00 7.9000e+00 7.3000e+00 5.7000e+00 2.3800e+01 1.3152e+01 9.2200e-01 7.2000e+00 5.4000e+00 7.7000e+00 4.3696e+01 1.3584e+01 1.4300e+00 7.7000e+00 8.2000e+00 1.4200e+01 4.6389e+01 1.8264e+01 1.0940e+00 8.0000e+00 4.6000e+00 3.1800e+01 4.7674e+01 1.7688e+01 9.4100e-01 7.6000e+00 6.9000e+00 2.1400e+01 4.4909e+01
1.3296e+01 1.0680e+00 7.9000e+00 6.2000e+00 3.0000e+00 4.2011e+01 1.4136e+01 4.8000e-01 7.3000e+00 8.1000e+00 4.8000e+00 5.1934e+01 1.8264e+01 1.0940e+00 8.0000e+00 4.6000e+00 3.1800e+01 4.7674e+01 1.7688e+01 9.4100e-01 7.6000e+00 6.9000e+00 2.1400e+01 4.4909e+01 1.2216e+01 1.1710e+00 7.0000e+00 3.5000e+00 2.0300e+01 4.7324e+01
9.6240e+00 5.9500e-01 7.9000e+00 8.0000e+00 4.2000e+00 4.9548e+01 1.0344e+01 8.8300e-01 7.3000e+00 2.7000e+00 4.4000e+00 4.9260e+01 1.7688e+01 9.4100e-01 7.6000e+00 6.9000e+00 2.1400e+01 4.4909e+01 1.2216e+01 1.1710e+00 7.0000e+00 3.5000e+00 2.0300e+01 4.7324e+01 9.0480e+00 7.3000e-01 7.3000e+00 5.4000e+00 1.4800e+01 4.3166e+01
1.0752e+01 6.2400e-01 7.7000e+00 4.3000e+00 4.0000e+00 3.9974e+01 1.1184e+01 6.2400e-01 7.7000e+00 7.4000e+00 4.6000e+00 5.7860e+01 1.2216e+01 1.1710e+00 7.0000e+00 3.5000e+00 2.0300e+01 4.7324e+01 9.0480e+00 7.3000e-01 7.3000e+00 5.4000e+00 1.4800e+01 4.3166e+01 1.1328e+01 8.6400e-01 7.6000e+00 4.8000e+00 1.2500e+01 4.3435e+01
1.1952e+01 5.7600e-01 7.0000e+00 5.9000e+00 4.9000e+00 4.6960e+01 1.0464e+01 9.7000e-01 7.4000e+00 5.5000e+00 5.7000e+00 4.4442e+01 9.0480e+00 7.3000e-01 7.3000e+00 5.4000e+00 1.4800e+01 4.3166e+01 1.1328e+01 8.6400e-01 7.6000e+00 4.8000e+00 1.2500e+01 4.3435e+01 1.1016e+01 7.5400e-01 7.9000e+00 7.7000e+00 1.0000e+01 4.2605e+01
9.5040e+00 1.2770e+00 8.0000e+00 7.1000e+00 4.8000e+00 3.9188e+01 1.1808e+01 9.3100e-01 7.6000e+00 7.6000e+00 4.4000e+00 4.8656e+01 1.1328e+01 8.6400e-01 7.6000e+00 4.8000e+00 1.2500e+01 4.3435e+01 1.1016e+01 7.5400e-01 7.9000e+00 7.7000e+00 1.0000e+01 4.2605e+01 1.3248e+01 1.0560e+00 7.2000e+00 3.9000e+00 6.8000e+00 4.6190e+01
1.3128e+01 1.3128e+01 8.1000e+00 7.2000e+00 3.3000e+00 3.8771e+01 1.0512e+01 9.7900e-01 7.5000e+00 8.1000e+00 5.2000e+00 4.4909e+01 1.1016e+01 7.5400e-01 7.9000e+00 7.7000e+00 1.0000e+01 4.2605e+01 1.3248e+01 1.0560e+00 7.2000e+00 3.9000e+00 6.8000e+00 4.6190e+01 1.2528e+01 9.9800e-01 7.1000e+00 7.8000e+00 1.3400e+01 4.2011e+01
1.3402e+01 1.4110e+00 8.0000e+00 8.7000e+00 4.5000e+00 3.7400e+01 1.3872e+01 5.4700e-01 8.4000e+00 1.0900e+01 4.4000e+00 3.3174e+01 1.3248e+01 1.0560e+00 7.2000e+00 3.9000e+00 6.8000e+00 4.6190e+01 1.2528e+01 9.9800e-01 7.1000e+00 7.8000e+00 1.3400e+01 4.2011e+01 1.3344e+01 1.2290e+00 7.2000e+00 8.1000e+00 7.8000e+00 4.2890e+01
1.3512e+01 1.6320e+00 7.5000e+00 8.5000e+00 5.8000e+00 4.7144e+01 1.3512e+01 1.4020e+00 7.6000e+00 9.1000e+00 6.4000e+00 4.4909e+01 1.2528e+01 9.9800e-01 7.1000e+00 7.8000e+00 1.3400e+01 4.2011e+01 1.3344e+01 1.2290e+00 7.2000e+00 8.1000e+00 7.8000e+00 4.2890e+01 1.4256e+01 1.4110e+00 7.6000e+00 8.6000e+00 1.7300e+01 3.7400e+01
1.4928e+01 1.8050e+00 7.8000e+00 7.8000e+00 8.3000e+00 4.6773e+01 9.9120e+00 4.8000e-01 7.8000e+00 6.8000e+00 1.0300e+01 4.7500e+01 1.3344e+01 1.2290e+00 7.2000e+00 8.1000e+00 7.8000e+00 4.2890e+01 1.4256e+01 1.4110e+00 7.6000e+00 8.6000e+00 1.7300e+01 3.7400e+01 1.6128e+01 1.2580e+00 7.7000e+00 8.1000e+00 1.7600e+01 4.1045e+01
2.1024e+01 1.7280e+00 7.2000e+00 7.4000e+00 4.4000e+00 4.1699e+01 1.3584e+01 1.4300e+00 7.7000e+00 8.2000e+00 1.4200e+01 4.6389e+01 1.4256e+01 1.4110e+00 7.6000e+00 8.6000e+00 1.7300e+01 3.7400e+01 1.6128e+01 1.2580e+00 7.7000e+00 8.1000e+00 1.7600e+01 4.1045e+01 1.1496e+01 1.3060e+00 7.5000e+00 7.0000e+00 9.4000e+00 3.9589e+01
1.2384e+01 1.9700e-01 7.2000e+00 5.9000e+00 1.0300e+01 5.0101e+01 1.8264e+01 1.0940e+00 8.0000e+00 4.6000e+00 3.1800e+01 4.7674e+01 1.6128e+01 1.2580e+00 7.7000e+00 8.1000e+00 1.7600e+01 4.1045e+01 1.1496e+01 1.3060e+00 7.5000e+00 7.0000e+00 9.4000e+00 3.9589e+01 1.2989e+01 1.9400e+00 7.6000e+00 6.0000e+00 1.0500e+01 4.5988e+01
1.4136e+01 4.8000e-01 7.3000e+00 8.1000e+00 4.8000e+00 5.1934e+01 1.2216e+01 1.1710e+00 7.0000e+00 3.5000e+00 2.0300e+01 4.7324e+01 1.2989e+01 1.9400e+00 7.6000e+00 6.0000e+00 1.0500e+01 4.5988e+01 4.4400e+00 5.1000e-02 7.8000e+00 1.0400e+01 1.9000e+00 4.9548e+01 1.4129e+01 8.3200e-01 8.1000e+00 4.5000e+00 7.9000e+00 5.5377e+01
1.0344e+01 8.8300e-01 7.3000e+00 2.7000e+00 4.4000e+00 4.9260e+01 9.0480e+00 7.3000e-01 7.3000e+00 5.4000e+00 1.4800e+01 4.3166e+01 4.4400e+00 5.1000e-02 7.8000e+00 1.0400e+01 1.9000e+00 4.9548e+01 1.4129e+01 8.3200e-01 8.1000e+00 4.5000e+00 7.9000e+00 5.5377e+01 1.2482e+01 4.4700e-01 7.8000e+00 3.2000e+00 5.7000e+00 5.8845e+01
1.1184e+01 6.2400e-01 7.7000e+00 7.4000e+00 4.6000e+00 5.7860e+01 1.1328e+01 8.6400e-01 7.6000e+00 4.8000e+00 1.2500e+01 4.3435e+01 1.4129e+01 8.3200e-01 8.1000e+00 4.5000e+00 7.9000e+00 5.5377e+01 1.2482e+01 4.4700e-01 7.8000e+00 3.2000e+00 5.7000e+00 5.8845e+01 9.5160e+00 6.4000e-01 7.2000e+00 3.8000e+00 5.0000e+00 3.9589e+01
1.0464e+01 9.7000e-01 7.4000e+00 5.5000e+00 5.7000e+00 4.4442e+01 1.1016e+01 7.5400e-01 7.9000e+00 7.7000e+00 1.0000e+01 4.2605e+01 1.2482e+01 4.4700e-01 7.8000e+00 3.2000e+00 5.7000e+00 5.8845e+01 9.5160e+00 6.4000e-01 7.2000e+00 3.8000e+00 5.0000e+00 3.9589e+01 1.2116e+01 1.1020e+00 7.4000e+00 2.4000e+00 3.3000e+00 4.6960e+01
1.1808e+01 9.3100e-01 7.6000e+00 7.6000e+00 4.4000e+00 4.8656e+01 1.3248e+01 1.0560e+00 7.2000e+00 3.9000e+00 6.8000e+00 4.6190e+01 9.5160e+00 6.4000e-01 7.2000e+00 3.8000e+00 5.0000e+00 3.9589e+01 1.2116e+01 1.1020e+00 7.4000e+00 2.4000e+00 3.3000e+00 4.6960e+01 1.2647e+01 9.7600e-01 7.3000e+00 3.6000e+00 4.6000e+00 4.0344e+01
1.0512e+01 9.7900e-01 7.5000e+00 8.1000e+00 5.2000e+00 4.4909e+01 1.2528e+01 9.9800e-01 7.1000e+00 7.8000e+00 1.3400e+01 4.2011e+01 1.2116e+01 1.1020e+00 7.4000e+00 2.4000e+00 3.3000e+00 4.6960e+01 1.2647e+01 9.7600e-01 7.3000e+00 3.6000e+00 4.6000e+00 4.0344e+01 1.0077e+01 1.0710e+00 7.5000e+00 1.3500e+01 4.2000e+00 4.2605e+01
1.3872e+01 5.4700e-01 8.4000e+00 1.0900e+01 4.4000e+00 3.3174e+01 1.3344e+01 1.2290e+00 7.2000e+00 8.1000e+00 7.8000e+00 4.2890e+01 1.2647e+01 9.7600e-01 7.3000e+00 3.6000e+00 4.6000e+00 4.0344e+01 1.0077e+01 1.0710e+00 7.5000e+00 1.3500e+01 4.2000e+00 4.2605e+01 1.1507e+01 8.0500e-01 7.5000e+00 6.8000e+00 4.1000e+00 3.4578e+01
1.3512e+01 1.4020e+00 7.6000e+00 9.1000e+00 6.4000e+00 4.4909e+01 1.4256e+01 1.4110e+00 7.6000e+00 8.6000e+00 1.7300e+01 3.7400e+01 1.0077e+01 1.0710e+00 7.5000e+00 1.3500e+01 4.2000e+00 4.2605e+01 1.1507e+01 8.0500e-01 7.5000e+00 6.8000e+00 4.1000e+00 3.4578e+01 1.3501e+01 9.7300e-01 8.1000e+00 7.6000e+00 5.5000e+00 4.1699e+01
9.9120e+00 4.8000e-01 7.8000e+00 6.8000e+00 1.0300e+01 4.7500e+01 1.6128e+01 1.2580e+00 7.7000e+00 8.1000e+00 1.7600e+01 4.1045e+01 1.1507e+01 8.0500e-01 7.5000e+00 6.8000e+00 4.1000e+00 3.4578e+01 1.3501e+01 9.7300e-01 8.1000e+00 7.6000e+00 5.5000e+00 4.1699e+01 1.2094e+01 1.1930e+00 7.4000e+00 8.5000e+00 8.3000e+00 3.3901e+01
1.3584e+01 1.4300e+00 7.7000e+00 8.2000e+00 1.4200e+01 4.6389e+01 1.1496e+01 1.3060e+00 7.5000e+00 7.0000e+00 9.4000e+00 3.9589e+01 1.3501e+01 9.7300e-01 8.1000e+00 7.6000e+00 5.5000e+00 4.1699e+01 1.2094e+01 1.1930e+00 7.4000e+00 8.5000e+00 8.3000e+00 3.3901e+01 1.2095e+01 1.0550e+00 7.8000e+00 8.1000e+00 8.5000e+00 4.7845e+01
1.8264e+01 1.0940e+00 8.0000e+00 4.6000e+00 3.1800e+01 4.7674e+01 1.2989e+01 1.9400e+00 7.6000e+00 6.0000e+00 1.0500e+01 4.5988e+01 1.2094e+01 1.1930e+00 7.4000e+00 8.5000e+00 8.3000e+00 3.3901e+01 1.2095e+01 1.0550e+00 7.8000e+00 8.1000e+00 8.5000e+00 4.7845e+01 1.3280e+01 1.3110e+00 7.5000e+00 5.3000e+00 1.3200e+01 5.2476e+01
1.7688e+01 9.4100e-01 7.6000e+00 6.9000e+00 2.1400e+01 4.4909e+01 4.4400e+00 5.1000e-02 7.8000e+00 1.0400e+01 1.9000e+00 4.9548e+01 1.2095e+01 1.0550e+00 7.8000e+00 8.1000e+00 8.5000e+00 4.7845e+01 1.3280e+01 1.3110e+00 7.5000e+00 5.3000e+00 1.3200e+01 5.2476e+01 1.1478e+01 1.2540e+00 7.5000e+00 5.3000e+00 1.0800e+01 4.1045e+01
1.2216e+01 1.1710e+00 7.0000e+00 3.5000e+00 2.0300e+01 4.7324e+01 1.4129e+01 8.3200e-01 8.1000e+00 4.5000e+00 7.9000e+00 5.5377e+01 1.3280e+01 1.3110e+00 7.5000e+00 5.3000e+00 1.3200e+01 5.2476e+01 1.1478e+01 1.2540e+00 7.5000e+00 5.3000e+00 1.0800e+01 4.1045e+01 1.4238e+01 1.4520e+00 7.5000e+00 5.0000e+00 1.4000e+01 4.9548e+01
9.0480e+00 7.3000e-01 7.3000e+00 5.4000e+00 1.4800e+01 4.3166e+01 1.2482e+01 4.4700e-01 7.8000e+00 3.2000e+00 5.7000e+00 5.8845e+01 1.1478e+01 1.2540e+00 7.5000e+00 5.3000e+00 1.0800e+01 4.1045e+01 1.4238e+01 1.4520e+00 7.5000e+00 5.0000e+00 1.4000e+01 4.9548e+01 1.1275e+01 1.0700e+00 7.6000e+00 4.1000e+00 3.7000e+00 4.7500e+01
1.1328e+01 8.6400e-01 7.6000e+00 4.8000e+00 1.2500e+01 4.3435e+01 9.5160e+00 6.4000e-01 7.2000e+00 3.8000e+00 5.0000e+00 3.9589e+01 1.4238e+01 1.4520e+00 7.5000e+00 5.0000e+00 1.4000e+01 4.9548e+01 1.1275e+01 1.0700e+00 7.6000e+00 4.1000e+00 3.7000e+00 4.7500e+01 9.1430e+00 4.3200e-01 7.8000e+00 6.4000e+00 2.6000e+00 5.3478e+01
1.1016e+01 7.5400e-01 7.9000e+00 7.7000e+00 1.0000e+01 4.2605e+01 1.2116e+01 1.1020e+00 7.4000e+00 2.4000e+00 3.3000e+00 4.6960e+01 1.1275e+01 1.0700e+00 7.6000e+00 4.1000e+00 3.7000e+00 4.7500e+01 9.1430e+00 4.3200e-01 7.8000e+00 6.4000e+00 2.6000e+00 5.3478e+01 1.0790e+01 6.5200e-01 7.9000e+00 6.2000e+00 2.3000e+00 5.4474e+01
1.3248e+01 1.0560e+00 7.2000e+00 3.9000e+00 6.8000e+00 4.6190e+01 1.2647e+01 9.7600e-01 7.3000e+00 3.6000e+00 4.6000e+00 4.0344e+01 9.1430e+00 4.3200e-01 7.8000e+00 6.4000e+00 2.6000e+00 5.3478e+01 1.0790e+01 6.5200e-01 7.9000e+00 6.2000e+00 2.3000e+00 5.4474e+01 1.0825e+01 1.1100e+00 6.6000e+00 6.8000e+00 5.4000e+00 4.2011e+01
1.2528e+01 9.9800e-01 7.1000e+00 7.8000e+00 1.3400e+01 4.2011e+01 1.0077e+01 1.0710e+00 7.5000e+00 1.3500e+01 4.2000e+00 4.2605e+01 1.0790e+01 6.5200e-01 7.9000e+00 6.2000e+00 2.3000e+00 5.4474e+01 1.0825e+01 1.1100e+00 6.6000e+00 6.8000e+00 5.4000e+00 4.2011e+01 1.1767e+01 1.0910e+00 7.2000e+00 6.8000e+00 7.7000e+00 4.9689e+01
1.3344e+01 1.2290e+00 7.2000e+00 8.1000e+00 7.8000e+00 4.2890e+01 1.1507e+01 8.0500e-01 7.5000e+00 6.8000e+00 4.1000e+00 3.4578e+01 1.0825e+01 1.1100e+00 6.6000e+00 6.8000e+00 5.4000e+00 4.2011e+01 1.1767e+01 1.0910e+00 7.2000e+00 6.8000e+00 7.7000e+00 4.9689e+01 1.1633e+01 5.4300e-01 6.9000e+00 7.8000e+00 2.5000e+00 3.3901e+01
1.4256e+01 1.4110e+00 7.6000e+00 8.6000e+00 1.7300e+01 3.7400e+01 1.3501e+01 9.7300e-01 8.1000e+00 7.6000e+00 5.5000e+00 4.1699e+01 1.1767e+01 1.0910e+00 7.2000e+00 6.8000e+00 7.7000e+00 4.9689e+01 1.1633e+01 5.4300e-01 6.9000e+00 7.8000e+00 2.5000e+00 3.3901e+01 1.4536e+01 7.3800e-01 7.3000e+00 7.8000e+00 8.2000e+00 4.2890e+01
1.6128e+01 1.2580e+00 7.7000e+00 8.1000e+00 1.7600e+01 4.1045e+01 1.2094e+01 1.1930e+00 7.4000e+00 8.5000e+00 8.3000e+00 3.3901e+01 1.1633e+01 5.4300e-01 6.9000e+00 7.8000e+00 2.5000e+00 3.3901e+01 1.4536e+01 7.3800e-01 7.3000e+00 7.8000e+00 8.2000e+00 4.2890e+01 1.3567e+01 3.3600e-01 7.2000e+00 1.0000e+01 8.5000e+00 1.4811e+01
1.1496e+01 1.3060e+00 7.5000e+00 7.0000e+00 9.4000e+00 3.9589e+01 1.2095e+01 1.0550e+00 7.8000e+00 8.1000e+00 8.5000e+00 4.7845e+01 1.4536e+01 7.3800e-01 7.3000e+00 7.8000e+00 8.2000e+00 4.2890e+01 1.3567e+01 3.3600e-01 7.2000e+00 1.0000e+01 8.5000e+00 1.4811e+01 1.2977e+01 2.9800e-01 7.2000e+00 9.6000e+00 6.6000e+00 3.5211e+01
1.2989e+01 1.9400e+00 7.6000e+00 6.0000e+00 1.0500e+01 4.5988e+01 1.3280e+01 1.3110e+00 7.5000e+00 5.3000e+00 1.3200e+01 5.2476e+01 1.3567e+01 3.3600e-01 7.2000e+00 1.0000e+01 8.5000e+00 1.4811e+01 1.2977e+01 2.9800e-01 7.2000e+00 9.6000e+00 6.6000e+00 3.5211e+01 1.5017e+01 3.3600e-01 7.3000e+00 7.9000e+00 2.2700e+01 4.8499e+01
4.4400e+00 5.1000e-02 7.8000e+00 1.0400e+01 1.9000e+00 4.9548e+01 1.1478e+01 1.2540e+00 7.5000e+00 5.3000e+00 1.0800e+01 4.1045e+01 1.2977e+01 2.9800e-01 7.2000e+00 9.6000e+00 6.6000e+00 3.5211e+01 1.5017e+01 3.3600e-01 7.3000e+00 7.9000e+00 2.2700e+01 4.8499e+01 1.1772e+01 1.6400e-01 7.2000e+00 5.9000e+00 1.0700e+01 4.9260e+01
1.4129e+01 8.3200e-01 8.1000e+00 4.5000e+00 7.9000e+00 5.5377e+01 1.4238e+01 1.4520e+00 7.5000e+00 5.0000e+00 1.4000e+01 4.9548e+01 1.5017e+01 3.3600e-01 7.3000e+00 7.9000e+00 2.2700e+01 4.8499e+01 1.1772e+01 1.6400e-01 7.2000e+00 5.9000e+00 1.0700e+01 4.9260e+01 1.4889e+01 1.4800e-01 7.7000e+00 6.1000e+00 2.1000e+00 5.2581e+01
1.2482e+01 4.4700e-01 7.8000e+00 3.2000e+00 5.7000e+00 5.8845e+01 1.1275e+01 1.0700e+00 7.6000e+00 4.1000e+00 3.7000e+00 4.7500e+01 1.1772e+01 1.6400e-01 7.2000e+00 5.9000e+00 1.0700e+01 4.9260e+01 1.4889e+01 1.4800e-01 7.7000e+00 6.1000e+00 2.1000e+00 5.2581e+01 1.1539e+01 1.6400e-01 7.2000e+00 5.8000e+00 4.4000e+00 4.4200e+01
9.5160e+00 6.4000e-01 7.2000e+00 3.8000e+00 5.0000e+00 3.9589e+01 9.1430e+00 4.3200e-01 7.8000e+00 6.4000e+00 2.6000e+00 5.3478e+01 1.4889e+01 1.4800e-01 7.7000e+00 6.1000e+00 2.1000e+00 5.2581e+01 1.1539e+01 1.6400e-01 7.2000e+00 5.8000e+00 4.4000e+00 4.4200e+01 1.0812e+01 1.5600e-01 7.2000e+00 7.1000e+00 2.8000e+00 5.5686e+01
1.2116e+01 1.1020e+00 7.4000e+00 2.4000e+00 3.3000e+00 4.6960e+01 1.0790e+01 6.5200e-01 7.9000e+00 6.2000e+00 2.3000e+00 5.4474e+01 1.1539e+01 1.6400e-01 7.2000e+00 5.8000e+00 4.4000e+00 4.4200e+01 1.0812e+01 1.5600e-01 7.2000e+00 7.1000e+00 2.8000e+00 5.5686e+01 1.2194e+01 1.2000e-01 7.4000e+00 4.3000e+00 7.7000e+00 5.2990e+01
1.2647e+01 9.7600e-01 7.3000e+00 3.6000e+00 4.6000e+00 4.0344e+01 1.0825e+01 1.1100e+00 6.6000e+00 6.8000e+00 5.4000e+00 4.2011e+01 1.0812e+01 1.5600e-01 7.2000e+00 7.1000e+00 2.8000e+00 5.5686e+01 1.2194e+01 1.2000e-01 7.4000e+00 4.3000e+00 7.7000e+00 5.2990e+01 1.0454e+01 1.4200e-01 7.4000e+00 6.5000e+00 2.3000e+00 5.8101e+01
1.0077e+01 1.0710e+00 7.5000e+00 1.3500e+01 4.2000e+00 4.2605e+01 1.1767e+01 1.0910e+00 7.2000e+00 6.8000e+00 7.7000e+00 4.9689e+01 1.2194e+01 1.2000e-01 7.4000e+00 4.3000e+00 7.7000e+00 5.2990e+01 1.0454e+01 1.4200e-01 7.4000e+00 6.5000e+00 2.3000e+00 5.8101e+01 1.3253e+01 9.3000e-02 7.6000e+00 8.7000e+00 2.5000e+00 4.3696e+01
1.1507e+01 8.0500e-01 7.5000e+00 6.8000e+00 4.1000e+00 3.4578e+01 1.1633e+01 5.4300e-01 6.9000e+00 7.8000e+00 2.5000e+00 3.3901e+01 1.0454e+01 1.4200e-01 7.4000e+00 6.5000e+00 2.3000e+00 5.8101e+01 1.3253e+01 9.3000e-02 7.6000e+00 8.7000e+00 2.5000e+00 4.3696e+01 1.4577e+01 1.4500e-01 7.5000e+00 9.8000e+00 1.8000e+00 4.5135e+01
1.3501e+01 9.7300e-01 8.1000e+00 7.6000e+00 5.5000e+00 4.1699e+01 1.4536e+01 7.3800e-01 7.3000e+00 7.8000e+00 8.2000e+00 4.2890e+01 1.3253e+01 9.3000e-02 7.6000e+00 8.7000e+00 2.5000e+00 4.3696e+01 1.4577e+01 1.4500e-01 7.5000e+00 9.8000e+00 1.8000e+00 4.5135e+01 1.3881e+01 9.3000e-02 7.3000e+00 1.0200e+01 6.4000e+00 4.1377e+01
1.2094e+01 1.1930e+00 7.4000e+00 8.5000e+00 8.3000e+00 3.3901e+01 1.3567e+01 3.3600e-01 7.2000e+00 1.0000e+01 8.5000e+00 1.4811e+01 1.4577e+01 1.4500e-01 7.5000e+00 9.8000e+00 1.8000e+00 4.5135e+01 1.3881e+01 9.3000e-02 7.3000e+00 1.0200e+01 6.4000e+00 4.1377e+01 1.4776e+01 8.2000e-02 7.2000e+00 1.1100e+01 5.1000e+00 4.1699e+01
1.2095e+01 1.0550e+00 7.8000e+00 8.1000e+00 8.5000e+00 4.7845e+01 1.2977e+01 2.9800e-01 7.2000e+00 9.6000e+00 6.6000e+00 3.5211e+01 1.3881e+01 9.3000e-02 7.3000e+00 1.0200e+01 6.4000e+00 4.1377e+01 1.4776e+01 8.2000e-02 7.2000e+00 1.1100e+01 5.1000e+00 4.1699e+01 1.3699e+01 1.4300e-01 7.2000e+00 1.0200e+01 9.6000e+00 5.2263e+01
1.3280e+01 1.3110e+00 7.5000e+00 5.3000e+00 1.3200e+01 5.2476e+01 1.5017e+01 3.3600e-01 7.3000e+00 7.9000e+00 2.2700e+01 4.8499e+01 1.4776e+01 8.2000e-02 7.2000e+00 1.1100e+01 5.1000e+00 4.1699e+01 1.3699e+01 1.4300e-01 7.2000e+00 1.0200e+01 9.6000e+00 5.2263e+01 1.4353e+01 1.4100e-01 7.1000e+00 9.7000e+00 7.4000e+00 4.3696e+01
1.1478e+01 1.2540e+00 7.5000e+00 5.3000e+00 1.0800e+01 4.1045e+01 1.1772e+01 1.6400e-01 7.2000e+00 5.9000e+00 1.0700e+01 4.9260e+01 1.3699e+01 1.4300e-01 7.2000e+00 1.0200e+01 9.6000e+00 5.2263e+01 1.4353e+01 1.4100e-01 7.1000e+00 9.7000e+00 7.4000e+00 4.3696e+01 1.5920e+01 1.1500e-01 7.2000e+00 8.3000e+00 9.5000e+00 5.0235e+01
1.4238e+01 1.4520e+00 7.5000e+00 5.0000e+00 1.4000e+01 4.9548e+01 1.4889e+01 1.4800e-01 7.7000e+00 6.1000e+00 2.1000e+00 5.2581e+01 1.4353e+01 1.4100e-01 7.1000e+00 9.7000e+00 7.4000e+00 4.3696e+01 1.5920e+01 1.1500e-01 7.2000e+00 8.3000e+00 9.5000e+00 5.0235e+01 1.2766e+01 8.6000e-02 7.4000e+00 7.9000e+00 8.3000e+00 4.8810e+01
1.1275e+01 1.0700e+00 7.6000e+00 4.1000e+00 3.7000e+00 4.7500e+01 1.1539e+01 1.6400e-01 7.2000e+00 5.8000e+00 4.4000e+00 4.4200e+01 1.5920e+01 1.1500e-01 7.2000e+00 8.3000e+00 9.5000e+00 5.0235e+01 1.2766e+01 8.6000e-02 7.4000e+00 7.9000e+00 8.3000e+00 4.8810e+01 1.0997e+01 9.1000e-02 7.4000e+00 6.5000e+00 2.5000e+00 4.2890e+01
9.1430e+00 4.3200e-01 7.8000e+00 6.4000e+00 2.6000e+00 5.3478e+01 1.0812e+01 1.5600e-01 7.2000e+00 7.1000e+00 2.8000e+00 5.5686e+01 1.2766e+01 8.6000e-02 7.4000e+00 7.9000e+00 8.3000e+00 4.8810e+01 1.0997e+01 9.1000e-02 7.4000e+00 6.5000e+00 2.5000e+00 4.2890e+01 8.5580e+00 8.5000e-02 7.1000e+00 6.6000e+00 3.8000e+00 2.7101e+01
1.0790e+01 6.5200e-01 7.9000e+00 6.2000e+00 2.3000e+00 5.4474e+01 1.2194e+01 1.2000e-01 7.4000e+00 4.3000e+00 7.7000e+00 5.2990e+01 1.0997e+01 9.1000e-02 7.4000e+00 6.5000e+00 2.5000e+00 4.2890e+01 8.5580e+00 8.5000e-02 7.1000e+00 6.6000e+00 3.8000e+00 2.7101e+01 1.0348e+01 7.3000e-02 7.0000e+00 7.6000e+00 5.0000e+00 4.7674e+01
1.0825e+01 1.1100e+00 6.6000e+00 6.8000e+00 5.4000e+00 4.2011e+01 1.0454e+01 1.4200e-01 7.4000e+00 6.5000e+00 2.3000e+00 5.8101e+01 8.5580e+00 8.5000e-02 7.1000e+00 6.6000e+00 3.8000e+00 2.7101e+01 1.0348e+01 7.3000e-02 7.0000e+00 7.6000e+00 5.0000e+00 4.7674e+01 1.1545e+01 9.2000e-02 7.0000e+00 8.6000e+00 4.6000e+00 4.7144e+01
1.1767e+01 1.0910e+00 7.2000e+00 6.8000e+00 7.7000e+00 4.9689e+01 1.3253e+01 9.3000e-02 7.6000e+00 8.7000e+00 2.5000e+00 4.3696e+01 1.0348e+01 7.3000e-02 7.0000e+00 7.6000e+00 5.0000e+00 4.7674e+01 1.1545e+01 9.2000e-02 7.0000e+00 8.6000e+00 4.6000e+00 4.7144e+01 1.0881e+01 6.1000e-02 7.1000e+00 7.4000e+00 3.0000e+00 4.9548e+01
1.1633e+01 5.4300e-01 6.9000e+00 7.8000e+00 2.5000e+00 3.3901e+01 1.4577e+01 1.4500e-01 7.5000e+00 9.8000e+00 1.8000e+00 4.5135e+01 1.1545e+01 9.2000e-02 7.0000e+00 8.6000e+00 4.6000e+00 4.7144e+01 1.0881e+01 6.1000e-02 7.1000e+00 7.4000e+00 3.0000e+00 4.9548e+01 1.3601e+01 5.3000e-02 7.4000e+00 1.1000e+01 6.1000e+00 3.3901e+01
1.4536e+01 7.3800e-01 7.3000e+00 7.8000e+00 8.2000e+00 4.2890e+01 1.3881e+01 9.3000e-02 7.3000e+00 1.0200e+01 6.4000e+00 4.1377e+01 1.0881e+01 6.1000e-02 7.1000e+00 7.4000e+00 3.0000e+00 4.9548e+01 1.3601e+01 5.3000e-02 7.4000e+00 1.1000e+01 6.1000e+00 3.3901e+01 1.4683e+01 4.8000e-02 7.2000e+00 1.0800e+01 4.3000e+00 2.9566e+01
1.3567e+01 3.3600e-01 7.2000e+00 1.0000e+01 8.5000e+00 1.4811e+01 1.4776e+01 8.2000e-02 7.2000e+00 1.1100e+01 5.1000e+00 4.1699e+01 1.3601e+01 5.3000e-02 7.4000e+00 1.1000e+01 6.1000e+00 3.3901e+01 1.4683e+01 4.8000e-02 7.2000e+00 1.0800e+01 4.3000e+00 2.9566e+01 1.5215e+01 5.1000e-02 7.2000e+00 1.1700e+01 5.6000e+00 5.4123e+01
1.2977e+01 2.9800e-01 7.2000e+00 9.6000e+00 6.6000e+00 3.5211e+01 1.3699e+01 1.4300e-01 7.2000e+00 1.0200e+01 9.6000e+00 5.2263e+01 1.4683e+01 4.8000e-02 7.2000e+00 1.0800e+01 4.3000e+00 2.9566e+01 1.5215e+01 5.1000e-02 7.2000e+00 1.1700e+01 5.6000e+00 5.4123e+01 1.5184e+01 6.4000e-02 7.0000e+00 9.1000e+00 1.4800e+01 5.1822e+01
1.5017e+01 3.3600e-01 7.3000e+00 7.9000e+00 2.2700e+01 4.8499e+01 1.4353e+01 1.4100e-01 7.1000e+00 9.7000e+00 7.4000e+00 4.3696e+01 1.5215e+01 5.1000e-02 7.2000e+00 1.1700e+01 5.6000e+00 5.4123e+01 1.5184e+01 6.4000e-02 7.0000e+00 9.1000e+00 1.4800e+01 5.1822e+01 1.2771e+01 5.9000e-02 7.9000e+00 9.8000e+00 6.6000e+00 4.9829e+01
1.1772e+01 1.6400e-01 7.2000e+00 5.9000e+00 1.0700e+01 4.9260e+01 1.5920e+01 1.1500e-01 7.2000e+00 8.3000e+00 9.5000e+00 5.0235e+01 1.5184e+01 6.4000e-02 7.0000e+00 9.1000e+00 1.4800e+01 5.1822e+01 1.2771e+01 5.9000e-02 7.9000e+00 9.8000e+00 6.6000e+00 4.9829e+01 1.2239e+01 9.4000e-02 7.4000e+00 8.9000e+00 5.3000e+00 5.1121e+01
1.4889e+01 1.4800e-01 7.7000e+00 6.1000e+00 2.1000e+00 5.2581e+01 1.2766e+01 8.6000e-02 7.4000e+00 7.9000e+00 8.3000e+00 4.8810e+01 1.2771e+01 5.9000e-02 7.9000e+00 9.8000e+00 6.6000e+00 4.9829e+01 1.2239e+01 9.4000e-02 7.4000e+00 8.9000e+00 5.3000e+00 5.1121e+01 1.2024e+01 9.8000e-02 7.1000e+00 7.7000e+00 5.1000e+00 5.3667e+01
1.1539e+01 1.6400e-01 7.2000e+00 5.8000e+00 4.4000e+00 4.4200e+01 1.0997e+01 9.1000e-02 7.4000e+00 6.5000e+00 2.5000e+00 4.2890e+01 1.2239e+01 9.4000e-02 7.4000e+00 8.9000e+00 5.3000e+00 5.1121e+01 1.2024e+01 9.8000e-02 7.1000e+00 7.7000e+00 5.1000e+00 5.3667e+01 8.1330e+00 8.6000e-02 7.2000e+00 6.4000e+00 4.1000e+00 4.3435e+01
1.0812e+01 1.5600e-01 7.2000e+00 7.1000e+00 2.8000e+00 5.5686e+01 8.5580e+00 8.5000e-02 7.1000e+00 6.6000e+00 3.8000e+00 2.7101e+01 1.2024e+01 9.8000e-02 7.1000e+00 7.7000e+00 5.1000e+00 5.3667e+01 8.1330e+00 8.6000e-02 7.2000e+00 6.4000e+00 4.1000e+00 4.3435e+01 1.2778e+01 4.9000e-02 7.0000e+00 7.3000e+00 2.3000e+00 6.6640e+01
1.2194e+01 1.2000e-01 7.4000e+00 4.3000e+00 7.7000e+00 5.2990e+01 1.0348e+01 7.3000e-02 7.0000e+00 7.6000e+00 5.0000e+00 4.7674e+01 8.1330e+00 8.6000e-02 7.2000e+00 6.4000e+00 4.1000e+00 4.3435e+01 1.2778e+01 4.9000e-02 7.0000e+00 7.3000e+00 2.3000e+00 6.6640e+01 9.6490e+00 1.2400e-01 7.3000e+00 6.4000e+00 5.4000e+00 3.7400e+01
1.0454e+01 1.4200e-01 7.4000e+00 6.5000e+00 2.3000e+00 5.8101e+01 1.1545e+01 9.2000e-02 7.0000e+00 8.6000e+00 4.6000e+00 4.7144e+01 1.2778e+01 4.9000e-02 7.0000e+00 7.3000e+00 2.3000e+00 6.6640e+01 9.6490e+00 1.2400e-01 7.3000e+00 6.4000e+00 5.4000e+00 3.7400e+01 1.0277e+01 9.6000e-02 7.5000e+00 7.8000e+00 6.6000e+00 4.8012e+01
1.3253e+01 9.3000e-02 7.6000e+00 8.7000e+00 2.5000e+00 4.3696e+01 1.0881e+01 6.1000e-02 7.1000e+00 7.4000e+00 3.0000e+00 4.9548e+01 9.6490e+00 1.2400e-01 7.3000e+00 6.4000e+00 5.4000e+00 3.7400e+01 1.0277e+01 9.6000e-02 7.5000e+00 7.8000e+00 6.6000e+00 4.8012e+01 1.1728e+01 8.2000e-02 7.2000e+00 8.7000e+00 2.3000e+00 4.8962e+01
1.4577e+01 1.4500e-01 7.5000e+00 9.8000e+00 1.8000e+00 4.5135e+01 1.3601e+01 5.3000e-02 7.4000e+00 1.1000e+01 6.1000e+00 3.3901e+01 1.0277e+01 9.6000e-02 7.5000e+00 7.8000e+00 6.6000e+00 4.8012e+01 1.1728e+01 8.2000e-02 7.2000e+00 8.7000e+00 2.3000e+00 4.8962e+01 1.1972e+01 2.9000e-02 7.3000e+00 9.8000e+00 4.8000e+00 4.6190e+01
1.4776e+01 8.2000e-02 7.2000e+00 1.1100e+01 5.1000e+00 4.1699e+01 1.5215e+01 5.1000e-02 7.2000e+00 1.1700e+01 5.6000e+00 5.4123e+01 1.1972e+01 2.9000e-02 7.3000e+00 9.8000e+00 4.8000e+00 4.6190e+01 4.4400e+00 5.1000e-02 7.8000e+00 1.0400e+01 1.9000e+00 4.9548e+01 1.5432e+01 4.0000e-02 7.1000e+00 1.0600e+01 7.1000e+00 5.0366e+01
1.3699e+01 1.4300e-01 7.2000e+00 1.0200e+01 9.6000e+00 5.2263e+01 1.5184e+01 6.4000e-02 7.0000e+00 9.1000e+00 1.4800e+01 5.1822e+01 4.4400e+00 5.1000e-02 7.8000e+00 1.0400e+01 1.9000e+00 4.9548e+01 1.5432e+01 4.0000e-02 7.1000e+00 1.0600e+01 7.1000e+00 5.0366e+01 1.3995e+01 4.6000e-02 6.8000e+00 9.3000e+00 3.2000e+00 4.4909e+01
1.4353e+01 1.4100e-01 7.1000e+00 9.7000e+00 7.4000e+00 4.3696e+01 1.2771e+01 5.9000e-02 7.9000e+00 9.8000e+00 6.6000e+00 4.9829e+01 1.5432e+01 4.0000e-02 7.1000e+00 1.0600e+01 7.1000e+00 5.0366e+01 1.3995e+01 4.6000e-02 6.8000e+00 9.3000e+00 3.2000e+00 4.4909e+01 1.3391e+01 5.1000e-02 7.3000e+00 8.8000e+00 2.5000e+00 5.2263e+01
1.5920e+01 1.1500e-01 7.2000e+00 8.3000e+00 9.5000e+00 5.0235e+01 1.2239e+01 9.4000e-02 7.4000e+00 8.9000e+00 5.3000e+00 5.1121e+01 1.3995e+01 4.6000e-02 6.8000e+00 9.3000e+00 3.2000e+00 4.4909e+01 1.3391e+01 5.1000e-02 7.3000e+00 8.8000e+00 2.5000e+00 5.2263e+01 1.1415e+01 8.2000e-02 7.7000e+00 9.8000e+00 8.0000e+00 6.4537e+01
1.2766e+01 8.6000e-02 7.4000e+00 7.9000e+00 8.3000e+00 4.8810e+01 1.2024e+01 9.8000e-02 7.1000e+00 7.7000e+00 5.1000e+00 5.3667e+01 1.3391e+01 5.1000e-02 7.3000e+00 8.8000e+00 2.5000e+00 5.2263e+01 1.1415e+01 8.2000e-02 7.7000e+00 9.8000e+00 8.0000e+00 6.4537e+01 1.0977e+01 1.2300e-01 7.1000e+00 5.5000e+00 2.5000e+00 5.8101e+01
1.0997e+01 9.1000e-02 7.4000e+00 6.5000e+00 2.5000e+00 4.2890e+01 8.1330e+00 8.6000e-02 7.2000e+00 6.4000e+00 4.1000e+00 4.3435e+01 1.1415e+01 8.2000e-02 7.7000e+00 9.8000e+00 8.0000e+00 6.4537e+01 1.0977e+01 1.2300e-01 7.1000e+00 5.5000e+00 2.5000e+00 5.8101e+01 1.1523e+01 7.2000e-02 7.7000e+00 7.9000e+00 4.0000e+00 6.3667e+01
8.5580e+00 8.5000e-02 7.1000e+00 6.6000e+00 3.8000e+00 2.7101e+01 1.2778e+01 4.9000e-02 7.0000e+00 7.3000e+00 2.3000e+00 6.6640e+01 1.0977e+01 1.2300e-01 7.1000e+00 5.5000e+00 2.5000e+00 5.8101e+01 1.1523e+01 7.2000e-02 7.7000e+00 7.9000e+00 4.0000e+00 6.3667e+01 7.7310e+00 1.5400e-01 7.5000e+00 6.3000e+00 3.0000e+00 3.5211e+01
1.0348e+01 7.3000e-02 7.0000e+00 7.6000e+00 5.0000e+00 4.7674e+01 9.6490e+00 1.2400e-01 7.3000e+00 6.4000e+00 5.4000e+00 3.7400e+01 1.1523e+01 7.2000e-02 7.7000e+00 7.9000e+00 4.0000e+00 6.3667e+01 7.7310e+00 1.5400e-01 7.5000e+00 6.3000e+00 3.0000e+00 3.5211e+01 9.1070e+00 8.5000e-02 7.7000e+00 8.1000e+00 6.2000e+00 5.5219e+01
1.1545e+01 9.2000e-02 7.0000e+00 8.6000e+00 4.6000e+00 4.7144e+01 1.0277e+01 9.6000e-02 7.5000e+00 7.8000e+00 6.6000e+00 4.8012e+01 7.7310e+00 1.5400e-01 7.5000e+00 6.3000e+00 3.0000e+00 3.5211e+01 9.1070e+00 8.5000e-02 7.7000e+00 8.1000e+00 6.2000e+00 5.5219e+01 1.0645e+01 1.2900e-01 7.6000e+00 5.2000e+00 2.5000e+00 3.5805e+01
1.0881e+01 6.1000e-02 7.1000e+00 7.4000e+00 3.0000e+00 4.9548e+01 1.1728e+01 8.2000e-02 7.2000e+00 8.7000e+00 2.3000e+00 4.8962e+01 9.1070e+00 8.5000e-02 7.7000e+00 8.1000e+00 6.2000e+00 5.5219e+01 1.0645e+01 1.2900e-01 7.6000e+00 5.2000e+00 2.5000e+00 3.5805e+01 1.1650e+01 7.4000e-02 7.5000e+00 9.7000e+00 9.0000e-01 2.3800e+01
1.3601e+01 5.3000e-02 7.4000e+00 1.1000e+01 6.1000e+00 3.3901e+01 1.1972e+01 2.9000e-02 7.3000e+00 9.8000e+00 4.8000e+00 4.6190e+01 1.0645e+01 1.2900e-01 7.6000e+00 5.2000e+00 2.5000e+00 3.5805e+01 1.1650e+01 7.4000e-02 7.5000e+00 9.7000e+00 9.0000e-01 2.3800e+01 1.1174e+01 7.3000e-02 7.7000e+00 1.0700e+01 3.0000e+00 3.0600e+01
1.4683e+01 4.8000e-02 7.2000e+00 1.0800e+01 4.3000e+00 2.9566e+01 4.4400e+00 5.1000e-02 7.8000e+00 1.0400e+01 1.9000e+00 4.9548e+01 1.1650e+01 7.4000e-02 7.5000e+00 9.7000e+00 9.0000e-01 2.3800e+01 1.1174e+01 7.3000e-02 7.7000e+00 1.0700e+01 3.0000e+00 3.0600e+01 1.1700e+01 5.2000e-02 7.4000e+00 9.9000e+00 2.6000e+00 2.1611e+01
1.5215e+01 5.1000e-02 7.2000e+00 1.1700e+01 5.6000e+00 5.4123e+01 1.5432e+01 4.0000e-02 7.1000e+00 1.0600e+01 7.1000e+00 5.0366e+01 1.1174e+01 7.3000e-02 7.7000e+00 1.0700e+01 3.0000e+00 3.0600e+01 1.1700e+01 5.2000e-02 7.4000e+00 9.9000e+00 2.6000e+00 2.1611e+01 1.2974e+01 7.0000e-02 6.8000e+00 9.2000e+00 1.7000e+00 3.1535e+01
1.5184e+01 6.4000e-02 7.0000e+00 9.1000e+00 1.4800e+01 5.1822e+01 1.3995e+01 4.6000e-02 6.8000e+00 9.3000e+00 3.2000e+00 4.4909e+01 1.1700e+01 5.2000e-02 7.4000e+00 9.9000e+00 2.6000e+00 2.1611e+01 1.2974e+01 7.0000e-02 6.8000e+00 9.2000e+00 1.7000e+00 3.1535e+01 1.3826e+01 6.8000e-02 7.0000e+00 9.3000e+00 2.9000e+00 4.6190e+01
1.2771e+01 5.9000e-02 7.9000e+00 9.8000e+00 6.6000e+00 4.9829e+01 1.3391e+01 5.1000e-02 7.3000e+00 8.8000e+00 2.5000e+00 5.2263e+01 1.2974e+01 7.0000e-02 6.8000e+00 9.2000e+00 1.7000e+00 3.1535e+01 1.3826e+01 6.8000e-02 7.0000e+00 9.3000e+00 2.9000e+00 4.6190e+01 1.2622e+01 5.3000e-02 7.8000e+00 9.2000e+00 1.9000e+00 4.8656e+01
1.3152e+01 9.2200e-01 7.2000e+00 5.4000e+00 7.7000e+00 4.3696e+01 1.7688e+01 9.4100e-01 7.6000e+00 6.9000e+00 2.1400e+01 4.4909e+01 1.1496e+01 1.3060e+00 7.5000e+00 7.0000e+00 9.4000e+00 3.9589e+01 1.2989e+01 1.9400e+00 7.6000e+00 6.0000e+00 1.0500e+01 4.5988e+01 4.4400e+00 5.1000e-02 7.8000e+00 1.0400e+01 1.9000e+00 4.9548e+01
1.3881e+01 9.3000e-02 7.3000e+00 1.0200e+01 6.4000e+00 4.1377e+01 1.4683e+01 4.8000e-02 7.2000e+00 1.0800e+01 4.3000e+00 2.9566e+01 1.1728e+01 8.2000e-02 7.2000e+00 8.7000e+00 2.3000e+00 4.8962e+01 1.1972e+01 2.9000e-02 7.3000e+00 9.8000e+00 4.8000e+00 4.6190e+01 4.4400e+00 5.1000e-02 7.8000e+00 1.0400e+01 1.9000e+00 4.9548e+01
