1.1280e+01 8.2000e-02 7.9000e+00 1.3700e+01 3.4000e+00 3.7400e+01 8.4960e+00 2.7400e-01 7.6000e+00 1.3700e+01 5.0000e+00 4.2011e+01 5.4320e+00 3.8000e-02 7.9000e+00 9.6000e+00 2.9000e+00 3.6366e+01 8.6480e+00 1.5400e-01 8.9000e+00 1.3600e+01 1.6000e+00 4.1377e+01 9.4080e+00 5.3000e-02 8.3000e+00 1.5200e+01 2.6000e+00 5.0876e+01
1.3104e+01 1.9000e-02 8.3000e+00 1.3400e+01 3.1000e+00 8.0116e+00 1.0800e+01 2.0200e-01 7.9000e+00 1.3800e+01 2.9000e+00 4.6583e+01 8.6480e+00 1.5400e-01 8.9000e+00 1.3600e+01 1.6000e+00 4.1377e+01 9.4080e+00 5.3000e-02 8.3000e+00 1.5200e+01 2.6000e+00 5.0876e+01 8.9760e+00 6.2000e-02 8.1000e+00 1.3000e+01 2.2000e+00 3.8771e+01
1.0416e+01 3.4000e-02 7.9000e+00 9.9000e+00 3.5000e+00 2.7101e+01 1.2072e+01 2.6900e-01 7.3000e+00 1.2400e+01 3.5000e+00 3.9188e+01 9.4080e+00 5.3000e-02 8.3000e+00 1.5200e+01 2.6000e+00 5.0876e+01 8.9760e+00 6.2000e-02 8.1000e+00 1.3000e+01 2.2000e+00 3.8771e+01 7.8600e+00 2.4000e-02 8.2000e+00 1.1700e+01 3.8000e+00 5.0624e+01
9.0720e+00 3.8000e-02 7.8000e+00 1.1200e+01 2.9000e+00 4.1045e+01 6.0480e+00 4.0800e-01 7.5000e+00 1.0300e+01 6.2000e+00 5.5377e+01 8.9760e+00 6.2000e-02 8.1000e+00 1.3000e+01 2.2000e+00 3.8771e+01 7.8600e+00 2.4000e-02 8.2000e+00 1.1700e+01 3.8000e+00 5.0624e+01 7.3800e+00 3.8000e-02 8.0000e+00 6.2000e+00 4.7000e+00 4.5988e+01
5.4480e+00 1.1000e-01 8.3000e+00 8.1000e+00 2.6000e+00 4.9548e+01 6.0000e+00 1.0100e-01 7.3000e+00 8.0000e+00 5.9000e+00 4.5135e+01 7.8600e+00 2.4000e-02 8.2000e+00 1.1700e+01 3.8000e+00 5.0624e+01 7.3800e+00 3.8000e-02 8.0000e+00 6.2000e+00 4.7000e+00 4.5988e+01 7.8840e+00 6.7000e-02 8.0000e+00 7.9000e+00 3.3000e+00 4.6960e+01
4.3920e+00 1.4900e-01 8.3000e+00 7.7000e+00 2.8000e+00 4.1045e+01 5.4360e+00 1.3900e-01 7.4000e+00 7.8000e+00 4.4000e+00 6.2562e+01 7.3800e+00 3.8000e-02 8.0000e+00 6.2000e+00 4.7000e+00 4.5988e+01 7.8840e+00 6.7000e-02 8.0000e+00 7.9000e+00 3.3000e+00 4.6960e+01 5.5680e+00 9.1000e-02 7.4000e+00 7.7000e+00 3.2000e+00 4.3951e+01
4.6560e+00 1.7300e-01 7.9000e+00 9.3000e+00 2.6000e+00 4.7144e+01 5.4840e+00 2.2600e-01 7.5000e+00 7.5000e+00 1.5000e+00 4.9260e+01 7.8840e+00 6.7000e-02 8.0000e+00 7.9000e+00 3.3000e+00 4.6960e+01 5.5680e+00 9.1000e-02 7.4000e+00 7.7000e+00 3.2000e+00 4.3951e+01 4.1040e+00 1.1500e-01 7.6000e+00 8.6000e+00 2.2000e+00 4.1377e+01
6.7920e+00 3.7000e-01 7.7000e+00 7.1000e+00 3.8000e+00 4.0701e+01 3.6840e+00 2.0200e-01 7.9000e+00 1.0300e+01 2.6000e+00 5.9009e+01 5.5680e+00 9.1000e-02 7.4000e+00 7.7000e+00 3.2000e+00 4.3951e+01 4.1040e+00 1.1500e-01 7.6000e+00 8.6000e+00 2.2000e+00 4.1377e+01 4.5240e+00 8.2000e-02 7.7000e+00 9.6000e+00 2.3000e+00 5.4474e+01
5.1600e+00 2.2600e-01 8.4000e+00 9.5000e+00 1.5000e+00 4.9548e+01 5.5680e+00 1.9700e-01 7.8000e+00 8.4000e+00 2.4000e+00 4.0701e+01 4.1040e+00 1.1500e-01 7.6000e+00 8.6000e+00 2.2000e+00 4.1377e+01 4.5240e+00 8.2000e-02 7.7000e+00 9.6000e+00 2.3000e+00 5.4474e+01 6.3720e+00 5.8000e-02 7.9000e+00 1.3100e+01 1.6000e+00 4.0344e+01
5.1840e+00 1.3400e-01 8.0000e+00 9.6000e+00 2.8000e+00 4.5355e+01 5.6560e+00 1.3400e-01 8.1000e+00 1.0900e+01 1.7000e+00 4.5988e+01 4.5240e+00 8.2000e-02 7.7000e+00 9.6000e+00 2.3000e+00 5.4474e+01 6.3720e+00 5.8000e-02 7.9000e+00 1.3100e+01 1.6000e+00 4.0344e+01 6.9360e+00 6.7000e-02 7.7000e+00 9.7000e+00 1.1000e+00 4.8499e+01
5.4720e+00 5.4720e+00 8.1000e+00 1.0900e+01 2.3000e+00 3.3174e+01 5.4320e+00 3.8000e-02 7.9000e+00 9.6000e+00 2.9000e+00 3.6366e+01 6.3720e+00 5.8000e-02 7.9000e+00 1.3100e+01 1.6000e+00 4.0344e+01 6.9360e+00 6.7000e-02 7.7000e+00 9.7000e+00 1.1000e+00 4.8499e+01 7.6920e+00 3.4000e-02 7.6000e+00 1.2200e+01 1.9000e+00 4.2011e+01
8.3400e+00 2.5900e-01 8.2000e+00 1.1800e+01 3.6000e+00 3.3901e+01 8.6480e+00 1.5400e-01 8.9000e+00 1.3600e+01 1.6000e+00 4.1377e+01 6.9360e+00 6.7000e-02 7.7000e+00 9.7000e+00 1.1000e+00 4.8499e+01 7.6920e+00 3.4000e-02 7.6000e+00 1.2200e+01 1.9000e+00 4.2011e+01 9.3840e+00 7.2000e-02 7.8000e+00 1.1300e+01 1.8000e+00 3.3901e+01
8.4960e+00 2.7400e-01 7.6000e+00 1.3700e+01 5.0000e+00 4.2011e+01 9.4080e+00 5.3000e-02 8.3000e+00 1.5200e+01 2.6000e+00 5.0876e+01 7.6920e+00 3.4000e-02 7.6000e+00 1.2200e+01 1.9000e+00 4.2011e+01 9.3840e+00 7.2000e-02 7.8000e+00 1.1300e+01 1.8000e+00 3.3901e+01 8.9520e+00 5.8000e-02 8.1000e+00 1.2500e+01 1.7000e+00 4.6773e+01
1.0800e+01 2.0200e-01 7.9000e+00 1.3800e+01 2.9000e+00 4.6583e+01 8.9760e+00 6.2000e-02 8.1000e+00 1.3000e+01 2.2000e+00 3.8771e+01 9.3840e+00 7.2000e-02 7.8000e+00 1.1300e+01 1.8000e+00 3.3901e+01 8.9520e+00 5.8000e-02 8.1000e+00 1.2500e+01 1.7000e+00 4.6773e+01 9.9120e+00 3.4000e-02 7.9000e+00 1.2400e+01 2.2000e+00 2.5589e+01
1.2072e+01 2.6900e-01 7.3000e+00 1.2400e+01 3.5000e+00 3.9188e+01 7.8600e+00 2.4000e-02 8.2000e+00 1.1700e+01 3.8000e+00 5.0624e+01 8.9520e+00 5.8000e-02 8.1000e+00 1.2500e+01 1.7000e+00 4.6773e+01 9.9120e+00 3.4000e-02 7.9000e+00 1.2400e+01 2.2000e+00 2.5589e+01 8.3040e+00 5.8000e-02 7.7000e+00 9.6000e+00 2.9000e+00 4.5782e+01
6.0480e+00 4.0800e-01 7.5000e+00 1.0300e+01 6.2000e+00 5.5377e+01 7.3800e+00 3.8000e-02 8.0000e+00 6.2000e+00 4.7000e+00 4.5988e+01 9.9120e+00 3.4000e-02 7.9000e+00 1.2400e+01 2.2000e+00 2.5589e+01 8.3040e+00 5.8000e-02 7.7000e+00 9.6000e+00 2.9000e+00 4.5782e+01 6.8470e+00 2.4000e-02 8.0000e+00 1.0400e+01 2.3000e+00 4.1377e+01
6.0000e+00 1.0100e-01 7.3000e+00 8.0000e+00 5.9000e+00 4.5135e+01 7.8840e+00 6.7000e-02 8.0000e+00 7.9000e+00 3.3000e+00 4.6960e+01 8.3040e+00 5.8000e-02 7.7000e+00 9.6000e+00 2.9000e+00 4.5782e+01 6.8470e+00 2.4000e-02 8.0000e+00 1.0400e+01 2.3000e+00 4.1377e+01 6.3360e+00 4.6000e-02 7.9000e+00 8.8000e+00 3.4000e+00 4.7845e+01
5.4360e+00 1.3900e-01 7.4000e+00 7.8000e+00 4.4000e+00 6.2562e+01 5.5680e+00 9.1000e-02 7.4000e+00 7.7000e+00 3.2000e+00 4.3951e+01 6.8470e+00 2.4000e-02 8.0000e+00 1.0400e+01 2.3000e+00 4.1377e+01 6.3360e+00 4.6000e-02 7.9000e+00 8.8000e+00 3.4000e+00 4.7845e+01 5.5780e+00 6.3000e-02 8.4000e+00 9.1000e+00 1.2000e+00 5.5456e+01
5.4840e+00 2.2600e-01 7.5000e+00 7.5000e+00 1.5000e+00 4.9260e+01 4.1040e+00 1.1500e-01 7.6000e+00 8.6000e+00 2.2000e+00 4.1377e+01 6.3360e+00 4.6000e-02 7.9000e+00 8.8000e+00 3.4000e+00 4.7845e+01 5.5780e+00 6.3000e-02 8.4000e+00 9.1000e+00 1.2000e+00 5.5456e+01 4.5070e+00 5.5000e-02 8.1000e+00 6.9000e+00 2.9000e+00 6.7790e+01
3.6840e+00 2.0200e-01 7.9000e+00 1.0300e+01 2.6000e+00 5.9009e+01 4.5240e+00 8.2000e-02 7.7000e+00 9.6000e+00 2.3000e+00 5.4474e+01 5.5780e+00 6.3000e-02 8.4000e+00 9.1000e+00 1.2000e+00 5.5456e+01 4.5070e+00 5.5000e-02 8.1000e+00 6.9000e+00 2.9000e+00 6.7790e+01 4.8510e+00 7.8000e-02 7.7000e+00 9.1000e+00 1.9000e+00 4.0701e+01
5.5680e+00 1.9700e-01 7.8000e+00 8.4000e+00 2.4000e+00 4.0701e+01 6.3720e+00 5.8000e-02 7.9000e+00 1.3100e+01 1.6000e+00 4.0344e+01 4.5070e+00 5.5000e-02 8.1000e+00 6.9000e+00 2.9000e+00 6.7790e+01 4.8510e+00 7.8000e-02 7.7000e+00 9.1000e+00 1.9000e+00 4.0701e+01 5.6060e+00 6.0000e-02 8.1000e+00 6.0000e+00 1.8000e+00 5.4977e+01
5.6560e+00 1.3400e-01 8.1000e+00 1.0900e+01 1.7000e+00 4.5988e+01 6.9360e+00 6.7000e-02 7.7000e+00 9.7000e+00 1.1000e+00 4.8499e+01 4.8510e+00 7.8000e-02 7.7000e+00 9.1000e+00 1.9000e+00 4.0701e+01 5.6060e+00 6.0000e-02 8.1000e+00 6.0000e+00 1.8000e+00 5.4977e+01 6.6090e+00 8.4000e-02 8.0000e+00 9.5000e+00 6.0000e-01 4.0701e+01
5.4320e+00 3.8000e-02 7.9000e+00 9.6000e+00 2.9000e+00 3.6366e+01 7.6920e+00 3.4000e-02 7.6000e+00 1.2200e+01 1.9000e+00 4.2011e+01 5.6060e+00 6.0000e-02 8.1000e+00 6.0000e+00 1.8000e+00 5.4977e+01 6.6090e+00 8.4000e-02 8.0000e+00 9.5000e+00 6.0000e-01 4.0701e+01 5.1480e+00 4.4000e-02 8.0000e+00 1.6500e+01 2.3000e+00 3.6366e+01
8.6480e+00 1.5400e-01 8.9000e+00 1.3600e+01 1.6000e+00 4.1377e+01 9.3840e+00 7.2000e-02 7.8000e+00 1.1300e+01 1.8000e+00 3.3901e+01 6.6090e+00 8.4000e-02 8.0000e+00 9.5000e+00 6.0000e-01 4.0701e+01 5.1480e+00 4.4000e-02 8.0000e+00 1.6500e+01 2.3000e+00 3.6366e+01 4.7400e+00 1.0000e-02 8.0000e+00 1.1800e+01 1.5000e+00 2.8411e+01
9.4080e+00 5.3000e-02 8.3000e+00 1.5200e+01 2.6000e+00 5.0876e+01 8.9520e+00 5.8000e-02 8.1000e+00 1.2500e+01 1.7000e+00 4.6773e+01 5.1480e+00 4.4000e-02 8.0000e+00 1.6500e+01 2.3000e+00 3.6366e+01 4.7400e+00 1.0000e-02 8.0000e+00 1.1800e+01 1.5000e+00 2.8411e+01 3.9030e+00 2.7000e-02 8.0000e+00 1.2000e+01 3.3000e+00 3.8335e+01
8.9760e+00 6.2000e-02 8.1000e+00 1.3000e+01 2.2000e+00 3.8771e+01 9.9120e+00 3.4000e-02 7.9000e+00 1.2400e+01 2.2000e+00 2.5589e+01 4.7400e+00 1.0000e-02 8.0000e+00 1.1800e+01 1.5000e+00 2.8411e+01 3.9030e+00 2.7000e-02 8.0000e+00 1.2000e+01 3.3000e+00 3.8335e+01 4.0880e+00 2.9000e-02 7.5000e+00 9.3000e+00 2.2000e+00 3.8335e+01
7.8600e+00 2.4000e-02 8.2000e+00 1.1700e+01 3.8000e+00 5.0624e+01 8.3040e+00 5.8000e-02 7.7000e+00 9.6000e+00 2.9000e+00 4.5782e+01 3.9030e+00 2.7000e-02 8.0000e+00 1.2000e+01 3.3000e+00 3.8335e+01 4.0880e+00 2.9000e-02 7.5000e+00 9.3000e+00 2.2000e+00 3.8335e+01 4.7790e+00 2.1000e-02 8.1000e+00 1.5000e+01 3.2000e+00 4.3696e+01
7.3800e+00 3.8000e-02 8.0000e+00 6.2000e+00 4.7000e+00 4.5988e+01 6.8470e+00 2.4000e-02 8.0000e+00 1.0400e+01 2.3000e+00 4.1377e+01 4.0880e+00 2.9000e-02 7.5000e+00 9.3000e+00 2.2000e+00 3.8335e+01 4.7790e+00 2.1000e-02 8.1000e+00 1.5000e+01 3.2000e+00 4.3696e+01 4.6210e+00 2.7000e-02 8.1000e+00 9.0000e+00 4.3000e+00 5.0876e+01
7.8840e+00 6.7000e-02 8.0000e+00 7.9000e+00 3.3000e+00 4.6960e+01 6.3360e+00 4.6000e-02 7.9000e+00 8.8000e+00 3.4000e+00 4.7845e+01 4.7790e+00 2.1000e-02 8.1000e+00 1.5000e+01 3.2000e+00 4.3696e+01 4.6210e+00 2.7000e-02 8.1000e+00 9.0000e+00 4.3000e+00 5.0876e+01 4.1880e+00 2.2000e-02 8.0000e+00 9.6000e+00 2.8000e+00 5.2370e+01
5.5680e+00 9.1000e-02 7.4000e+00 7.7000e+00 3.2000e+00 4.3951e+01 5.5780e+00 6.3000e-02 8.4000e+00 9.1000e+00 1.2000e+00 5.5456e+01 4.6210e+00 2.7000e-02 8.1000e+00 9.0000e+00 4.3000e+00 5.0876e+01 4.1880e+00 2.2000e-02 8.0000e+00 9.6000e+00 2.8000e+00 5.2370e+01 5.3120e+00 2.1000e-02 7.9000e+00 9.1000e+00 1.6000e+00 5.3852e+01
4.1040e+00 1.1500e-01 7.6000e+00 8.6000e+00 2.2000e+00 4.1377e+01 4.5070e+00 5.5000e-02 8.1000e+00 6.9000e+00 2.9000e+00 6.7790e+01 4.1880e+00 2.2000e-02 8.0000e+00 9.6000e+00 2.8000e+00 5.2370e+01 5.3120e+00 2.1000e-02 7.9000e+00 9.1000e+00 1.6000e+00 5.3852e+01 5.2660e+00 2.0000e-02 8.2000e+00 9.0000e+00 1.3000e+00 5.0496e+01
4.5240e+00 8.2000e-02 7.7000e+00 9.6000e+00 2.3000e+00 5.4474e+01 4.8510e+00 7.8000e-02 7.7000e+00 9.1000e+00 1.9000e+00 4.0701e+01 5.3120e+00 2.1000e-02 7.9000e+00 9.1000e+00 1.6000e+00 5.3852e+01 5.2660e+00 2.0000e-02 8.2000e+00 9.0000e+00 1.3000e+00 5.0496e+01 4.9790e+00 4.7000e-02 8.0000e+00 8.1000e+00 8.0000e-01 5.1478e+01
6.3720e+00 5.8000e-02 7.9000e+00 1.3100e+01 1.6000e+00 4.0344e+01 5.6060e+00 6.0000e-02 8.1000e+00 6.0000e+00 1.8000e+00 5.4977e+01 5.2660e+00 2.0000e-02 8.2000e+00 9.0000e+00 1.3000e+00 5.0496e+01 4.9790e+00 4.7000e-02 8.0000e+00 8.1000e+00 8.0000e-01 5.1478e+01 5.5400e+00 4.2000e-02 8.2000e+00 9.9000e+00 2.0000e+00 5.4387e+01
6.9360e+00 6.7000e-02 7.7000e+00 9.7000e+00 1.1000e+00 4.8499e+01 6.6090e+00 8.4000e-02 8.0000e+00 9.5000e+00 6.0000e-01 4.0701e+01 4.9790e+00 4.7000e-02 8.0000e+00 8.1000e+00 8.0000e-01 5.1478e+01 5.5400e+00 4.2000e-02 8.2000e+00 9.9000e+00 2.0000e+00 5.4387e+01 6.3480e+00 1.4000e-02 7.7000e+00 9.6000e+00 1.3000e+00 5.1478e+01
7.6920e+00 3.4000e-02 7.6000e+00 1.2200e+01 1.9000e+00 4.2011e+01 5.1480e+00 4.4000e-02 8.0000e+00 1.6500e+01 2.3000e+00 3.6366e+01 5.5400e+00 4.2000e-02 8.2000e+00 9.9000e+00 2.0000e+00 5.4387e+01 6.3480e+00 1.4000e-02 7.7000e+00 9.6000e+00 1.3000e+00 5.1478e+01 7.3960e+00 2.2000e-02 7.9000e+00 9.9000e+00 8.0000e-01 4.8339e+01
9.3840e+00 7.2000e-02 7.8000e+00 1.1300e+01 1.8000e+00 3.3901e+01 4.7400e+00 1.0000e-02 8.0000e+00 1.1800e+01 1.5000e+00 2.8411e+01 6.3480e+00 1.4000e-02 7.7000e+00 9.6000e+00 1.3000e+00 5.1478e+01 7.3960e+00 2.2000e-02 7.9000e+00 9.9000e+00 8.0000e-01 4.8339e+01 6.9310e+00 4.9000e-02 7.3000e+00 1.1100e+01 1.2000e+00 3.2389e+01
8.9520e+00 5.8000e-02 8.1000e+00 1.2500e+01 1.7000e+00 4.6773e+01 3.9030e+00 2.7000e-02 8.0000e+00 1.2000e+01 3.3000e+00 3.8335e+01 7.3960e+00 2.2000e-02 7.9000e+00 9.9000e+00 8.0000e-01 4.8339e+01 6.9310e+00 4.9000e-02 7.3000e+00 1.1100e+01 1.2000e+00 3.2389e+01 7.7080e+00 1.8000e-02 7.9000e+00 9.5000e+00 1.4000e+00 4.2605e+01
9.9120e+00 3.4000e-02 7.9000e+00 1.2400e+01 2.2000e+00 2.5589e+01 4.0880e+00 2.9000e-02 7.5000e+00 9.3000e+00 2.2000e+00 3.8335e+01 6.9310e+00 4.9000e-02 7.3000e+00 1.1100e+01 1.2000e+00 3.2389e+01 7.7080e+00 1.8000e-02 7.9000e+00 9.5000e+00 1.4000e+00 4.2605e+01 7.9890e+00 3.9000e-02 7.7000e+00 1.3100e+01 3.4000e+00 3.0600e+01
8.3040e+00 5.8000e-02 7.7000e+00 9.6000e+00 2.9000e+00 4.5782e+01 4.7790e+00 2.1000e-02 8.1000e+00 1.5000e+01 3.2000e+00 4.3696e+01 7.7080e+00 1.8000e-02 7.9000e+00 9.5000e+00 1.4000e+00 4.2605e+01 7.9890e+00 3.9000e-02 7.7000e+00 1.3100e+01 3.4000e+00 3.0600e+01 6.6790e+00 4.2000e-02 7.7000e+00 1.1400e+01 1.2000e+00 2.8411e+01
6.8470e+00 2.4000e-02 8.0000e+00 1.0400e+01 2.3000e+00 4.1377e+01 4.6210e+00 2.7000e-02 8.1000e+00 9.0000e+00 4.3000e+00 5.0876e+01 7.9890e+00 3.9000e-02 7.7000e+00 1.3100e+01 3.4000e+00 3.0600e+01 6.6790e+00 4.2000e-02 7.7000e+00 1.1400e+01 1.2000e+00 2.8411e+01 6.2710e+00 2.8000e-02 7.8000e+00 9.9000e+00 1.3000e+00 5.5299e+01
6.3360e+00 4.6000e-02 7.9000e+00 8.8000e+00 3.4000e+00 4.7845e+01 4.1880e+00 2.2000e-02 8.0000e+00 9.6000e+00 2.8000e+00 5.2370e+01 6.6790e+00 4.2000e-02 7.7000e+00 1.1400e+01 1.2000e+00 2.8411e+01 6.2710e+00 2.8000e-02 7.8000e+00 9.9000e+00 1.3000e+00 5.5299e+01 4.7440e+00 3.8000e-02 7.7000e+00 7.7000e+00 9.3000e+00 4.5782e+01
5.5780e+00 6.3000e-02 8.4000e+00 9.1000e+00 1.2000e+00 5.5456e+01 5.3120e+00 2.1000e-02 7.9000e+00 9.1000e+00 1.6000e+00 5.3852e+01 6.2710e+00 2.8000e-02 7.8000e+00 9.9000e+00 1.3000e+00 5.5299e+01 4.7440e+00 3.8000e-02 7.7000e+00 7.7000e+00 9.3000e+00 4.5782e+01 6.5360e+00 2.4000e-02 8.1000e+00 9.0000e+00 1.7000e+00 5.5377e+01
4.5070e+00 5.5000e-02 8.1000e+00 6.9000e+00 2.9000e+00 6.7790e+01 5.2660e+00 2.0000e-02 8.2000e+00 9.0000e+00 1.3000e+00 5.0496e+01 4.7440e+00 3.8000e-02 7.7000e+00 7.7000e+00 9.3000e+00 4.5782e+01 6.5360e+00 2.4000e-02 8.1000e+00 9.0000e+00 1.7000e+00 5.5377e+01 5.2440e+00 6.3000e-02 7.9000e+00 1.0600e+01 8.0000e-01 4.7674e+01
4.8510e+00 7.8000e-02 7.7000e+00 9.1000e+00 1.9000e+00 4.0701e+01 4.9790e+00 4.7000e-02 8.0000e+00 8.1000e+00 8.0000e-01 5.1478e+01 6.5360e+00 2.4000e-02 8.1000e+00 9.0000e+00 1.7000e+00 5.5377e+01 5.2440e+00 6.3000e-02 7.9000e+00 1.0600e+01 8.0000e-01 4.7674e+01 5.5810e+00 5.7000e-02 7.6000e+00 1.0200e+01 1.5000e+00 5.8678e+01
5.6060e+00 6.0000e-02 8.1000e+00 6.0000e+00 1.8000e+00 5.4977e+01 5.5400e+00 4.2000e-02 8.2000e+00 9.9000e+00 2.0000e+00 5.4387e+01 5.2440e+00 6.3000e-02 7.9000e+00 1.0600e+01 8.0000e-01 4.7674e+01 5.5810e+00 5.7000e-02 7.6000e+00 1.0200e+01 1.5000e+00 5.8678e+01 5.4910e+00 4.8000e-02 8.1000e+00 9.8000e+00 1.2000e+00 6.1274e+01
6.6090e+00 8.4000e-02 8.0000e+00 9.5000e+00 6.0000e-01 4.0701e+01 6.3480e+00 1.4000e-02 7.7000e+00 9.6000e+00 1.3000e+00 5.1478e+01 5.5810e+00 5.7000e-02 7.6000e+00 1.0200e+01 1.5000e+00 5.8678e+01 5.4910e+00 4.8000e-02 8.1000e+00 9.8000e+00 1.2000e+00 6.1274e+01 5.7060e+00 5.3000e-02 7.8000e+00 8.4000e+00 6.0000e-01 5.3573e+01
5.1480e+00 4.4000e-02 8.0000e+00 1.6500e+01 2.3000e+00 3.6366e+01 7.3960e+00 2.2000e-02 7.9000e+00 9.9000e+00 8.0000e-01 4.8339e+01 5.4910e+00 4.8000e-02 8.1000e+00 9.8000e+00 1.2000e+00 6.1274e+01 5.7060e+00 5.3000e-02 7.8000e+00 8.4000e+00 6.0000e-01 5.3573e+01 7.5420e+00 4.3000e-02 7.8000e+00 1.1100e+01 9.0000e-01 4.5355e+01
4.7400e+00 1.0000e-02 8.0000e+00 1.1800e+01 1.5000e+00 2.8411e+01 6.9310e+00 4.9000e-02 7.3000e+00 1.1100e+01 1.2000e+00 3.2389e+01 5.7060e+00 5.3000e-02 7.8000e+00 8.4000e+00 6.0000e-01 5.3573e+01 7.5420e+00 4.3000e-02 7.8000e+00 1.1100e+01 9.0000e-01 4.5355e+01 9.0660e+00 4.1000e-02 7.8000e+00 1.3000e+01 1.1000e+00 4.6773e+01
3.9030e+00 2.7000e-02 8.0000e+00 1.2000e+01 3.3000e+00 3.8335e+01 7.7080e+00 1.8000e-02 7.9000e+00 9.5000e+00 1.4000e+00 4.2605e+01 7.5420e+00 4.3000e-02 7.8000e+00 1.1100e+01 9.0000e-01 4.5355e+01 9.0660e+00 4.1000e-02 7.8000e+00 1.3000e+01 1.1000e+00 4.6773e+01 8.1200e+00 4.7000e-02 7.9000e+00 1.1500e+01 5.0000e-01 4.3696e+01
4.0880e+00 2.9000e-02 7.5000e+00 9.3000e+00 2.2000e+00 3.8335e+01 7.9890e+00 3.9000e-02 7.7000e+00 1.3100e+01 3.4000e+00 3.0600e+01 9.0660e+00 4.1000e-02 7.8000e+00 1.3000e+01 1.1000e+00 4.6773e+01 8.1200e+00 4.7000e-02 7.9000e+00 1.1500e+01 5.0000e-01 4.3696e+01 9.8150e+00 1.1000e-02 7.6000e+00 1.2500e+01 2.1000e+00 4.1699e+01
4.7790e+00 2.1000e-02 8.1000e+00 1.5000e+01 3.2000e+00 4.3696e+01 6.6790e+00 4.2000e-02 7.7000e+00 1.1400e+01 1.2000e+00 2.8411e+01 8.1200e+00 4.7000e-02 7.9000e+00 1.1500e+01 5.0000e-01 4.3696e+01 9.8150e+00 1.1000e-02 7.6000e+00 1.2500e+01 2.1000e+00 4.1699e+01 9.4120e+00 2.8000e-02 7.7000e+00 1.2000e+01 1.6000e+00 4.0344e+01
4.6210e+00 2.7000e-02 8.1000e+00 9.0000e+00 4.3000e+00 5.0876e+01 6.2710e+00 2.8000e-02 7.8000e+00 9.9000e+00 1.3000e+00 5.5299e+01 9.8150e+00 1.1000e-02 7.6000e+00 1.2500e+01 2.1000e+00 4.1699e+01 9.4120e+00 2.8000e-02 7.7000e+00 1.2000e+01 1.6000e+00 4.0344e+01 6.7160e+00 3.0000e-02 7.7000e+00 1.0300e+01 1.7000e+00 4.4909e+01
4.1880e+00 2.2000e-02 8.0000e+00 9.6000e+00 2.8000e+00 5.2370e+01 4.7440e+00 3.8000e-02 7.7000e+00 7.7000e+00 9.3000e+00 4.5782e+01 9.4120e+00 2.8000e-02 7.7000e+00 1.2000e+01 1.6000e+00 4.0344e+01 6.7160e+00 3.0000e-02 7.7000e+00 1.0300e+01 1.7000e+00 4.4909e+01 7.6980e+00 2.2000e-02 7.8000e+00 9.1000e+00 1.0000e+00 4.5571e+01
5.3120e+00 2.1000e-02 7.9000e+00 9.1000e+00 1.6000e+00 5.3852e+01 6.5360e+00 2.4000e-02 8.1000e+00 9.0000e+00 1.7000e+00 5.5377e+01 6.7160e+00 3.0000e-02 7.7000e+00 1.0300e+01 1.7000e+00 4.4909e+01 7.6980e+00 2.2000e-02 7.8000e+00 9.1000e+00 1.0000e+00 4.5571e+01 6.7650e+00 2.0000e-02 8.1000e+00 1.0200e+01 1.3000e+00 5.1822e+01
5.2660e+00 2.0000e-02 8.2000e+00 9.0000e+00 1.3000e+00 5.0496e+01 5.2440e+00 6.3000e-02 7.9000e+00 1.0600e+01 8.0000e-01 4.7674e+01 7.6980e+00 2.2000e-02 7.8000e+00 9.1000e+00 1.0000e+00 4.5571e+01 6.7650e+00 2.0000e-02 8.1000e+00 1.0200e+01 1.3000e+00 5.1822e+01 4.6160e+00 6.6000e-02 7.7000e+00 8.6000e+00 5.0000e-01 4.0344e+01
4.9790e+00 4.7000e-02 8.0000e+00 8.1000e+00 8.0000e-01 5.1478e+01 5.5810e+00 5.7000e-02 7.6000e+00 1.0200e+01 1.5000e+00 5.8678e+01 6.7650e+00 2.0000e-02 8.1000e+00 1.0200e+01 1.3000e+00 5.1822e+01 4.6160e+00 6.6000e-02 7.7000e+00 8.6000e+00 5.0000e-01 4.0344e+01 4.7970e+00 8.5000e-02 7.5000e+00 8.4000e+00 6.0000e-01 2.7101e+01
5.5400e+00 4.2000e-02 8.2000e+00 9.9000e+00 2.0000e+00 5.4387e+01 5.4910e+00 4.8000e-02 8.1000e+00 9.8000e+00 1.2000e+00 6.1274e+01 4.6160e+00 6.6000e-02 7.7000e+00 8.6000e+00 5.0000e-01 4.0344e+01 4.7970e+00 8.5000e-02 7.5000e+00 8.4000e+00 6.0000e-01 2.7101e+01 5.5990e+00 1.9000e-02 7.8000e+00 1.0300e+01 2.5000e+00 5.8900e+01
6.3480e+00 1.4000e-02 7.7000e+00 9.6000e+00 1.3000e+00 5.1478e+01 5.7060e+00 5.3000e-02 7.8000e+00 8.4000e+00 6.0000e-01 5.3573e+01 4.7970e+00 8.5000e-02 7.5000e+00 8.4000e+00 6.0000e-01 2.7101e+01 5.5990e+00 1.9000e-02 7.8000e+00 1.0300e+01 2.5000e+00 5.8900e+01 7.3980e+00 4.3000e-02 7.6000e+00 9.7000e+00 9.0000e-01 5.1594e+01
7.3960e+00 2.2000e-02 7.9000e+00 9.9000e+00 8.0000e-01 4.8339e+01 7.5420e+00 4.3000e-02 7.8000e+00 1.1100e+01 9.0000e-01 4.5355e+01 5.5990e+00 1.9000e-02 7.8000e+00 1.0300e+01 2.5000e+00 5.8900e+01 7.3980e+00 4.3000e-02 7.6000e+00 9.7000e+00 9.0000e-01 5.1594e+01 7.5150e+00 2.0000e-02 7.6000e+00 9.7000e+00 7.9000e+00 5.2990e+01
6.9310e+00 4.9000e-02 7.3000e+00 1.1100e+01 1.2000e+00 3.2389e+01 9.0660e+00 4.1000e-02 7.8000e+00 1.3000e+01 1.1000e+00 4.6773e+01 7.3980e+00 4.3000e-02 7.6000e+00 9.7000e+00 9.0000e-01 5.1594e+01 7.5150e+00 2.0000e-02 7.6000e+00 9.7000e+00 7.9000e+00 5.2990e+01 9.6160e+00 6.0000e-02 7.6000e+00 1.3900e+01 2.5000e+00 4.2890e+01
7.7080e+00 1.8000e-02 7.9000e+00 9.5000e+00 1.4000e+00 4.2605e+01 8.1200e+00 4.7000e-02 7.9000e+00 1.1500e+01 5.0000e-01 4.3696e+01 7.5150e+00 2.0000e-02 7.6000e+00 9.7000e+00 7.9000e+00 5.2990e+01 9.6160e+00 6.0000e-02 7.6000e+00 1.3900e+01 2.5000e+00 4.2890e+01 8.7280e+00 4.2000e-02 7.6000e+00 1.3700e+01 1.6000e+00 4.4909e+01
7.9890e+00 3.9000e-02 7.7000e+00 1.3100e+01 3.4000e+00 3.0600e+01 9.8150e+00 1.1000e-02 7.6000e+00 1.2500e+01 2.1000e+00 4.1699e+01 9.6160e+00 6.0000e-02 7.6000e+00 1.3900e+01 2.5000e+00 4.2890e+01 8.7280e+00 4.2000e-02 7.6000e+00 1.3700e+01 1.6000e+00 4.4909e+01 8.9120e+00 2.9000e-02 7.7000e+00 1.4300e+01 1.8000e+00 4.8339e+01
6.6790e+00 4.2000e-02 7.7000e+00 1.1400e+01 1.2000e+00 2.8411e+01 9.4120e+00 2.8000e-02 7.7000e+00 1.2000e+01 1.6000e+00 4.0344e+01 8.7280e+00 4.2000e-02 7.6000e+00 1.3700e+01 1.6000e+00 4.4909e+01 8.9120e+00 2.9000e-02 7.7000e+00 1.4300e+01 1.8000e+00 4.8339e+01 5.2990e+00 3.4000e-02 7.5000e+00 1.0100e+01 3.7000e+00 4.2312e+01
6.2710e+00 2.8000e-02 7.8000e+00 9.9000e+00 1.3000e+00 5.5299e+01 6.7160e+00 3.0000e-02 7.7000e+00 1.0300e+01 1.7000e+00 4.4909e+01 8.9120e+00 2.9000e-02 7.7000e+00 1.4300e+01 1.8000e+00 4.8339e+01 5.2990e+00 3.4000e-02 7.5000e+00 1.0100e+01 3.7000e+00 4.2312e+01 4.9780e+00 3.8000e-02 7.7000e+00 1.0800e+01 2.2000e+00 5.3667e+01
4.7440e+00 3.8000e-02 7.7000e+00 7.7000e+00 9.3000e+00 4.5782e+01 7.6980e+00 2.2000e-02 7.8000e+00 9.1000e+00 1.0000e+00 4.5571e+01 5.2990e+00 3.4000e-02 7.5000e+00 1.0100e+01 3.7000e+00 4.2312e+01 4.9780e+00 3.8000e-02 7.7000e+00 1.0800e+01 2.2000e+00 5.3667e+01 5.2530e+00 5.3000e-02 7.6000e+00 9.7000e+00 1.6000e+00 6.2968e+01
6.5360e+00 2.4000e-02 8.1000e+00 9.0000e+00 1.7000e+00 5.5377e+01 6.7650e+00 2.0000e-02 8.1000e+00 1.0200e+01 1.3000e+00 5.1822e+01 4.9780e+00 3.8000e-02 7.7000e+00 1.0800e+01 2.2000e+00 5.3667e+01 5.2530e+00 5.3000e-02 7.6000e+00 9.7000e+00 1.6000e+00 6.2968e+01 5.0050e+00 4.4000e-02 7.9000e+00 9.7000e+00 9.0000e-01 6.1612e+01
5.2440e+00 6.3000e-02 7.9000e+00 1.0600e+01 8.0000e-01 4.7674e+01 4.6160e+00 6.6000e-02 7.7000e+00 8.6000e+00 5.0000e-01 4.0344e+01 5.2530e+00 5.3000e-02 7.6000e+00 9.7000e+00 1.6000e+00 6.2968e+01 5.0050e+00 4.4000e-02 7.9000e+00 9.7000e+00 9.0000e-01 6.1612e+01 3.8150e+00 1.0200e-01 7.4000e+00 7.5000e+00 2.9000e+00 4.7674e+01
5.5810e+00 5.7000e-02 7.6000e+00 1.0200e+01 1.5000e+00 5.8678e+01 4.7970e+00 8.5000e-02 7.5000e+00 8.4000e+00 6.0000e-01 2.7101e+01 5.0050e+00 4.4000e-02 7.9000e+00 9.7000e+00 9.0000e-01 6.1612e+01 3.8150e+00 1.0200e-01 7.4000e+00 7.5000e+00 2.9000e+00 4.7674e+01 5.1270e+00 5.5000e-02 7.9000e+00 8.8000e+00 1.7000e+00 6.8030e+01
5.4910e+00 4.8000e-02 8.1000e+00 9.8000e+00 1.2000e+00 6.1274e+01 5.5990e+00 1.9000e-02 7.8000e+00 1.0300e+01 2.5000e+00 5.8900e+01 3.8150e+00 1.0200e-01 7.4000e+00 7.5000e+00 2.9000e+00 4.7674e+01 5.1270e+00 5.5000e-02 7.9000e+00 8.8000e+00 1.7000e+00 6.8030e+01 4.9250e+00 8.7000e-02 7.6000e+00 7.9000e+00 9.0000e-01 3.5805e+01
5.7060e+00 5.3000e-02 7.8000e+00 8.4000e+00 6.0000e-01 5.3573e+01 7.3980e+00 4.3000e-02 7.6000e+00 9.7000e+00 9.0000e-01 5.1594e+01 5.1270e+00 5.5000e-02 7.9000e+00 8.8000e+00 1.7000e+00 6.8030e+01 4.9250e+00 8.7000e-02 7.6000e+00 7.9000e+00 9.0000e-01 3.5805e+01 4.9480e+00 5.4000e-02 7.7000e+00 9.5000e+00 1.2000e+00 3.9188e+01
7.5420e+00 4.3000e-02 7.8000e+00 1.1100e+01 9.0000e-01 4.5355e+01 7.5150e+00 2.0000e-02 7.6000e+00 9.7000e+00 7.9000e+00 5.2990e+01 4.9250e+00 8.7000e-02 7.6000e+00 7.9000e+00 9.0000e-01 3.5805e+01 4.9480e+00 5.4000e-02 7.7000e+00 9.5000e+00 1.2000e+00 3.9188e+01 6.5830e+00 6.8000e-02 7.6000e+00 1.0500e+01 1.1000e+00 5.0751e+01
9.0660e+00 4.1000e-02 7.8000e+00 1.3000e+01 1.1000e+00 4.6773e+01 9.6160e+00 6.0000e-02 7.6000e+00 1.3900e+01 2.5000e+00 4.2890e+01 4.9480e+00 5.4000e-02 7.7000e+00 9.5000e+00 1.2000e+00 3.9188e+01 6.5830e+00 6.8000e-02 7.6000e+00 1.0500e+01 1.1000e+00 5.0751e+01 7.1700e+00 4.4000e-02 7.6000e+00 1.2400e+01 1.0000e+00 4.6960e+01
9.8150e+00 1.1000e-02 7.6000e+00 1.2500e+01 2.1000e+00 4.1699e+01 8.9120e+00 2.9000e-02 7.7000e+00 1.4300e+01 1.8000e+00 4.8339e+01 7.1700e+00 4.4000e-02 7.6000e+00 1.2400e+01 1.0000e+00 4.6960e+01 4.4400e+00 5.1000e-02 7.8000e+00 1.0400e+01 1.9000e+00 4.9548e+01 1.0251e+01 4.9000e-02 7.7000e+00 1.3100e+01 1.3000e+00 5.8219e+01
9.4120e+00 2.8000e-02 7.7000e+00 1.2000e+01 1.6000e+00 4.0344e+01 5.2990e+00 3.4000e-02 7.5000e+00 1.0100e+01 3.7000e+00 4.2312e+01 4.4400e+00 5.1000e-02 7.8000e+00 1.0400e+01 1.9000e+00 4.9548e+01 1.0251e+01 4.9000e-02 7.7000e+00 1.3100e+01 1.3000e+00 5.8219e+01 7.9560e+00 4.8000e-02 7.6000e+00 1.1800e+01 2.3000e+00 4.9405e+01
6.7160e+00 3.0000e-02 7.7000e+00 1.0300e+01 1.7000e+00 4.4909e+01 4.9780e+00 3.8000e-02 7.7000e+00 1.0800e+01 2.2000e+00 5.3667e+01 1.0251e+01 4.9000e-02 7.7000e+00 1.3100e+01 1.3000e+00 5.8219e+01 7.9560e+00 4.8000e-02 7.6000e+00 1.1800e+01 2.3000e+00 4.9405e+01 6.5820e+00 3.6000e-02 7.7000e+00 1.2100e+01 1.7000e+00 5.6766e+01
7.6980e+00 2.2000e-02 7.8000e+00 9.1000e+00 1.0000e+00 4.5571e+01 5.2530e+00 5.3000e-02 7.6000e+00 9.7000e+00 1.6000e+00 6.2968e+01 7.9560e+00 4.8000e-02 7.6000e+00 1.1800e+01 2.3000e+00 4.9405e+01 6.5820e+00 3.6000e-02 7.7000e+00 1.2100e+01 1.7000e+00 5.6766e+01 5.4400e+00 4.0000e-02 7.9000e+00 1.1000e+01 3.5000e+00 6.9171e+01
6.7650e+00 2.0000e-02 8.1000e+00 1.0200e+01 1.3000e+00 5.1822e+01 5.0050e+00 4.4000e-02 7.9000e+00 9.7000e+00 9.0000e-01 6.1612e+01 6.5820e+00 3.6000e-02 7.7000e+00 1.2100e+01 1.7000e+00 5.6766e+01 5.4400e+00 4.0000e-02 7.9000e+00 1.1000e+01 3.5000e+00 6.9171e+01 3.6120e+00 5.7000e-02 7.6000e+00 8.3000e+00 1.7000e+00 5.5299e+01
4.6160e+00 6.6000e-02 7.7000e+00 8.6000e+00 5.0000e-01 4.0344e+01 3.8150e+00 1.0200e-01 7.4000e+00 7.5000e+00 2.9000e+00 4.7674e+01 5.4400e+00 4.0000e-02 7.9000e+00 1.1000e+01 3.5000e+00 6.9171e+01 3.6120e+00 5.7000e-02 7.6000e+00 8.3000e+00 1.7000e+00 5.5299e+01 5.0130e+00 3.5000e-02 8.3000e+00 1.0700e+01 1.3000e+00 6.1274e+01
4.7970e+00 8.5000e-02 7.5000e+00 8.4000e+00 6.0000e-01 2.7101e+01 5.1270e+00 5.5000e-02 7.9000e+00 8.8000e+00 1.7000e+00 6.8030e+01 3.6120e+00 5.7000e-02 7.6000e+00 8.3000e+00 1.7000e+00 5.5299e+01 5.0130e+00 3.5000e-02 8.3000e+00 1.0700e+01 1.3000e+00 6.1274e+01 4.2370e+00 1.4200e-01 8.2000e+00 6.6000e+00 1.6000e+00 3.5805e+01
5.5990e+00 1.9000e-02 7.8000e+00 1.0300e+01 2.5000e+00 5.8900e+01 4.9250e+00 8.7000e-02 7.6000e+00 7.9000e+00 9.0000e-01 3.5805e+01 5.0130e+00 3.5000e-02 8.3000e+00 1.0700e+01 1.3000e+00 6.1274e+01 4.2370e+00 1.4200e-01 8.2000e+00 6.6000e+00 1.6000e+00 3.5805e+01 4.3510e+00 6.4000e-02 7.9000e+00 8.2000e+00 2.5000e+00 6.1736e+01
7.3980e+00 4.3000e-02 7.6000e+00 9.7000e+00 9.0000e-01 5.1594e+01 4.9480e+00 5.4000e-02 7.7000e+00 9.5000e+00 1.2000e+00 3.9188e+01 4.2370e+00 1.4200e-01 8.2000e+00 6.6000e+00 1.6000e+00 3.5805e+01 4.3510e+00 6.4000e-02 7.9000e+00 8.2000e+00 2.5000e+00 6.1736e+01 5.7390e+00 7.8000e-02 7.7000e+00 6.7000e+00 1.1000e+00 5.5912e+01
7.5150e+00 2.0000e-02 7.6000e+00 9.7000e+00 7.9000e+00 5.2990e+01 6.5830e+00 6.8000e-02 7.6000e+00 1.0500e+01 1.1000e+00 5.0751e+01 4.3510e+00 6.4000e-02 7.9000e+00 8.2000e+00 2.5000e+00 6.1736e+01 5.7390e+00 7.8000e-02 7.7000e+00 6.7000e+00 1.1000e+00 5.5912e+01 7.7520e+00 5.0000e-02 7.8000e+00 1.2200e+01 4.0000e-01 3.8335e+01
9.6160e+00 6.0000e-02 7.6000e+00 1.3900e+01 2.5000e+00 4.2890e+01 7.1700e+00 4.4000e-02 7.6000e+00 1.2400e+01 1.0000e+00 4.6960e+01 5.7390e+00 7.8000e-02 7.7000e+00 6.7000e+00 1.1000e+00 5.5912e+01 7.7520e+00 5.0000e-02 7.8000e+00 1.2200e+01 4.0000e-01 3.8335e+01 7.4650e+00 5.2000e-02 8.0000e+00 1.3900e+01 1.0000e+00 4.2890e+01
8.7280e+00 4.2000e-02 7.6000e+00 1.3700e+01 1.6000e+00 4.4909e+01 4.4400e+00 5.1000e-02 7.8000e+00 1.0400e+01 1.9000e+00 4.9548e+01 7.7520e+00 5.0000e-02 7.8000e+00 1.2200e+01 4.0000e-01 3.8335e+01 7.4650e+00 5.2000e-02 8.0000e+00 1.3900e+01 1.0000e+00 4.2890e+01 7.5810e+00 3.6000e-02 7.7000e+00 1.2600e+01 1.2000e+00 3.1535e+01
8.9120e+00 2.9000e-02 7.7000e+00 1.4300e+01 1.8000e+00 4.8339e+01 1.0251e+01 4.9000e-02 7.7000e+00 1.3100e+01 1.3000e+00 5.8219e+01 7.4650e+00 5.2000e-02 8.0000e+00 1.3900e+01 1.0000e+00 4.2890e+01 7.5810e+00 3.6000e-02 7.7000e+00 1.2600e+01 1.2000e+00 3.1535e+01 9.4620e+00 5.9000e-02 7.6000e+00 1.0400e+01 2.3000e+00 4.6960e+01
5.2990e+00 3.4000e-02 7.5000e+00 1.0100e+01 3.7000e+00 4.2312e+01 7.9560e+00 4.8000e-02 7.6000e+00 1.1800e+01 2.3000e+00 4.9405e+01 7.5810e+00 3.6000e-02 7.7000e+00 1.2600e+01 1.2000e+00 3.1535e+01 9.4620e+00 5.9000e-02 7.6000e+00 1.0400e+01 2.3000e+00 4.6960e+01 8.1320e+00 5.6000e-02 7.3000e+00 1.0600e+01 2.3000e+00 4.3435e+01
4.9780e+00 3.8000e-02 7.7000e+00 1.0800e+01 2.2000e+00 5.3667e+01 6.5820e+00 3.6000e-02 7.7000e+00 1.2100e+01 1.7000e+00 5.6766e+01 9.4620e+00 5.9000e-02 7.6000e+00 1.0400e+01 2.3000e+00 4.6960e+01 8.1320e+00 5.6000e-02 7.3000e+00 1.0600e+01 2.3000e+00 4.3435e+01 7.3450e+00 4.9000e-02 7.8000e+00 1.0300e+01 1.6000e+00 5.1478e+01
8.1200e+00 4.7000e-02 7.9000e+00 1.1500e+01 5.0000e-01 4.3696e+01 8.7280e+00 4.2000e-02 7.6000e+00 1.3700e+01 1.6000e+00 4.4909e+01 6.5830e+00 6.8000e-02 7.6000e+00 1.0500e+01 1.1000e+00 5.0751e+01 7.1700e+00 4.4000e-02 7.6000e+00 1.2400e+01 1.0000e+00 4.6960e+01 4.4400e+00 5.1000e-02 7.8000e+00 1.0400e+01 1.9000e+00 4.9548e+01
