4.4400e+00 5.1000e-02 7.5000e+00 1.1900e+01 6.0000e+00 4.9548e+01 4.4400e+00 5.1000e-02 7.4000e+00 1.3000e+01 6.0000e+00 4.9548e+01 7.7620e+00 2.8900e-01 7.6000e+00 1.2200e+01 2.4000e+00 4.9548e+01 1.0421e+01 2.3800e-01 7.6000e+00 1.3600e+01 2.4800e+01 4.9548e+01 1.1033e+01 1.6200e-01 7.5000e+00 1.3000e+01 5.7000e+00 4.9548e+01
4.4400e+00 5.1000e-02 7.5000e+00 1.3200e+01 7.0000e+00 4.9548e+01 4.4400e+00 5.1000e-02 7.4000e+00 1.2200e+01 6.0000e+00 4.9548e+01 1.0421e+01 2.3800e-01 7.6000e+00 1.3600e+01 2.4800e+01 4.9548e+01 1.1033e+01 1.6200e-01 7.5000e+00 1.3000e+01 5.7000e+00 4.9548e+01 1.0322e+01 1.3700e-01 7.4000e+00 1.2500e+01 3.3000e+00 4.9548e+01
1.4089e+01 1.4800e-01 7.4000e+00 1.1900e+01 5.9000e+00 4.9548e+01 4.4400e+00 5.1000e-02 7.4000e+00 1.1400e+01 7.0000e+00 4.9548e+01 1.1033e+01 1.6200e-01 7.5000e+00 1.3000e+01 5.7000e+00 4.9548e+01 1.0322e+01 1.3700e-01 7.4000e+00 1.2500e+01 3.3000e+00 4.9548e+01 8.4700e+00 6.1000e-02 7.4000e+00 1.2200e+01 3.2000e+00 4.9548e+01
4.4400e+00 5.1000e-02 7.5000e+00 1.0100e+01 8.4000e+00 4.9548e+01 4.4400e+00 5.1000e-02 7.3000e+00 1.0500e+01 8.7000e+00 4.9548e+01 1.0322e+01 1.3700e-01 7.4000e+00 1.2500e+01 3.3000e+00 4.9548e+01 8.4700e+00 6.1000e-02 7.4000e+00 1.2200e+01 3.2000e+00 4.9548e+01 8.0830e+00 6.8000e-02 7.5000e+00 1.2400e+01 4.8000e+00 4.9548e+01
4.4400e+00 5.1000e-02 7.3000e+00 8.7000e+00 4.2000e+00 4.9548e+01 4.4400e+00 5.1000e-02 7.2000e+00 8.6000e+00 8.8000e+00 4.9548e+01 8.4700e+00 6.1000e-02 7.4000e+00 1.2200e+01 3.2000e+00 4.9548e+01 8.0830e+00 6.8000e-02 7.5000e+00 1.2400e+01 4.8000e+00 4.9548e+01 7.3140e+00 1.1100e-01 7.3000e+00 9.6000e+00 4.7000e+00 4.9548e+01
4.4400e+00 5.1000e-02 7.3000e+00 7.7000e+00 1.1400e+01 4.9548e+01 9.5140e+00 3.5500e-01 7.5000e+00 8.3000e+00 7.2000e+00 4.9548e+01 8.0830e+00 6.8000e-02 7.5000e+00 1.2400e+01 4.8000e+00 4.9548e+01 7.3140e+00 1.1100e-01 7.3000e+00 9.6000e+00 4.7000e+00 4.9548e+01 6.7550e+00 6.6000e-02 7.3000e+00 8.7000e+00 2.6000e+00 4.9548e+01
4.4400e+00 5.1000e-02 7.1000e+00 7.9000e+00 4.2000e+00 4.9548e+01 5.9940e+00 2.5100e-01 7.3000e+00 7.5000e+00 5.7000e+00 4.9548e+01 7.3140e+00 1.1100e-01 7.3000e+00 9.6000e+00 4.7000e+00 4.9548e+01 6.7550e+00 6.6000e-02 7.3000e+00 8.7000e+00 2.6000e+00 4.9548e+01 5.3360e+00 1.2700e-01 7.2000e+00 7.3000e+00 6.6000e+00 4.9548e+01
5.5130e+00 3.0800e-01 7.1000e+00 7.7000e+00 4.2000e+00 4.9548e+01 5.5040e+00 2.4700e-01 7.5000e+00 7.2000e+00 4.2000e+00 4.9548e+01 6.7550e+00 6.6000e-02 7.3000e+00 8.7000e+00 2.6000e+00 4.9548e+01 5.3360e+00 1.2700e-01 7.2000e+00 7.3000e+00 6.6000e+00 4.9548e+01 4.7000e+00 9.4000e-02 7.3000e+00 8.1000e+00 4.9000e+00 4.9548e+01
4.4400e+00 5.1000e-02 7.5000e+00 8.7000e+00 8.3000e+00 4.9548e+01 6.0460e+00 2.5400e-01 7.4000e+00 9.8000e+00 2.8000e+00 4.9548e+01 5.3360e+00 1.2700e-01 7.2000e+00 7.3000e+00 6.6000e+00 4.9548e+01 4.7000e+00 9.4000e-02 7.3000e+00 8.1000e+00 4.9000e+00 4.9548e+01 5.6960e+00 5.9000e-02 7.2000e+00 1.0100e+01 1.5000e+00 4.9548e+01
4.4400e+00 5.1000e-02 7.5000e+00 1.0100e+01 1.7000e+00 4.9548e+01 8.4360e+00 3.1700e-01 7.6000e+00 1.1400e+01 1.8000e+00 4.9548e+01 4.7000e+00 9.4000e-02 7.3000e+00 8.1000e+00 4.9000e+00 4.9548e+01 5.6960e+00 5.9000e-02 7.2000e+00 1.0100e+01 1.5000e+00 4.9548e+01 6.8880e+00 7.8000e-02 7.4000e+00 1.0300e+01 1.8000e+00 4.9548e+01
8.3720e+00 5.1000e-01 7.4000e+00 1.0600e+01 4.6000e+00 4.9548e+01 7.7620e+00 2.8900e-01 7.6000e+00 1.2200e+01 2.4000e+00 4.9548e+01 5.6960e+00 5.9000e-02 7.2000e+00 1.0100e+01 1.5000e+00 4.9548e+01 6.8880e+00 7.8000e-02 7.4000e+00 1.0300e+01 1.8000e+00 4.9548e+01 7.9130e+00 6.1000e-02 7.5000e+00 1.2000e+01 1.5000e+00 4.9548e+01
4.4400e+00 5.1000e-02 7.6000e+00 1.0800e+01 2.4000e+00 4.9548e+01 1.0421e+01 2.3800e-01 7.6000e+00 1.3600e+01 2.4800e+01 4.9548e+01 6.8880e+00 7.8000e-02 7.4000e+00 1.0300e+01 1.8000e+00 4.9548e+01 7.9130e+00 6.1000e-02 7.5000e+00 1.2000e+01 1.5000e+00 4.9548e+01 7.5840e+00 5.9000e-02 7.3000e+00 1.0600e+01 4.1000e+00 4.9548e+01
4.4400e+00 5.1000e-02 7.4000e+00 1.3000e+01 6.0000e+00 4.9548e+01 1.1033e+01 1.6200e-01 7.5000e+00 1.3000e+01 5.7000e+00 4.9548e+01 7.9130e+00 6.1000e-02 7.5000e+00 1.2000e+01 1.5000e+00 4.9548e+01 7.5840e+00 5.9000e-02 7.3000e+00 1.0600e+01 4.1000e+00 4.9548e+01 1.0930e+01 5.7000e-02 7.3000e+00 1.0700e+01 5.2000e+00 4.9548e+01
4.4400e+00 5.1000e-02 7.4000e+00 1.2200e+01 6.0000e+00 4.9548e+01 1.0322e+01 1.3700e-01 7.4000e+00 1.2500e+01 3.3000e+00 4.9548e+01 7.5840e+00 5.9000e-02 7.3000e+00 1.0600e+01 4.1000e+00 4.9548e+01 1.0930e+01 5.7000e-02 7.3000e+00 1.0700e+01 5.2000e+00 4.9548e+01 1.1471e+01 5.9000e-02 7.3000e+00 1.1300e+01 5.4000e+00 4.9548e+01
4.4400e+00 5.1000e-02 7.4000e+00 1.1400e+01 7.0000e+00 4.9548e+01 8.4700e+00 6.1000e-02 7.4000e+00 1.2200e+01 3.2000e+00 4.9548e+01 1.0930e+01 5.7000e-02 7.3000e+00 1.0700e+01 5.2000e+00 4.9548e+01 1.1471e+01 5.9000e-02 7.3000e+00 1.1300e+01 5.4000e+00 4.9548e+01 1.1965e+01 7.3000e-02 7.4000e+00 1.1400e+01 6.4000e+00 4.9548e+01
4.4400e+00 5.1000e-02 7.3000e+00 1.0500e+01 8.7000e+00 4.9548e+01 8.0830e+00 6.8000e-02 7.5000e+00 1.2400e+01 4.8000e+00 4.9548e+01 1.1471e+01 5.9000e-02 7.3000e+00 1.1300e+01 5.4000e+00 4.9548e+01 1.1965e+01 7.3000e-02 7.4000e+00 1.1400e+01 6.4000e+00 4.9548e+01 9.5540e+00 8.2000e-02 7.5000e+00 1.0800e+01 4.9000e+00 4.9548e+01
4.4400e+00 5.1000e-02 7.2000e+00 8.6000e+00 8.8000e+00 4.9548e+01 7.3140e+00 1.1100e-01 7.3000e+00 9.6000e+00 4.7000e+00 4.9548e+01 1.1965e+01 7.3000e-02 7.4000e+00 1.1400e+01 6.4000e+00 4.9548e+01 9.5540e+00 8.2000e-02 7.5000e+00 1.0800e+01 4.9000e+00 4.9548e+01 7.6590e+00 8.0000e-02 7.6000e+00 1.0200e+01 4.2000e+00 4.9548e+01
9.5140e+00 3.5500e-01 7.5000e+00 8.3000e+00 7.2000e+00 4.9548e+01 6.7550e+00 6.6000e-02 7.3000e+00 8.7000e+00 2.6000e+00 4.9548e+01 9.5540e+00 8.2000e-02 7.5000e+00 1.0800e+01 4.9000e+00 4.9548e+01 7.6590e+00 8.0000e-02 7.6000e+00 1.0200e+01 4.2000e+00 4.9548e+01 7.1320e+00 9.3000e-02 7.5000e+00 8.4000e+00 6.0000e+00 4.9548e+01
5.9940e+00 2.5100e-01 7.3000e+00 7.5000e+00 5.7000e+00 4.9548e+01 5.3360e+00 1.2700e-01 7.2000e+00 7.3000e+00 6.6000e+00 4.9548e+01 7.6590e+00 8.0000e-02 7.6000e+00 1.0200e+01 4.2000e+00 4.9548e+01 7.1320e+00 9.3000e-02 7.5000e+00 8.4000e+00 6.0000e+00 4.9548e+01 5.4330e+00 1.1300e-01 7.6000e+00 9.2000e+00 3.7000e+00 4.9548e+01
5.5040e+00 2.4700e-01 7.5000e+00 7.2000e+00 4.2000e+00 4.9548e+01 4.7000e+00 9.4000e-02 7.3000e+00 8.1000e+00 4.9000e+00 4.9548e+01 7.1320e+00 9.3000e-02 7.5000e+00 8.4000e+00 6.0000e+00 4.9548e+01 5.4330e+00 1.1300e-01 7.6000e+00 9.2000e+00 3.7000e+00 4.9548e+01 5.3150e+00 1.8200e-01 7.5000e+00 8.6000e+00 2.7000e+00 4.9548e+01
6.0460e+00 2.5400e-01 7.4000e+00 9.8000e+00 2.8000e+00 4.9548e+01 5.6960e+00 5.9000e-02 7.2000e+00 1.0100e+01 1.5000e+00 4.9548e+01 5.4330e+00 1.1300e-01 7.6000e+00 9.2000e+00 3.7000e+00 4.9548e+01 5.3150e+00 1.8200e-01 7.5000e+00 8.6000e+00 2.7000e+00 4.9548e+01 6.9970e+00 1.2700e-01 7.6000e+00 1.0100e+01 1.3000e+00 4.9548e+01
8.4360e+00 3.1700e-01 7.6000e+00 1.1400e+01 1.8000e+00 4.9548e+01 6.8880e+00 7.8000e-02 7.4000e+00 1.0300e+01 1.8000e+00 4.9548e+01 5.3150e+00 1.8200e-01 7.5000e+00 8.6000e+00 2.7000e+00 4.9548e+01 6.9970e+00 1.2700e-01 7.6000e+00 1.0100e+01 1.3000e+00 4.9548e+01 8.5380e+00 1.2500e-01 7.6000e+00 1.1100e+01 1.3000e+00 4.9548e+01
7.7620e+00 2.8900e-01 7.6000e+00 1.2200e+01 2.4000e+00 4.9548e+01 7.9130e+00 6.1000e-02 7.5000e+00 1.2000e+01 1.5000e+00 4.9548e+01 6.9970e+00 1.2700e-01 7.6000e+00 1.0100e+01 1.3000e+00 4.9548e+01 8.5380e+00 1.2500e-01 7.6000e+00 1.1100e+01 1.3000e+00 4.9548e+01 8.7600e+00 1.1900e-01 7.5000e+00 1.1200e+01 5.4000e+00 4.9548e+01
1.0421e+01 2.3800e-01 7.6000e+00 1.3600e+01 2.4800e+01 4.9548e+01 7.5840e+00 5.9000e-02 7.3000e+00 1.0600e+01 4.1000e+00 4.9548e+01 8.5380e+00 1.2500e-01 7.6000e+00 1.1100e+01 1.3000e+00 4.9548e+01 8.7600e+00 1.1900e-01 7.5000e+00 1.1200e+01 5.4000e+00 4.9548e+01 9.9280e+00 1.1500e-01 7.7000e+00 1.2400e+01 2.4000e+00 4.9548e+01
1.1033e+01 1.6200e-01 7.5000e+00 1.3000e+01 5.7000e+00 4.9548e+01 1.0930e+01 5.7000e-02 7.3000e+00 1.0700e+01 5.2000e+00 4.9548e+01 8.7600e+00 1.1900e-01 7.5000e+00 1.1200e+01 5.4000e+00 4.9548e+01 9.9280e+00 1.1500e-01 7.7000e+00 1.2400e+01 2.4000e+00 4.9548e+01 9.7850e+00 6.5000e-02 7.7000e+00 1.2700e+01 5.9000e+00 4.9548e+01
1.0322e+01 1.3700e-01 7.4000e+00 1.2500e+01 3.3000e+00 4.9548e+01 1.1471e+01 5.9000e-02 7.3000e+00 1.1300e+01 5.4000e+00 4.9548e+01 9.9280e+00 1.1500e-01 7.7000e+00 1.2400e+01 2.4000e+00 4.9548e+01 9.7850e+00 6.5000e-02 7.7000e+00 1.2700e+01 5.9000e+00 4.9548e+01 8.1900e+00 1.3000e-01 7.8000e+00 1.3700e+01 5.6000e+00 4.9548e+01
8.4700e+00 6.1000e-02 7.4000e+00 1.2200e+01 3.2000e+00 4.9548e+01 1.1965e+01 7.3000e-02 7.4000e+00 1.1400e+01 6.4000e+00 4.9548e+01 9.7850e+00 6.5000e-02 7.7000e+00 1.2700e+01 5.9000e+00 4.9548e+01 8.1900e+00 1.3000e-01 7.8000e+00 1.3700e+01 5.6000e+00 4.9548e+01 9.8750e+00 5.9000e-02 7.7000e+00 1.3100e+01 6.8000e+00 4.9548e+01
8.0830e+00 6.8000e-02 7.5000e+00 1.2400e+01 4.8000e+00 4.9548e+01 9.5540e+00 8.2000e-02 7.5000e+00 1.0800e+01 4.9000e+00 4.9548e+01 8.1900e+00 1.3000e-01 7.8000e+00 1.3700e+01 5.6000e+00 4.9548e+01 9.8750e+00 5.9000e-02 7.7000e+00 1.3100e+01 6.8000e+00 4.9548e+01 6.0140e+00 1.0900e-01 7.6000e+00 9.7000e+00 9.4000e+00 4.9548e+01
7.3140e+00 1.1100e-01 7.3000e+00 9.6000e+00 4.7000e+00 4.9548e+01 7.6590e+00 8.0000e-02 7.6000e+00 1.0200e+01 4.2000e+00 4.9548e+01 9.8750e+00 5.9000e-02 7.7000e+00 1.3100e+01 6.8000e+00 4.9548e+01 6.0140e+00 1.0900e-01 7.6000e+00 9.7000e+00 9.4000e+00 4.9548e+01 6.5440e+00 8.1000e-02 8.0000e+00 1.0800e+01 2.3000e+00 4.9548e+01
6.7550e+00 6.6000e-02 7.3000e+00 8.7000e+00 2.6000e+00 4.9548e+01 7.1320e+00 9.3000e-02 7.5000e+00 8.4000e+00 6.0000e+00 4.9548e+01 6.0140e+00 1.0900e-01 7.6000e+00 9.7000e+00 9.4000e+00 4.9548e+01 6.5440e+00 8.1000e-02 8.0000e+00 1.0800e+01 2.3000e+00 4.9548e+01 5.3890e+00 4.4000e-02 7.9000e+00 9.8000e+00 3.8000e+00 4.9548e+01
5.3360e+00 1.2700e-01 7.2000e+00 7.3000e+00 6.6000e+00 4.9548e+01 5.4330e+00 1.1300e-01 7.6000e+00 9.2000e+00 3.7000e+00 4.9548e+01 6.5440e+00 8.1000e-02 8.0000e+00 1.0800e+01 2.3000e+00 4.9548e+01 5.3890e+00 4.4000e-02 7.9000e+00 9.8000e+00 3.8000e+00 4.9548e+01 7.0120e+00 6.4000e-02 7.9000e+00 9.7000e+00 1.7000e+00 4.9548e+01
4.7000e+00 9.4000e-02 7.3000e+00 8.1000e+00 4.9000e+00 4.9548e+01 5.3150e+00 1.8200e-01 7.5000e+00 8.6000e+00 2.7000e+00 4.9548e+01 5.3890e+00 4.4000e-02 7.9000e+00 9.8000e+00 3.8000e+00 4.9548e+01 7.0120e+00 6.4000e-02 7.9000e+00 9.7000e+00 1.7000e+00 4.9548e+01 5.2790e+00 5.1000e-02 7.6000e+00 9.6000e+00 1.6000e+00 4.9548e+01
5.6960e+00 5.9000e-02 7.2000e+00 1.0100e+01 1.5000e+00 4.9548e+01 6.9970e+00 1.2700e-01 7.6000e+00 1.0100e+01 1.3000e+00 4.9548e+01 7.0120e+00 6.4000e-02 7.9000e+00 9.7000e+00 1.7000e+00 4.9548e+01 5.2790e+00 5.1000e-02 7.6000e+00 9.6000e+00 1.6000e+00 4.9548e+01 7.5790e+00 4.7000e-02 7.7000e+00 1.0800e+01 1.9000e+00 4.9548e+01
6.8880e+00 7.8000e-02 7.4000e+00 1.0300e+01 1.8000e+00 4.9548e+01 8.5380e+00 1.2500e-01 7.6000e+00 1.1100e+01 1.3000e+00 4.9548e+01 5.2790e+00 5.1000e-02 7.6000e+00 9.6000e+00 1.6000e+00 4.9548e+01 7.5790e+00 4.7000e-02 7.7000e+00 1.0800e+01 1.9000e+00 4.9548e+01 8.0870e+00 3.6000e-02 7.7000e+00 1.1200e+01 1.3000e+00 4.9548e+01
7.9130e+00 6.1000e-02 7.5000e+00 1.2000e+01 1.5000e+00 4.9548e+01 8.7600e+00 1.1900e-01 7.5000e+00 1.1200e+01 5.4000e+00 4.9548e+01 7.5790e+00 4.7000e-02 7.7000e+00 1.0800e+01 1.9000e+00 4.9548e+01 8.0870e+00 3.6000e-02 7.7000e+00 1.1200e+01 1.3000e+00 4.9548e+01 7.6020e+00 5.1000e-02 7.7000e+00 1.1700e+01 1.7000e+00 4.9548e+01
7.5840e+00 5.9000e-02 7.3000e+00 1.0600e+01 4.1000e+00 4.9548e+01 9.9280e+00 1.1500e-01 7.7000e+00 1.2400e+01 2.4000e+00 4.9548e+01 8.0870e+00 3.6000e-02 7.7000e+00 1.1200e+01 1.3000e+00 4.9548e+01 7.6020e+00 5.1000e-02 7.7000e+00 1.1700e+01 1.7000e+00 4.9548e+01 7.5350e+00 7.1000e-02 7.5000e+00 1.1100e+01 2.0000e+00 4.9548e+01
1.0930e+01 5.7000e-02 7.3000e+00 1.0700e+01 5.2000e+00 4.9548e+01 9.7850e+00 6.5000e-02 7.7000e+00 1.2700e+01 5.9000e+00 4.9548e+01 7.6020e+00 5.1000e-02 7.7000e+00 1.1700e+01 1.7000e+00 4.9548e+01 7.5350e+00 7.1000e-02 7.5000e+00 1.1100e+01 2.0000e+00 4.9548e+01 1.1505e+01 6.0000e-02 7.8000e+00 1.2800e+01 2.4000e+00 4.9548e+01
1.1471e+01 5.9000e-02 7.3000e+00 1.1300e+01 5.4000e+00 4.9548e+01 8.1900e+00 1.3000e-01 7.8000e+00 1.3700e+01 5.6000e+00 4.9548e+01 7.5350e+00 7.1000e-02 7.5000e+00 1.1100e+01 2.0000e+00 4.9548e+01 1.1505e+01 6.0000e-02 7.8000e+00 1.2800e+01 2.4000e+00 4.9548e+01 8.5350e+00 4.5000e-02 7.8000e+00 1.0900e+01 4.4000e+00 4.9548e+01
1.1965e+01 7.3000e-02 7.4000e+00 1.1400e+01 6.4000e+00 4.9548e+01 9.8750e+00 5.9000e-02 7.7000e+00 1.3100e+01 6.8000e+00 4.9548e+01 1.1505e+01 6.0000e-02 7.8000e+00 1.2800e+01 2.4000e+00 4.9548e+01 8.5350e+00 4.5000e-02 7.8000e+00 1.0900e+01 4.4000e+00 4.9548e+01 8.1610e+00 7.5000e-02 7.5000e+00 1.2700e+01 3.9000e+00 4.9548e+01
9.5540e+00 8.2000e-02 7.5000e+00 1.0800e+01 4.9000e+00 4.9548e+01 6.0140e+00 1.0900e-01 7.6000e+00 9.7000e+00 9.4000e+00 4.9548e+01 8.5350e+00 4.5000e-02 7.8000e+00 1.0900e+01 4.4000e+00 4.9548e+01 8.1610e+00 7.5000e-02 7.5000e+00 1.2700e+01 3.9000e+00 4.9548e+01 7.1850e+00 1.1400e-01 7.5000e+00 9.3000e+00 4.8000e+00 4.9548e+01
7.6590e+00 8.0000e-02 7.6000e+00 1.0200e+01 4.2000e+00 4.9548e+01 6.5440e+00 8.1000e-02 8.0000e+00 1.0800e+01 2.3000e+00 4.9548e+01 8.1610e+00 7.5000e-02 7.5000e+00 1.2700e+01 3.9000e+00 4.9548e+01 7.1850e+00 1.1400e-01 7.5000e+00 9.3000e+00 4.8000e+00 4.9548e+01 6.2050e+00 9.9000e-02 7.5000e+00 9.0000e+00 2.8000e+00 4.9548e+01
7.1320e+00 9.3000e-02 7.5000e+00 8.4000e+00 6.0000e+00 4.9548e+01 5.3890e+00 4.4000e-02 7.9000e+00 9.8000e+00 3.8000e+00 4.9548e+01 7.1850e+00 1.1400e-01 7.5000e+00 9.3000e+00 4.8000e+00 4.9548e+01 6.2050e+00 9.9000e-02 7.5000e+00 9.0000e+00 2.8000e+00 4.9548e+01 7.0220e+00 6.3000e-02 7.4000e+00 9.7000e+00 2.0000e+00 4.9548e+01
5.4330e+00 1.1300e-01 7.6000e+00 9.2000e+00 3.7000e+00 4.9548e+01 7.0120e+00 6.4000e-02 7.9000e+00 9.7000e+00 1.7000e+00 4.9548e+01 6.2050e+00 9.9000e-02 7.5000e+00 9.0000e+00 2.8000e+00 4.9548e+01 7.0220e+00 6.3000e-02 7.4000e+00 9.7000e+00 2.0000e+00 4.9548e+01 5.8130e+00 5.3000e-02 7.5000e+00 1.0600e+01 2.7000e+00 4.9548e+01
5.3150e+00 1.8200e-01 7.5000e+00 8.6000e+00 2.7000e+00 4.9548e+01 5.2790e+00 5.1000e-02 7.6000e+00 9.6000e+00 1.6000e+00 4.9548e+01 7.0220e+00 6.3000e-02 7.4000e+00 9.7000e+00 2.0000e+00 4.9548e+01 5.8130e+00 5.3000e-02 7.5000e+00 1.0600e+01 2.7000e+00 4.9548e+01 7.8070e+00 9.5000e-02 7.5000e+00 9.5000e+00 3.9000e+00 4.9548e+01
6.9970e+00 1.2700e-01 7.6000e+00 1.0100e+01 1.3000e+00 4.9548e+01 7.5790e+00 4.7000e-02 7.7000e+00 1.0800e+01 1.9000e+00 4.9548e+01 5.8130e+00 5.3000e-02 7.5000e+00 1.0600e+01 2.7000e+00 4.9548e+01 7.8070e+00 9.5000e-02 7.5000e+00 9.5000e+00 3.9000e+00 4.9548e+01 8.6260e+00 4.3000e-02 7.5000e+00 9.9000e+00 1.5000e+00 4.9548e+01
8.5380e+00 1.2500e-01 7.6000e+00 1.1100e+01 1.3000e+00 4.9548e+01 8.0870e+00 3.6000e-02 7.7000e+00 1.1200e+01 1.3000e+00 4.9548e+01 7.8070e+00 9.5000e-02 7.5000e+00 9.5000e+00 3.9000e+00 4.9548e+01 8.6260e+00 4.3000e-02 7.5000e+00 9.9000e+00 1.5000e+00 4.9548e+01 8.0160e+00 6.0000e-02 7.5000e+00 1.0900e+01 1.0000e+00 4.9548e+01
8.7600e+00 1.1900e-01 7.5000e+00 1.1200e+01 5.4000e+00 4.9548e+01 7.6020e+00 5.1000e-02 7.7000e+00 1.1700e+01 1.7000e+00 4.9548e+01 8.6260e+00 4.3000e-02 7.5000e+00 9.9000e+00 1.5000e+00 4.9548e+01 8.0160e+00 6.0000e-02 7.5000e+00 1.0900e+01 1.0000e+00 4.9548e+01 9.6270e+00 8.9000e-02 7.7000e+00 1.2200e+01 1.6000e+00 4.9548e+01
9.9280e+00 1.1500e-01 7.7000e+00 1.2400e+01 2.4000e+00 4.9548e+01 7.5350e+00 7.1000e-02 7.5000e+00 1.1100e+01 2.0000e+00 4.9548e+01 8.0160e+00 6.0000e-02 7.5000e+00 1.0900e+01 1.0000e+00 4.9548e+01 9.6270e+00 8.9000e-02 7.7000e+00 1.2200e+01 1.6000e+00 4.9548e+01 7.4800e+00 1.4000e-01 7.7000e+00 1.1100e+01 8.8000e+00 4.9548e+01
9.7850e+00 6.5000e-02 7.7000e+00 1.2700e+01 5.9000e+00 4.9548e+01 1.1505e+01 6.0000e-02 7.8000e+00 1.2800e+01 2.4000e+00 4.9548e+01 9.6270e+00 8.9000e-02 7.7000e+00 1.2200e+01 1.6000e+00 4.9548e+01 7.4800e+00 1.4000e-01 7.7000e+00 1.1100e+01 8.8000e+00 4.9548e+01 1.0535e+01 4.5000e-02 7.7000e+00 1.2500e+01 2.3000e+00 4.9548e+01
8.1900e+00 1.3000e-01 7.8000e+00 1.3700e+01 5.6000e+00 4.9548e+01 8.5350e+00 4.5000e-02 7.8000e+00 1.0900e+01 4.4000e+00 4.9548e+01 7.4800e+00 1.4000e-01 7.7000e+00 1.1100e+01 8.8000e+00 4.9548e+01 1.0535e+01 4.5000e-02 7.7000e+00 1.2500e+01 2.3000e+00 4.9548e+01 1.3835e+01 4.5000e-02 7.7000e+00 1.2500e+01 5.4000e+00 4.9548e+01
9.8750e+00 5.9000e-02 7.7000e+00 1.3100e+01 6.8000e+00 4.9548e+01 8.1610e+00 7.5000e-02 7.5000e+00 1.2700e+01 3.9000e+00 4.9548e+01 1.0535e+01 4.5000e-02 7.7000e+00 1.2500e+01 2.3000e+00 4.9548e+01 1.3835e+01 4.5000e-02 7.7000e+00 1.2500e+01 5.4000e+00 4.9548e+01 1.1436e+01 1.2000e-01 7.3000e+00 1.1800e+01 5.4000e+00 4.9548e+01
6.0140e+00 1.0900e-01 7.6000e+00 9.7000e+00 9.4000e+00 4.9548e+01 7.1850e+00 1.1400e-01 7.5000e+00 9.3000e+00 4.8000e+00 4.9548e+01 1.3835e+01 4.5000e-02 7.7000e+00 1.2500e+01 5.4000e+00 4.9548e+01 1.1436e+01 1.2000e-01 7.3000e+00 1.1800e+01 5.4000e+00 4.9548e+01 8.6350e+00 1.0500e-01 7.4000e+00 9.6000e+00 5.3000e+00 4.9548e+01
6.5440e+00 8.1000e-02 8.0000e+00 1.0800e+01 2.3000e+00 4.9548e+01 6.2050e+00 9.9000e-02 7.5000e+00 9.0000e+00 2.8000e+00 4.9548e+01 1.1436e+01 1.2000e-01 7.3000e+00 1.1800e+01 5.4000e+00 4.9548e+01 8.6350e+00 1.0500e-01 7.4000e+00 9.6000e+00 5.3000e+00 4.9548e+01 9.5100e+00 8.0000e-02 7.3000e+00 9.0000e+00 2.4000e+00 4.9548e+01
5.3890e+00 4.4000e-02 7.9000e+00 9.8000e+00 3.8000e+00 4.9548e+01 7.0220e+00 6.3000e-02 7.4000e+00 9.7000e+00 2.0000e+00 4.9548e+01 8.6350e+00 1.0500e-01 7.4000e+00 9.6000e+00 5.3000e+00 4.9548e+01 9.5100e+00 8.0000e-02 7.3000e+00 9.0000e+00 2.4000e+00 4.9548e+01 8.7340e+00 1.0100e-01 7.7000e+00 9.8000e+00 2.0000e+00 4.9548e+01
7.0120e+00 6.4000e-02 7.9000e+00 9.7000e+00 1.7000e+00 4.9548e+01 5.8130e+00 5.3000e-02 7.5000e+00 1.0600e+01 2.7000e+00 4.9548e+01 9.5100e+00 8.0000e-02 7.3000e+00 9.0000e+00 2.4000e+00 4.9548e+01 8.7340e+00 1.0100e-01 7.7000e+00 9.8000e+00 2.0000e+00 4.9548e+01 5.9930e+00 1.1000e-01 7.2000e+00 8.6000e+00 1.8000e+00 4.9548e+01
5.2790e+00 5.1000e-02 7.6000e+00 9.6000e+00 1.6000e+00 4.9548e+01 7.8070e+00 9.5000e-02 7.5000e+00 9.5000e+00 3.9000e+00 4.9548e+01 8.7340e+00 1.0100e-01 7.7000e+00 9.8000e+00 2.0000e+00 4.9548e+01 5.9930e+00 1.1000e-01 7.2000e+00 8.6000e+00 1.8000e+00 4.9548e+01 5.5230e+00 1.2800e-01 7.2000e+00 8.9000e+00 3.3000e+00 4.9548e+01
7.5790e+00 4.7000e-02 7.7000e+00 1.0800e+01 1.9000e+00 4.9548e+01 8.6260e+00 4.3000e-02 7.5000e+00 9.9000e+00 1.5000e+00 4.9548e+01 5.9930e+00 1.1000e-01 7.2000e+00 8.6000e+00 1.8000e+00 4.9548e+01 5.5230e+00 1.2800e-01 7.2000e+00 8.9000e+00 3.3000e+00 4.9548e+01 8.1940e+00 1.2400e-01 7.6000e+00 1.0600e+01 2.2000e+00 4.9548e+01
8.0870e+00 3.6000e-02 7.7000e+00 1.1200e+01 1.3000e+00 4.9548e+01 8.0160e+00 6.0000e-02 7.5000e+00 1.0900e+01 1.0000e+00 4.9548e+01 5.5230e+00 1.2800e-01 7.2000e+00 8.9000e+00 3.3000e+00 4.9548e+01 8.1940e+00 1.2400e-01 7.6000e+00 1.0600e+01 2.2000e+00 4.9548e+01 1.0583e+01 1.3700e-01 7.6000e+00 1.0800e+01 1.6000e+00 4.9548e+01
7.6020e+00 5.1000e-02 7.7000e+00 1.1700e+01 1.7000e+00 4.9548e+01 9.6270e+00 8.9000e-02 7.7000e+00 1.2200e+01 1.6000e+00 4.9548e+01 8.1940e+00 1.2400e-01 7.6000e+00 1.0600e+01 2.2000e+00 4.9548e+01 1.0583e+01 1.3700e-01 7.6000e+00 1.0800e+01 1.6000e+00 4.9548e+01 1.1404e+01 1.4600e-01 8.1000e+00 1.1200e+01 2.5000e+00 4.9548e+01
7.5350e+00 7.1000e-02 7.5000e+00 1.1100e+01 2.0000e+00 4.9548e+01 7.4800e+00 1.4000e-01 7.7000e+00 1.1100e+01 8.8000e+00 4.9548e+01 1.0583e+01 1.3700e-01 7.6000e+00 1.0800e+01 1.6000e+00 4.9548e+01 1.1404e+01 1.4600e-01 8.1000e+00 1.1200e+01 2.5000e+00 4.9548e+01 1.2720e+01 9.0000e-02 7.7000e+00 1.1700e+01 2.6000e+00 4.9548e+01
1.1505e+01 6.0000e-02 7.8000e+00 1.2800e+01 2.4000e+00 4.9548e+01 1.0535e+01 4.5000e-02 7.7000e+00 1.2500e+01 2.3000e+00 4.9548e+01 1.1404e+01 1.4600e-01 8.1000e+00 1.1200e+01 2.5000e+00 4.9548e+01 1.2720e+01 9.0000e-02 7.7000e+00 1.1700e+01 2.6000e+00 4.9548e+01 1.3640e+01 1.6500e-01 7.4000e+00 1.2100e+01 5.7000e+00 4.9548e+01
8.5350e+00 4.5000e-02 7.8000e+00 1.0900e+01 4.4000e+00 4.9548e+01 1.3835e+01 4.5000e-02 7.7000e+00 1.2500e+01 5.4000e+00 4.9548e+01 1.2720e+01 9.0000e-02 7.7000e+00 1.1700e+01 2.6000e+00 4.9548e+01 1.3640e+01 1.6500e-01 7.4000e+00 1.2100e+01 5.7000e+00 4.9548e+01 1.3350e+01 8.5000e-02 7.2000e+00 1.1100e+01 3.9000e+00 4.9548e+01
8.1610e+00 7.5000e-02 7.5000e+00 1.2700e+01 3.9000e+00 4.9548e+01 1.1436e+01 1.2000e-01 7.3000e+00 1.1800e+01 5.4000e+00 4.9548e+01 1.3640e+01 1.6500e-01 7.4000e+00 1.2100e+01 5.7000e+00 4.9548e+01 1.3350e+01 8.5000e-02 7.2000e+00 1.1100e+01 3.9000e+00 4.9548e+01 8.3550e+00 1.5000e-01 7.2000e+00 1.0800e+01 5.4000e+00 4.9548e+01
7.1850e+00 1.1400e-01 7.5000e+00 9.3000e+00 4.8000e+00 4.9548e+01 8.6350e+00 1.0500e-01 7.4000e+00 9.6000e+00 5.3000e+00 4.9548e+01 1.3350e+01 8.5000e-02 7.2000e+00 1.1100e+01 3.9000e+00 4.9548e+01 8.3550e+00 1.5000e-01 7.2000e+00 1.0800e+01 5.4000e+00 4.9548e+01 7.2330e+00 9.6000e-02 7.3000e+00 1.0400e+01 6.4000e+00 4.9548e+01
6.2050e+00 9.9000e-02 7.5000e+00 9.0000e+00 2.8000e+00 4.9548e+01 9.5100e+00 8.0000e-02 7.3000e+00 9.0000e+00 2.4000e+00 4.9548e+01 8.3550e+00 1.5000e-01 7.2000e+00 1.0800e+01 5.4000e+00 4.9548e+01 7.2330e+00 9.6000e-02 7.3000e+00 1.0400e+01 6.4000e+00 4.9548e+01 5.9170e+00 1.2200e-01 7.4000e+00 1.0800e+01 3.1000e+00 4.9548e+01
7.0220e+00 6.3000e-02 7.4000e+00 9.7000e+00 2.0000e+00 4.9548e+01 8.7340e+00 1.0100e-01 7.7000e+00 9.8000e+00 2.0000e+00 4.9548e+01 7.2330e+00 9.6000e-02 7.3000e+00 1.0400e+01 6.4000e+00 4.9548e+01 5.9170e+00 1.2200e-01 7.4000e+00 1.0800e+01 3.1000e+00 4.9548e+01 6.9340e+00 1.1800e-01 7.4000e+00 9.5000e+00 2.5000e+00 4.9548e+01
5.8130e+00 5.3000e-02 7.5000e+00 1.0600e+01 2.7000e+00 4.9548e+01 5.9930e+00 1.1000e-01 7.2000e+00 8.6000e+00 1.8000e+00 4.9548e+01 5.9170e+00 1.2200e-01 7.4000e+00 1.0800e+01 3.1000e+00 4.9548e+01 6.9340e+00 1.1800e-01 7.4000e+00 9.5000e+00 2.5000e+00 4.9548e+01 5.5630e+00 1.1800e-01 7.5000e+00 9.2000e+00 2.6000e+00 4.9548e+01
7.8070e+00 9.5000e-02 7.5000e+00 9.5000e+00 3.9000e+00 4.9548e+01 5.5230e+00 1.2800e-01 7.2000e+00 8.9000e+00 3.3000e+00 4.9548e+01 6.9340e+00 1.1800e-01 7.4000e+00 9.5000e+00 2.5000e+00 4.9548e+01 5.5630e+00 1.1800e-01 7.5000e+00 9.2000e+00 2.6000e+00 4.9548e+01 6.2850e+00 1.1800e-01 7.8000e+00 9.4000e+00 2.5000e+00 4.9548e+01
8.6260e+00 4.3000e-02 7.5000e+00 9.9000e+00 1.5000e+00 4.9548e+01 8.1940e+00 1.2400e-01 7.6000e+00 1.0600e+01 2.2000e+00 4.9548e+01 5.5630e+00 1.1800e-01 7.5000e+00 9.2000e+00 2.6000e+00 4.9548e+01 6.2850e+00 1.1800e-01 7.8000e+00 9.4000e+00 2.5000e+00 4.9548e+01 7.6300e+00 1.4700e-01 7.6000e+00 8.7000e+00 3.1000e+00 4.9548e+01
8.0160e+00 6.0000e-02 7.5000e+00 1.0900e+01 1.0000e+00 4.9548e+01 1.0583e+01 1.3700e-01 7.6000e+00 1.0800e+01 1.6000e+00 4.9548e+01 6.2850e+00 1.1800e-01 7.8000e+00 9.4000e+00 2.5000e+00 4.9548e+01 7.6300e+00 1.4700e-01 7.6000e+00 8.7000e+00 3.1000e+00 4.9548e+01 8.3740e+00 1.0300e-01 7.7000e+00 9.9000e+00 1.2000e+00 4.9548e+01
9.6270e+00 8.9000e-02 7.7000e+00 1.2200e+01 1.6000e+00 4.9548e+01 1.1404e+01 1.4600e-01 8.1000e+00 1.1200e+01 2.5000e+00 4.9548e+01 7.6300e+00 1.4700e-01 7.6000e+00 8.7000e+00 3.1000e+00 4.9548e+01 8.3740e+00 1.0300e-01 7.7000e+00 9.9000e+00 1.2000e+00 4.9548e+01 9.1790e+00 1.2100e-01 7.2000e+00 1.0900e+01 1.5000e+00 4.9548e+01
7.4800e+00 1.4000e-01 7.7000e+00 1.1100e+01 8.8000e+00 4.9548e+01 1.2720e+01 9.0000e-02 7.7000e+00 1.1700e+01 2.6000e+00 4.9548e+01 8.3740e+00 1.0300e-01 7.7000e+00 9.9000e+00 1.2000e+00 4.9548e+01 9.1790e+00 1.2100e-01 7.2000e+00 1.0900e+01 1.5000e+00 4.9548e+01 9.9900e+00 2.1500e-01 6.9000e+00 9.7000e+00 7.1000e+00 4.9548e+01
1.3835e+01 4.5000e-02 7.7000e+00 1.2500e+01 5.4000e+00 4.9548e+01 1.3350e+01 8.5000e-02 7.2000e+00 1.1100e+01 3.9000e+00 4.9548e+01 9.9900e+00 2.1500e-01 6.9000e+00 9.7000e+00 7.1000e+00 4.9548e+01 4.4400e+00 5.1000e-02 7.8000e+00 1.0400e+01 1.9000e+00 4.9548e+01 1.1975e+01 1.1500e-01 6.9000e+00 1.1300e+01 3.0000e+00 4.9548e+01
1.1436e+01 1.2000e-01 7.3000e+00 1.1800e+01 5.4000e+00 4.9548e+01 8.3550e+00 1.5000e-01 7.2000e+00 1.0800e+01 5.4000e+00 4.9548e+01 4.4400e+00 5.1000e-02 7.8000e+00 1.0400e+01 1.9000e+00 4.9548e+01 1.1975e+01 1.1500e-01 6.9000e+00 1.1300e+01 3.0000e+00 4.9548e+01 8.8850e+00 1.6300e-01 7.2000e+00 1.0100e+01 6.4000e+00 4.9548e+01
8.6350e+00 1.0500e-01 7.4000e+00 9.6000e+00 5.3000e+00 4.9548e+01 7.2330e+00 9.6000e-02 7.3000e+00 1.0400e+01 6.4000e+00 4.9548e+01 1.1975e+01 1.1500e-01 6.9000e+00 1.1300e+01 3.0000e+00 4.9548e+01 8.8850e+00 1.6300e-01 7.2000e+00 1.0100e+01 6.4000e+00 4.9548e+01 8.9960e+00 7.9000e-02 7.6000e+00 9.7000e+00 5.5000e+00 4.9548e+01
9.5100e+00 8.0000e-02 7.3000e+00 9.0000e+00 2.4000e+00 4.9548e+01 5.9170e+00 1.2200e-01 7.4000e+00 1.0800e+01 3.1000e+00 4.9548e+01 8.8850e+00 1.6300e-01 7.2000e+00 1.0100e+01 6.4000e+00 4.9548e+01 8.9960e+00 7.9000e-02 7.6000e+00 9.7000e+00 5.5000e+00 4.9548e+01 6.9510e+00 9.4000e-02 7.7000e+00 9.3000e+00 5.3000e+00 4.9548e+01
8.7340e+00 1.0100e-01 7.7000e+00 9.8000e+00 2.0000e+00 4.9548e+01 6.9340e+00 1.1800e-01 7.4000e+00 9.5000e+00 2.5000e+00 4.9548e+01 8.9960e+00 7.9000e-02 7.6000e+00 9.7000e+00 5.5000e+00 4.9548e+01 6.9510e+00 9.4000e-02 7.7000e+00 9.3000e+00 5.3000e+00 4.9548e+01 5.8160e+00 9.6000e-02 7.7000e+00 8.6000e+00 3.8000e+00 4.9548e+01
5.9930e+00 1.1000e-01 7.2000e+00 8.6000e+00 1.8000e+00 4.9548e+01 5.5630e+00 1.1800e-01 7.5000e+00 9.2000e+00 2.6000e+00 4.9548e+01 6.9510e+00 9.4000e-02 7.7000e+00 9.3000e+00 5.3000e+00 4.9548e+01 5.8160e+00 9.6000e-02 7.7000e+00 8.6000e+00 3.8000e+00 4.9548e+01 6.3560e+00 1.3600e-01 7.6000e+00 7.5000e+00 5.3000e+00 4.9548e+01
5.5230e+00 1.2800e-01 7.2000e+00 8.9000e+00 3.3000e+00 4.9548e+01 6.2850e+00 1.1800e-01 7.8000e+00 9.4000e+00 2.5000e+00 4.9548e+01 5.8160e+00 9.6000e-02 7.7000e+00 8.6000e+00 3.8000e+00 4.9548e+01 6.3560e+00 1.3600e-01 7.6000e+00 7.5000e+00 5.3000e+00 4.9548e+01 6.3530e+00 1.8500e-01 7.5000e+00 7.9000e+00 4.3000e+00 4.9548e+01
8.1940e+00 1.2400e-01 7.6000e+00 1.0600e+01 2.2000e+00 4.9548e+01 7.6300e+00 1.4700e-01 7.6000e+00 8.7000e+00 3.1000e+00 4.9548e+01 6.3560e+00 1.3600e-01 7.6000e+00 7.5000e+00 5.3000e+00 4.9548e+01 6.3530e+00 1.8500e-01 7.5000e+00 7.9000e+00 4.3000e+00 4.9548e+01 6.4600e+00 1.6500e-01 7.5000e+00 7.9000e+00 4.3000e+00 4.9548e+01
1.0583e+01 1.3700e-01 7.6000e+00 1.0800e+01 1.6000e+00 4.9548e+01 8.3740e+00 1.0300e-01 7.7000e+00 9.9000e+00 1.2000e+00 4.9548e+01 6.3530e+00 1.8500e-01 7.5000e+00 7.9000e+00 4.3000e+00 4.9548e+01 6.4600e+00 1.6500e-01 7.5000e+00 7.9000e+00 4.3000e+00 4.9548e+01 9.3660e+00 1.2600e-01 7.6000e+00 8.5000e+00 3.2000e+00 4.9548e+01
1.1404e+01 1.4600e-01 8.1000e+00 1.1200e+01 2.5000e+00 4.9548e+01 9.1790e+00 1.2100e-01 7.2000e+00 1.0900e+01 1.5000e+00 4.9548e+01 6.4600e+00 1.6500e-01 7.5000e+00 7.9000e+00 4.3000e+00 4.9548e+01 9.3660e+00 1.2600e-01 7.6000e+00 8.5000e+00 3.2000e+00 4.9548e+01 1.0263e+01 1.0100e-01 7.8000e+00 1.0300e+01 2.6000e+00 4.9548e+01
1.2720e+01 9.0000e-02 7.7000e+00 1.1700e+01 2.6000e+00 4.9548e+01 9.9900e+00 2.1500e-01 6.9000e+00 9.7000e+00 7.1000e+00 4.9548e+01 9.3660e+00 1.2600e-01 7.6000e+00 8.5000e+00 3.2000e+00 4.9548e+01 1.0263e+01 1.0100e-01 7.8000e+00 1.0300e+01 2.6000e+00 4.9548e+01 1.0820e+01 1.1000e-01 7.7000e+00 1.1800e+01 1.5000e+00 4.9548e+01
1.3640e+01 1.6500e-01 7.4000e+00 1.2100e+01 5.7000e+00 4.9548e+01 4.4400e+00 5.1000e-02 7.8000e+00 1.0400e+01 1.9000e+00 4.9548e+01 1.0263e+01 1.0100e-01 7.8000e+00 1.0300e+01 2.6000e+00 4.9548e+01 1.0820e+01 1.1000e-01 7.7000e+00 1.1800e+01 1.5000e+00 4.9548e+01 8.2200e+00 7.5000e-02 7.5000e+00 1.1700e+01 1.7000e+00 4.9548e+01
1.3350e+01 8.5000e-02 7.2000e+00 1.1100e+01 3.9000e+00 4.9548e+01 1.1975e+01 1.1500e-01 6.9000e+00 1.1300e+01 3.0000e+00 4.9548e+01 1.0820e+01 1.1000e-01 7.7000e+00 1.1800e+01 1.5000e+00 4.9548e+01 8.2200e+00 7.5000e-02 7.5000e+00 1.1700e+01 1.7000e+00 4.9548e+01 1.3865e+01 1.2500e-01 7.5000e+00 1.0900e+01 5.8000e+00 4.9548e+01
8.3550e+00 1.5000e-01 7.2000e+00 1.0800e+01 5.4000e+00 4.9548e+01 8.8850e+00 1.6300e-01 7.2000e+00 1.0100e+01 6.4000e+00 4.9548e+01 8.2200e+00 7.5000e-02 7.5000e+00 1.1700e+01 1.7000e+00 4.9548e+01 1.3865e+01 1.2500e-01 7.5000e+00 1.0900e+01 5.8000e+00 4.9548e+01 1.1069e+01 1.3800e-01 7.7000e+00 1.0600e+01 3.5000e+00 4.9548e+01
7.2330e+00 9.6000e-02 7.3000e+00 1.0400e+01 6.4000e+00 4.9548e+01 8.9960e+00 7.9000e-02 7.6000e+00 9.7000e+00 5.5000e+00 4.9548e+01 1.3865e+01 1.2500e-01 7.5000e+00 1.0900e+01 5.8000e+00 4.9548e+01 1.1069e+01 1.3800e-01 7.7000e+00 1.0600e+01 3.5000e+00 4.9548e+01 1.1436e+01 1.4300e-01 7.9000e+00 1.0600e+01 2.9000e+00 4.9548e+01
1.0535e+01 4.5000e-02 7.7000e+00 1.2500e+01 2.3000e+00 4.9548e+01 1.3640e+01 1.6500e-01 7.4000e+00 1.2100e+01 5.7000e+00 4.9548e+01 9.1790e+00 1.2100e-01 7.2000e+00 1.0900e+01 1.5000e+00 4.9548e+01 9.9900e+00 2.1500e-01 6.9000e+00 9.7000e+00 7.1000e+00 4.9548e+01 4.4400e+00 5.1000e-02 7.8000e+00 1.0400e+01 1.9000e+00 4.9548e+01
