4.4400e+00 5.1000e-02 7.8000e+00 1.0400e+01 1.9000e+00 4.9548e+01 1.0464e+01 1.1500e-01 8.6000e+00 1.2200e+01 2.2000e+00 5.0751e+01 7.7520e+00 2.5900e-01 8.4000e+00 1.1300e+01 2.0000e+00 4.2011e+01 1.0824e+01 2.1600e-01 7.9000e+00 1.3500e+01 2.9000e+00 4.5571e+01 1.1544e+01 3.0700e-01 9.0000e+00 1.1200e+01 3.4000e+00 5.1709e+01
4.4400e+00 5.1000e-02 7.8000e+00 1.0400e+01 1.9000e+00 4.9548e+01 1.0320e+01 1.1500e-01 8.3000e+00 1.6600e+01 4.9000e+00 4.6583e+01 1.0824e+01 2.1600e-01 7.9000e+00 1.3500e+01 2.9000e+00 4.5571e+01 1.1544e+01 3.0700e-01 9.0000e+00 1.1200e+01 3.4000e+00 5.1709e+01 9.5040e+00 1.3000e-01 8.6000e+00 9.7000e+00 4.7000e+00 5.4895e+01
4.4400e+00 5.1000e-02 7.8000e+00 1.0400e+01 1.9000e+00 4.9548e+01 1.0896e+01 1.3000e-01 7.7000e+00 1.2300e+01 3.5000e+00 4.6190e+01 1.1544e+01 3.0700e-01 9.0000e+00 1.1200e+01 3.4000e+00 5.1709e+01 9.5040e+00 1.3000e-01 8.6000e+00 9.7000e+00 4.7000e+00 5.4895e+01 9.5040e+00 1.4400e-01 8.9000e+00 1.2500e+01 6.5000e+00 5.3573e+01
9.1200e+00 3.7000e-01 7.7000e+00 1.1200e+01 2.0000e+00 3.9188e+01 7.9200e+00 1.4400e-01 7.9000e+00 1.0500e+01 6.4000e+00 6.8779e+01 9.5040e+00 1.3000e-01 8.6000e+00 9.7000e+00 4.7000e+00 5.4895e+01 9.5040e+00 1.4400e-01 8.9000e+00 1.2500e+01 6.5000e+00 5.3573e+01 7.4400e+00 1.1500e-01 8.8000e+00 9.5000e+00 7.0000e+00 5.8278e+01
7.4880e+00 5.0900e-01 7.7000e+00 8.6000e+00 6.2000e+00 5.2155e+01 6.8880e+00 1.8200e-01 8.0000e+00 1.1000e+01 5.3000e+00 5.8955e+01 9.5040e+00 1.4400e-01 8.9000e+00 1.2500e+01 6.5000e+00 5.3573e+01 7.4400e+00 1.1500e-01 8.8000e+00 9.5000e+00 7.0000e+00 5.8278e+01 9.0000e+00 3.8900e-01 7.6000e+00 8.6000e+00 5.4000e+00 3.9974e+01
8.0640e+00 6.4800e-01 7.7000e+00 1.0900e+01 4.3000e+00 6.4690e+01 8.1600e+00 6.2900e-01 7.9000e+00 8.2000e+00 4.9000e+00 6.1100e+01 7.4400e+00 1.1500e-01 8.8000e+00 9.5000e+00 7.0000e+00 5.8278e+01 9.0000e+00 3.8900e-01 7.6000e+00 8.6000e+00 5.4000e+00 3.9974e+01 1.6176e+01 3.5500e-01 7.5000e+00 9.9000e+00 1.9000e+01 5.5377e+01
6.0000e+00 1.2500e-01 7.6000e+00 9.0000e+00 3.5000e+00 6.0037e+01 6.5760e+00 1.8700e-01 8.0000e+00 1.0400e+01 3.3000e+00 5.8900e+01 9.0000e+00 3.8900e-01 7.6000e+00 8.6000e+00 5.4000e+00 3.9974e+01 1.6176e+01 3.5500e-01 7.5000e+00 9.9000e+00 1.9000e+01 5.5377e+01 4.9680e+00 2.2100e-01 7.5000e+00 7.3000e+00 2.3000e+00 5.8734e+01
5.6400e+00 2.2600e-01 7.7000e+00 8.5000e+00 2.1000e+00 5.3383e+01 6.3360e+00 5.3300e-01 8.7000e+00 1.2700e+01 3.8000e+00 6.7588e+01 1.6176e+01 3.5500e-01 7.5000e+00 9.9000e+00 1.9000e+01 5.5377e+01 4.9680e+00 2.2100e-01 7.5000e+00 7.3000e+00 2.3000e+00 5.8734e+01 2.0610e+00 1.3000e-02 7.9000e+00 9.3000e+00 1.3000e+00 5.7360e+01
4.6680e+00 2.9300e-01 7.9000e+00 1.0600e+01 3.2000e+00 7.2568e+01 5.1480e+00 1.8700e-01 7.9000e+00 9.7000e+00 1.2000e+00 4.6389e+01 4.9680e+00 2.2100e-01 7.5000e+00 7.3000e+00 2.3000e+00 5.8734e+01 2.0610e+00 1.3000e-02 7.9000e+00 9.3000e+00 1.3000e+00 5.7360e+01 1.9500e+00 3.2000e-02 7.7000e+00 8.8000e+00 1.4000e+00 5.5533e+01
6.3120e+00 3.8900e-01 7.7000e+00 8.9000e+00 3.8000e+00 4.4909e+01 7.4400e+00 2.7800e-01 8.4000e+00 9.6000e+00 2.5000e+00 5.7296e+01 2.0610e+00 1.3000e-02 7.9000e+00 9.3000e+00 1.3000e+00 5.7360e+01 1.9500e+00 3.2000e-02 7.7000e+00 8.8000e+00 1.4000e+00 5.5533e+01 5.7200e+00 4.2700e-01 7.9000e+00 7.3000e+00 4.5000e+00 4.7324e+01
8.3280e+00 8.3280e+00 8.0000e+00 1.1900e+01 3.7000e+00 5.6489e+01 7.7520e+00 2.5900e-01 8.4000e+00 1.1300e+01 2.0000e+00 4.2011e+01 1.9500e+00 3.2000e-02 7.7000e+00 8.8000e+00 1.4000e+00 5.5533e+01 5.7200e+00 4.2700e-01 7.9000e+00 7.3000e+00 4.5000e+00 4.7324e+01 5.6240e+00 3.0700e-01 8.1000e+00 1.0800e+01 4.0000e+00 3.9974e+01
9.0900e+00 3.3100e-01 8.0000e+00 1.0900e+01 3.7000e+00 2.7101e+01 1.0824e+01 2.1600e-01 7.9000e+00 1.3500e+01 2.9000e+00 4.5571e+01 5.7200e+00 4.2700e-01 7.9000e+00 7.3000e+00 4.5000e+00 4.7324e+01 5.6240e+00 3.0700e-01 8.1000e+00 1.0800e+01 4.0000e+00 3.9974e+01 5.2720e+00 1.3000e-01 7.1000e+00 1.4800e+01 1.9000e+00 3.8335e+01
1.0464e+01 1.1500e-01 8.6000e+00 1.2200e+01 2.2000e+00 5.0751e+01 1.1544e+01 3.0700e-01 9.0000e+00 1.1200e+01 3.4000e+00 5.1709e+01 5.6240e+00 3.0700e-01 8.1000e+00 1.0800e+01 4.0000e+00 3.9974e+01 5.2720e+00 1.3000e-01 7.1000e+00 1.4800e+01 1.9000e+00 3.8335e+01 5.9040e+00 1.9200e-01 6.7000e+00 1.7600e+01 1.8000e+00 5.3573e+01
1.0320e+01 1.1500e-01 8.3000e+00 1.6600e+01 4.9000e+00 4.6583e+01 9.5040e+00 1.3000e-01 8.6000e+00 9.7000e+00 4.7000e+00 5.4895e+01 5.2720e+00 1.3000e-01 7.1000e+00 1.4800e+01 1.9000e+00 3.8335e+01 5.9040e+00 1.9200e-01 6.7000e+00 1.7600e+01 1.8000e+00 5.3573e+01 6.4640e+00 1.4900e-01 6.4000e+00 1.6100e+01 2.4000e+00 5.5986e+01
1.0896e+01 1.3000e-01 7.7000e+00 1.2300e+01 3.5000e+00 4.6190e+01 9.5040e+00 1.4400e-01 8.9000e+00 1.2500e+01 6.5000e+00 5.3573e+01 5.9040e+00 1.9200e-01 6.7000e+00 1.7600e+01 1.8000e+00 5.3573e+01 6.4640e+00 1.4900e-01 6.4000e+00 1.6100e+01 2.4000e+00 5.5986e+01 4.8480e+00 2.1100e-01 7.0000e+00 1.1900e+01 2.9000e+00 5.5610e+01
7.9200e+00 1.4400e-01 7.9000e+00 1.0500e+01 6.4000e+00 6.8779e+01 7.4400e+00 1.1500e-01 8.8000e+00 9.5000e+00 7.0000e+00 5.8278e+01 6.4640e+00 1.4900e-01 6.4000e+00 1.6100e+01 2.4000e+00 5.5986e+01 4.8480e+00 2.1100e-01 7.0000e+00 1.1900e+01 2.9000e+00 5.5610e+01 3.6540e+00 1.4900e-01 7.1000e+00 1.2700e+01 3.6000e+00 6.2823e+01
6.8880e+00 1.8200e-01 8.0000e+00 1.1000e+01 5.3000e+00 5.8955e+01 9.0000e+00 3.8900e-01 7.6000e+00 8.6000e+00 5.4000e+00 3.9974e+01 4.8480e+00 2.1100e-01 7.0000e+00 1.1900e+01 2.9000e+00 5.5610e+01 3.6540e+00 1.4900e-01 7.1000e+00 1.2700e+01 3.6000e+00 6.2823e+01 3.1450e+00 2.3400e-01 6.9000e+00 7.7000e+00 3.7000e+00 4.2011e+01
8.1600e+00 6.2900e-01 7.9000e+00 8.2000e+00 4.9000e+00 6.1100e+01 1.6176e+01 3.5500e-01 7.5000e+00 9.9000e+00 1.9000e+01 5.5377e+01 3.6540e+00 1.4900e-01 7.1000e+00 1.2700e+01 3.6000e+00 6.2823e+01 3.1450e+00 2.3400e-01 6.9000e+00 7.7000e+00 3.7000e+00 4.2011e+01 2.4170e+00 2.4800e-01 7.2000e+00 4.0000e+00 1.2000e+00 5.2685e+01
6.5760e+00 1.8700e-01 8.0000e+00 1.0400e+01 3.3000e+00 5.8900e+01 4.9680e+00 2.2100e-01 7.5000e+00 7.3000e+00 2.3000e+00 5.8734e+01 3.1450e+00 2.3400e-01 6.9000e+00 7.7000e+00 3.7000e+00 4.2011e+01 2.4170e+00 2.4800e-01 7.2000e+00 4.0000e+00 1.2000e+00 5.2685e+01 1.8160e+00 1.4700e-01 7.2000e+00 7.6000e+00 1.9000e+00 6.3900e+01
6.3360e+00 5.3300e-01 8.7000e+00 1.2700e+01 3.8000e+00 6.7588e+01 2.0610e+00 1.3000e-02 7.9000e+00 9.3000e+00 1.3000e+00 5.7360e+01 2.4170e+00 2.4800e-01 7.2000e+00 4.0000e+00 1.2000e+00 5.2685e+01 1.8160e+00 1.4700e-01 7.2000e+00 7.6000e+00 1.9000e+00 6.3900e+01 2.3420e+00 2.7000e-02 7.8000e+00 7.6000e+00 1.1000e+00 4.1045e+01
5.1480e+00 1.8700e-01 7.9000e+00 9.7000e+00 1.2000e+00 4.6389e+01 1.9500e+00 3.2000e-02 7.7000e+00 8.8000e+00 1.4000e+00 5.5533e+01 1.8160e+00 1.4700e-01 7.2000e+00 7.6000e+00 1.9000e+00 6.3900e+01 2.3420e+00 2.7000e-02 7.8000e+00 7.6000e+00 1.1000e+00 4.1045e+01 2.8330e+00 5.1000e-02 7.6000e+00 9.1000e+00 1.8000e+00 5.6348e+01
7.4400e+00 2.7800e-01 8.4000e+00 9.6000e+00 2.5000e+00 5.7296e+01 5.7200e+00 4.2700e-01 7.9000e+00 7.3000e+00 4.5000e+00 4.7324e+01 2.3420e+00 2.7000e-02 7.8000e+00 7.6000e+00 1.1000e+00 4.1045e+01 2.8330e+00 5.1000e-02 7.6000e+00 9.1000e+00 1.8000e+00 5.6348e+01 3.2340e+00 6.8000e-02 7.8000e+00 1.1000e+01 9.0000e-01 4.6960e+01
7.7520e+00 2.5900e-01 8.4000e+00 1.1300e+01 2.0000e+00 4.2011e+01 5.6240e+00 3.0700e-01 8.1000e+00 1.0800e+01 4.0000e+00 3.9974e+01 2.8330e+00 5.1000e-02 7.6000e+00 9.1000e+00 1.8000e+00 5.6348e+01 3.2340e+00 6.8000e-02 7.8000e+00 1.1000e+01 9.0000e-01 4.6960e+01 2.8920e+00 5.1000e-02 8.1000e+00 1.1800e+01 9.0000e-01 4.9548e+01
1.0824e+01 2.1600e-01 7.9000e+00 1.3500e+01 2.9000e+00 4.5571e+01 5.2720e+00 1.3000e-01 7.1000e+00 1.4800e+01 1.9000e+00 3.8335e+01 3.2340e+00 6.8000e-02 7.8000e+00 1.1000e+01 9.0000e-01 4.6960e+01 2.8920e+00 5.1000e-02 8.1000e+00 1.1800e+01 9.0000e-01 4.9548e+01 4.5500e+00 6.8000e-02 8.0000e+00 1.3300e+01 1.3000e+00 4.9829e+01
1.1544e+01 3.0700e-01 9.0000e+00 1.1200e+01 3.4000e+00 5.1709e+01 5.9040e+00 1.9200e-01 6.7000e+00 1.7600e+01 1.8000e+00 5.3573e+01 2.8920e+00 5.1000e-02 8.1000e+00 1.1800e+01 9.0000e-01 4.9548e+01 4.5500e+00 6.8000e-02 8.0000e+00 1.3300e+01 1.3000e+00 4.9829e+01 5.8580e+00 8.6000e-02 7.8000e+00 1.4100e+01 1.1000e+00 3.8335e+01
9.5040e+00 1.3000e-01 8.6000e+00 9.7000e+00 4.7000e+00 5.4895e+01 6.4640e+00 1.4900e-01 6.4000e+00 1.6100e+01 2.4000e+00 5.5986e+01 4.5500e+00 6.8000e-02 8.0000e+00 1.3300e+01 1.3000e+00 4.9829e+01 5.8580e+00 8.6000e-02 7.8000e+00 1.4100e+01 1.1000e+00 3.8335e+01 5.0940e+00 8.6000e-02 8.8000e+00 1.3600e+01 1.5000e+00 5.3667e+01
9.5040e+00 1.4400e-01 8.9000e+00 1.2500e+01 6.5000e+00 5.3573e+01 4.8480e+00 2.1100e-01 7.0000e+00 1.1900e+01 2.9000e+00 5.5610e+01 5.8580e+00 8.6000e-02 7.8000e+00 1.4100e+01 1.1000e+00 3.8335e+01 5.0940e+00 8.6000e-02 8.8000e+00 1.3600e+01 1.5000e+00 5.3667e+01 4.4080e+00 5.6000e-02 8.3000e+00 1.4000e+01 2.8000e+00 6.1736e+01
7.4400e+00 1.1500e-01 8.8000e+00 9.5000e+00 7.0000e+00 5.8278e+01 3.6540e+00 1.4900e-01 7.1000e+00 1.2700e+01 3.6000e+00 6.2823e+01 5.0940e+00 8.6000e-02 8.8000e+00 1.3600e+01 1.5000e+00 5.3667e+01 4.4080e+00 5.6000e-02 8.3000e+00 1.4000e+01 2.8000e+00 6.1736e+01 2.6940e+00 6.1000e-02 7.6000e+00 8.4000e+00 2.1000e+00 5.0751e+01
9.0000e+00 3.8900e-01 7.6000e+00 8.6000e+00 5.4000e+00 3.9974e+01 3.1450e+00 2.3400e-01 6.9000e+00 7.7000e+00 3.7000e+00 4.2011e+01 4.4080e+00 5.6000e-02 8.3000e+00 1.4000e+01 2.8000e+00 6.1736e+01 2.6940e+00 6.1000e-02 7.6000e+00 8.4000e+00 2.1000e+00 5.0751e+01 2.5840e+00 6.4000e-02 8.1000e+00 8.9000e+00 1.5000e+00 4.3696e+01
1.6176e+01 3.5500e-01 7.5000e+00 9.9000e+00 1.9000e+01 5.5377e+01 2.4170e+00 2.4800e-01 7.2000e+00 4.0000e+00 1.2000e+00 5.2685e+01 2.6940e+00 6.1000e-02 7.6000e+00 8.4000e+00 2.1000e+00 5.0751e+01 2.5840e+00 6.4000e-02 8.1000e+00 8.9000e+00 1.5000e+00 4.3696e+01 2.1990e+00 1.1600e-01 8.6000e+00 1.0700e+01 1.2000e+00 5.0101e+01
4.9680e+00 2.2100e-01 7.5000e+00 7.3000e+00 2.3000e+00 5.8734e+01 1.8160e+00 1.4700e-01 7.2000e+00 7.6000e+00 1.9000e+00 6.3900e+01 2.5840e+00 6.4000e-02 8.1000e+00 8.9000e+00 1.5000e+00 4.3696e+01 2.1990e+00 1.1600e-01 8.6000e+00 1.0700e+01 1.2000e+00 5.0101e+01 1.8360e+00 1.4800e-01 7.8000e+00 8.7000e+00 1.5000e+00 5.1934e+01
2.0610e+00 1.3000e-02 7.9000e+00 9.3000e+00 1.3000e+00 5.7360e+01 2.3420e+00 2.7000e-02 7.8000e+00 7.6000e+00 1.1000e+00 4.1045e+01 2.1990e+00 1.1600e-01 8.6000e+00 1.0700e+01 1.2000e+00 5.0101e+01 1.8360e+00 1.4800e-01 7.8000e+00 8.7000e+00 1.5000e+00 5.1934e+01 2.5200e+00 7.9000e-02 7.9000e+00 6.8000e+00 9.0000e-01 4.5571e+01
1.9500e+00 3.2000e-02 7.7000e+00 8.8000e+00 1.4000e+00 5.5533e+01 2.8330e+00 5.1000e-02 7.6000e+00 9.1000e+00 1.8000e+00 5.6348e+01 1.8360e+00 1.4800e-01 7.8000e+00 8.7000e+00 1.5000e+00 5.1934e+01 2.5200e+00 7.9000e-02 7.9000e+00 6.8000e+00 9.0000e-01 4.5571e+01 2.6030e+00 1.2700e-01 7.4000e+00 7.9000e+00 1.4000e+00 5.1822e+01
5.7200e+00 4.2700e-01 7.9000e+00 7.3000e+00 4.5000e+00 4.7324e+01 3.2340e+00 6.8000e-02 7.8000e+00 1.1000e+01 9.0000e-01 4.6960e+01 2.5200e+00 7.9000e-02 7.9000e+00 6.8000e+00 9.0000e-01 4.5571e+01 2.6030e+00 1.2700e-01 7.4000e+00 7.9000e+00 1.4000e+00 5.1822e+01 3.4860e+00 8.0000e-02 8.0000e+00 1.0500e+01 9.0000e-01 4.4678e+01
5.6240e+00 3.0700e-01 8.1000e+00 1.0800e+01 4.0000e+00 3.9974e+01 2.8920e+00 5.1000e-02 8.1000e+00 1.1800e+01 9.0000e-01 4.9548e+01 2.6030e+00 1.2700e-01 7.4000e+00 7.9000e+00 1.4000e+00 5.1822e+01 3.4860e+00 8.0000e-02 8.0000e+00 1.0500e+01 9.0000e-01 4.4678e+01 4.4610e+00 9.9000e-02 7.1000e+00 9.4000e+00 1.3000e+00 4.5571e+01
5.2720e+00 1.3000e-01 7.1000e+00 1.4800e+01 1.9000e+00 3.8335e+01 4.5500e+00 6.8000e-02 8.0000e+00 1.3300e+01 1.3000e+00 4.9829e+01 3.4860e+00 8.0000e-02 8.0000e+00 1.0500e+01 9.0000e-01 4.4678e+01 4.4610e+00 9.9000e-02 7.1000e+00 9.4000e+00 1.3000e+00 4.5571e+01 4.1440e+00 5.2000e-02 8.2000e+00 1.3700e+01 1.5000e+00 3.7400e+01
3.6540e+00 1.4900e-01 7.1000e+00 1.2700e+01 3.6000e+00 6.2823e+01 2.6940e+00 6.1000e-02 7.6000e+00 8.4000e+00 2.1000e+00 5.0751e+01 4.4400e+00 5.1000e-02 7.8000e+00 1.0400e+01 1.9000e+00 4.9548e+01 4.4400e+00 5.1000e-02 7.8000e+00 1.0400e+01 1.9000e+00 4.9548e+01 4.4400e+00 5.1000e-02 9.3000e+00 1.3900e+01 3.2000e+00 4.9548e+01
3.1450e+00 2.3400e-01 6.9000e+00 7.7000e+00 3.7000e+00 4.2011e+01 2.5840e+00 6.4000e-02 8.1000e+00 8.9000e+00 1.5000e+00 4.3696e+01 4.4400e+00 5.1000e-02 7.8000e+00 1.0400e+01 1.9000e+00 4.9548e+01 4.4400e+00 5.1000e-02 9.3000e+00 1.3900e+01 3.2000e+00 4.9548e+01 4.4400e+00 5.1000e-02 8.3000e+00 9.5000e+00 3.8000e+00 4.9548e+01
2.4170e+00 2.4800e-01 7.2000e+00 4.0000e+00 1.2000e+00 5.2685e+01 2.1990e+00 1.1600e-01 8.6000e+00 1.0700e+01 1.2000e+00 5.0101e+01 4.4400e+00 5.1000e-02 9.3000e+00 1.3900e+01 3.2000e+00 4.9548e+01 4.4400e+00 5.1000e-02 8.3000e+00 9.5000e+00 3.8000e+00 4.9548e+01 4.4400e+00 5.1000e-02 9.1000e+00 1.0700e+01 4.7000e+00 4.9548e+01
1.8160e+00 1.4700e-01 7.2000e+00 7.6000e+00 1.9000e+00 6.3900e+01 1.8360e+00 1.4800e-01 7.8000e+00 8.7000e+00 1.5000e+00 5.1934e+01 4.4400e+00 5.1000e-02 8.3000e+00 9.5000e+00 3.8000e+00 4.9548e+01 4.4400e+00 5.1000e-02 9.1000e+00 1.0700e+01 4.7000e+00 4.9548e+01 4.4400e+00 5.1000e-02 8.9000e+00 1.1600e+01 3.7000e+00 4.9548e+01
2.3420e+00 2.7000e-02 7.8000e+00 7.6000e+00 1.1000e+00 4.1045e+01 2.5200e+00 7.9000e-02 7.9000e+00 6.8000e+00 9.0000e-01 4.5571e+01 4.4400e+00 5.1000e-02 9.1000e+00 1.0700e+01 4.7000e+00 4.9548e+01 4.4400e+00 5.1000e-02 8.9000e+00 1.1600e+01 3.7000e+00 4.9548e+01 4.4400e+00 5.1000e-02 9.0000e+00 9.0000e+00 4.4000e+00 4.9548e+01
2.8330e+00 5.1000e-02 7.6000e+00 9.1000e+00 1.8000e+00 5.6348e+01 2.6030e+00 1.2700e-01 7.4000e+00 7.9000e+00 1.4000e+00 5.1822e+01 4.4400e+00 5.1000e-02 8.9000e+00 1.1600e+01 3.7000e+00 4.9548e+01 4.4400e+00 5.1000e-02 9.0000e+00 9.0000e+00 4.4000e+00 4.9548e+01 4.4400e+00 5.1000e-02 8.9000e+00 8.9000e+00 5.5000e+00 4.9548e+01
3.2340e+00 6.8000e-02 7.8000e+00 1.1000e+01 9.0000e-01 4.6960e+01 3.4860e+00 8.0000e-02 8.0000e+00 1.0500e+01 9.0000e-01 4.4678e+01 4.4400e+00 5.1000e-02 9.0000e+00 9.0000e+00 4.4000e+00 4.9548e+01 4.4400e+00 5.1000e-02 8.9000e+00 8.9000e+00 5.5000e+00 4.9548e+01 4.4400e+00 5.1000e-02 8.5000e+00 8.7000e+00 2.7000e+00 4.9548e+01
2.8920e+00 5.1000e-02 8.1000e+00 1.1800e+01 9.0000e-01 4.9548e+01 4.4610e+00 9.9000e-02 7.1000e+00 9.4000e+00 1.3000e+00 4.5571e+01 4.4400e+00 5.1000e-02 8.9000e+00 8.9000e+00 5.5000e+00 4.9548e+01 4.4400e+00 5.1000e-02 8.5000e+00 8.7000e+00 2.7000e+00 4.9548e+01 4.4400e+00 5.1000e-02 8.6000e+00 1.1700e+01 2.1000e+00 4.9548e+01
4.5500e+00 6.8000e-02 8.0000e+00 1.3300e+01 1.3000e+00 4.9829e+01 4.1440e+00 5.2000e-02 8.2000e+00 1.3700e+01 1.5000e+00 3.7400e+01 4.4400e+00 5.1000e-02 8.5000e+00 8.7000e+00 2.7000e+00 4.9548e+01 4.4400e+00 5.1000e-02 8.6000e+00 1.1700e+01 2.1000e+00 4.9548e+01 4.4400e+00 5.1000e-02 8.5000e+00 1.3500e+01 1.8000e+00 4.9548e+01
5.8580e+00 8.6000e-02 7.8000e+00 1.4100e+01 1.1000e+00 3.8335e+01 4.4400e+00 5.1000e-02 7.8000e+00 1.0400e+01 1.9000e+00 4.9548e+01 4.4400e+00 5.1000e-02 8.6000e+00 1.1700e+01 2.1000e+00 4.9548e+01 4.4400e+00 5.1000e-02 8.5000e+00 1.3500e+01 1.8000e+00 4.9548e+01 4.4400e+00 5.1000e-02 8.8000e+00 1.4700e+01 1.8000e+00 4.9548e+01
5.0940e+00 8.6000e-02 8.8000e+00 1.3600e+01 1.5000e+00 5.3667e+01 4.4400e+00 5.1000e-02 7.8000e+00 1.0400e+01 1.9000e+00 4.9548e+01 4.4400e+00 5.1000e-02 8.5000e+00 1.3500e+01 1.8000e+00 4.9548e+01 4.4400e+00 5.1000e-02 8.8000e+00 1.4700e+01 1.8000e+00 4.9548e+01 4.4400e+00 5.1000e-02 8.8000e+00 1.5200e+01 5.1000e+00 4.9548e+01
4.4080e+00 5.6000e-02 8.3000e+00 1.4000e+01 2.8000e+00 6.1736e+01 4.4400e+00 5.1000e-02 7.8000e+00 1.0400e+01 1.9000e+00 4.9548e+01 4.4400e+00 5.1000e-02 8.8000e+00 1.4700e+01 1.8000e+00 4.9548e+01 4.4400e+00 5.1000e-02 8.8000e+00 1.5200e+01 5.1000e+00 4.9548e+01 4.4400e+00 5.1000e-02 8.8000e+00 1.4600e+01 5.7000e+00 4.9548e+01
2.6940e+00 6.1000e-02 7.6000e+00 8.4000e+00 2.1000e+00 5.0751e+01 4.4400e+00 5.1000e-02 9.3000e+00 1.3900e+01 3.2000e+00 4.9548e+01 4.4400e+00 5.1000e-02 8.8000e+00 1.5200e+01 5.1000e+00 4.9548e+01 4.4400e+00 5.1000e-02 8.8000e+00 1.4600e+01 5.7000e+00 4.9548e+01 4.4400e+00 5.1000e-02 8.9000e+00 1.3500e+01 4.0000e+00 4.9548e+01
2.5840e+00 6.4000e-02 8.1000e+00 8.9000e+00 1.5000e+00 4.3696e+01 4.4400e+00 5.1000e-02 8.3000e+00 9.5000e+00 3.8000e+00 4.9548e+01 4.4400e+00 5.1000e-02 8.8000e+00 1.4600e+01 5.7000e+00 4.9548e+01 4.4400e+00 5.1000e-02 8.9000e+00 1.3500e+01 4.0000e+00 4.9548e+01 4.4400e+00 5.1000e-02 8.9000e+00 1.2500e+01 4.5000e+00 4.9548e+01
2.1990e+00 1.1600e-01 8.6000e+00 1.0700e+01 1.2000e+00 5.0101e+01 4.4400e+00 5.1000e-02 9.1000e+00 1.0700e+01 4.7000e+00 4.9548e+01 4.4400e+00 5.1000e-02 8.9000e+00 1.3500e+01 4.0000e+00 4.9548e+01 4.4400e+00 5.1000e-02 8.9000e+00 1.2500e+01 4.5000e+00 4.9548e+01 4.4400e+00 5.1000e-02 8.4000e+00 1.1300e+01 4.5000e+00 4.9548e+01
1.8360e+00 1.4800e-01 7.8000e+00 8.7000e+00 1.5000e+00 5.1934e+01 4.4400e+00 5.1000e-02 8.9000e+00 1.1600e+01 3.7000e+00 4.9548e+01 4.4400e+00 5.1000e-02 8.9000e+00 1.2500e+01 4.5000e+00 4.9548e+01 4.4400e+00 5.1000e-02 8.4000e+00 1.1300e+01 4.5000e+00 4.9548e+01 4.4400e+00 5.1000e-02 8.0000e+00 7.0000e+00 2.8000e+00 4.9548e+01
2.5200e+00 7.9000e-02 7.9000e+00 6.8000e+00 9.0000e-01 4.5571e+01 4.4400e+00 5.1000e-02 9.0000e+00 9.0000e+00 4.4000e+00 4.9548e+01 4.4400e+00 5.1000e-02 8.4000e+00 1.1300e+01 4.5000e+00 4.9548e+01 4.4400e+00 5.1000e-02 8.0000e+00 7.0000e+00 2.8000e+00 4.9548e+01 4.4400e+00 5.1000e-02 8.4000e+00 9.3000e+00 2.9000e+00 4.9548e+01
2.6030e+00 1.2700e-01 7.4000e+00 7.9000e+00 1.4000e+00 5.1822e+01 4.4400e+00 5.1000e-02 8.9000e+00 8.9000e+00 5.5000e+00 4.9548e+01 4.4400e+00 5.1000e-02 8.0000e+00 7.0000e+00 2.8000e+00 4.9548e+01 4.4400e+00 5.1000e-02 8.4000e+00 9.3000e+00 2.9000e+00 4.9548e+01 4.4400e+00 5.1000e-02 8.9000e+00 1.0800e+01 3.3000e+00 4.9548e+01
3.4860e+00 8.0000e-02 8.0000e+00 1.0500e+01 9.0000e-01 4.4678e+01 4.4400e+00 5.1000e-02 8.5000e+00 8.7000e+00 2.7000e+00 4.9548e+01 4.4400e+00 5.1000e-02 8.4000e+00 9.3000e+00 2.9000e+00 4.9548e+01 4.4400e+00 5.1000e-02 8.9000e+00 1.0800e+01 3.3000e+00 4.9548e+01 4.4400e+00 5.1000e-02 8.5000e+00 9.2000e+00 2.1000e+00 4.9548e+01
4.4610e+00 9.9000e-02 7.1000e+00 9.4000e+00 1.3000e+00 4.5571e+01 4.4400e+00 5.1000e-02 8.6000e+00 1.1700e+01 2.1000e+00 4.9548e+01 4.4400e+00 5.1000e-02 8.9000e+00 1.0800e+01 3.3000e+00 4.9548e+01 4.4400e+00 5.1000e-02 8.5000e+00 9.2000e+00 2.1000e+00 4.9548e+01 4.4400e+00 5.1000e-02 8.3000e+00 1.1000e+01 2.8000e+00 4.9548e+01
4.1440e+00 5.2000e-02 8.2000e+00 1.3700e+01 1.5000e+00 3.7400e+01 4.4400e+00 5.1000e-02 8.5000e+00 1.3500e+01 1.8000e+00 4.9548e+01 4.4400e+00 5.1000e-02 8.5000e+00 9.2000e+00 2.1000e+00 4.9548e+01 4.4400e+00 5.1000e-02 8.3000e+00 1.1000e+01 2.8000e+00 4.9548e+01 4.4400e+00 5.1000e-02 8.0000e+00 1.1700e+01 2.6000e+00 4.9548e+01
4.4400e+00 5.1000e-02 7.8000e+00 1.0400e+01 1.9000e+00 4.9548e+01 4.4400e+00 5.1000e-02 8.8000e+00 1.4700e+01 1.8000e+00 4.9548e+01 4.4400e+00 5.1000e-02 8.3000e+00 1.1000e+01 2.8000e+00 4.9548e+01 4.4400e+00 5.1000e-02 8.0000e+00 1.1700e+01 2.6000e+00 4.9548e+01 4.4400e+00 5.1000e-02 7.9000e+00 1.1300e+01 2.9000e+00 4.9548e+01
4.4400e+00 5.1000e-02 7.8000e+00 1.0400e+01 1.9000e+00 4.9548e+01 4.4400e+00 5.1000e-02 8.8000e+00 1.5200e+01 5.1000e+00 4.9548e+01 4.4400e+00 5.1000e-02 8.0000e+00 1.1700e+01 2.6000e+00 4.9548e+01 4.4400e+00 5.1000e-02 7.9000e+00 1.1300e+01 2.9000e+00 4.9548e+01 4.4400e+00 5.1000e-02 8.1000e+00 1.0900e+01 4.3000e+00 4.9548e+01
4.4400e+00 5.1000e-02 7.8000e+00 1.0400e+01 1.9000e+00 4.9548e+01 4.4400e+00 5.1000e-02 8.8000e+00 1.4600e+01 5.7000e+00 4.9548e+01 4.4400e+00 5.1000e-02 7.9000e+00 1.1300e+01 2.9000e+00 4.9548e+01 4.4400e+00 5.1000e-02 8.1000e+00 1.0900e+01 4.3000e+00 4.9548e+01 4.4400e+00 5.1000e-02 8.5000e+00 1.2000e+01 2.7000e+00 4.9548e+01
4.4400e+00 5.1000e-02 9.3000e+00 1.3900e+01 3.2000e+00 4.9548e+01 4.4400e+00 5.1000e-02 8.9000e+00 1.3500e+01 4.0000e+00 4.9548e+01 4.4400e+00 5.1000e-02 8.1000e+00 1.0900e+01 4.3000e+00 4.9548e+01 4.4400e+00 5.1000e-02 8.5000e+00 1.2000e+01 2.7000e+00 4.9548e+01 4.4400e+00 5.1000e-02 8.8000e+00 1.2900e+01 2.7000e+00 4.9548e+01
4.4400e+00 5.1000e-02 8.3000e+00 9.5000e+00 3.8000e+00 4.9548e+01 4.4400e+00 5.1000e-02 8.9000e+00 1.2500e+01 4.5000e+00 4.9548e+01 4.4400e+00 5.1000e-02 8.5000e+00 1.2000e+01 2.7000e+00 4.9548e+01 4.4400e+00 5.1000e-02 8.8000e+00 1.2900e+01 2.7000e+00 4.9548e+01 4.4400e+00 5.1000e-02 8.5000e+00 9.8000e+00 2.9000e+00 4.9548e+01
4.4400e+00 5.1000e-02 9.1000e+00 1.0700e+01 4.7000e+00 4.9548e+01 4.4400e+00 5.1000e-02 8.4000e+00 1.1300e+01 4.5000e+00 4.9548e+01 4.4400e+00 5.1000e-02 8.8000e+00 1.2900e+01 2.7000e+00 4.9548e+01 4.4400e+00 5.1000e-02 8.5000e+00 9.8000e+00 2.9000e+00 4.9548e+01 4.4400e+00 5.1000e-02 8.2000e+00 8.5000e+00 2.3000e+00 4.9548e+01
4.4400e+00 5.1000e-02 8.9000e+00 1.1600e+01 3.7000e+00 4.9548e+01 4.4400e+00 5.1000e-02 8.0000e+00 7.0000e+00 2.8000e+00 4.9548e+01 4.4400e+00 5.1000e-02 8.5000e+00 9.8000e+00 2.9000e+00 4.9548e+01 4.4400e+00 5.1000e-02 8.2000e+00 8.5000e+00 2.3000e+00 4.9548e+01 4.4400e+00 5.1000e-02 8.0000e+00 7.2000e+00 2.3000e+00 4.9548e+01
4.4400e+00 5.1000e-02 9.0000e+00 9.0000e+00 4.4000e+00 4.9548e+01 4.4400e+00 5.1000e-02 8.4000e+00 9.3000e+00 2.9000e+00 4.9548e+01 4.4400e+00 5.1000e-02 8.2000e+00 8.5000e+00 2.3000e+00 4.9548e+01 4.4400e+00 5.1000e-02 8.0000e+00 7.2000e+00 2.3000e+00 4.9548e+01 4.4400e+00 5.1000e-02 8.0000e+00 6.0000e+00 3.1000e+00 4.9548e+01
4.4400e+00 5.1000e-02 8.9000e+00 8.9000e+00 5.5000e+00 4.9548e+01 4.4400e+00 5.1000e-02 8.9000e+00 1.0800e+01 3.3000e+00 4.9548e+01 4.4400e+00 5.1000e-02 8.0000e+00 7.2000e+00 2.3000e+00 4.9548e+01 4.4400e+00 5.1000e-02 8.0000e+00 6.0000e+00 3.1000e+00 4.9548e+01 4.4400e+00 5.1000e-02 7.9000e+00 6.9000e+00 3.3000e+00 4.9548e+01
4.4400e+00 5.1000e-02 8.5000e+00 8.7000e+00 2.7000e+00 4.9548e+01 4.4400e+00 5.1000e-02 8.5000e+00 9.2000e+00 2.1000e+00 4.9548e+01 4.4400e+00 5.1000e-02 8.0000e+00 6.0000e+00 3.1000e+00 4.9548e+01 4.4400e+00 5.1000e-02 7.9000e+00 6.9000e+00 3.3000e+00 4.9548e+01 4.4400e+00 5.1000e-02 7.8000e+00 8.6000e+00 2.0000e+00 4.9548e+01
4.4400e+00 5.1000e-02 8.6000e+00 1.1700e+01 2.1000e+00 4.9548e+01 4.4400e+00 5.1000e-02 8.3000e+00 1.1000e+01 2.8000e+00 4.9548e+01 4.4400e+00 5.1000e-02 7.9000e+00 6.9000e+00 3.3000e+00 4.9548e+01 4.4400e+00 5.1000e-02 7.8000e+00 8.6000e+00 2.0000e+00 4.9548e+01 4.4400e+00 5.1000e-02 7.9000e+00 9.2000e+00 2.7000e+00 4.9548e+01
4.4400e+00 5.1000e-02 8.5000e+00 1.3500e+01 1.8000e+00 4.9548e+01 4.4400e+00 5.1000e-02 8.0000e+00 1.1700e+01 2.6000e+00 4.9548e+01 4.4400e+00 5.1000e-02 7.8000e+00 8.6000e+00 2.0000e+00 4.9548e+01 4.4400e+00 5.1000e-02 7.9000e+00 9.2000e+00 2.7000e+00 4.9548e+01 4.4400e+00 5.1000e-02 7.9000e+00 1.1100e+01 1.7000e+00 4.9548e+01
4.4400e+00 5.1000e-02 8.8000e+00 1.5200e+01 5.1000e+00 4.9548e+01 4.4400e+00 5.1000e-02 8.1000e+00 1.0900e+01 4.3000e+00 4.9548e+01 4.4400e+00 5.1000e-02 7.9000e+00 1.1100e+01 1.7000e+00 4.9548e+01 4.4400e+00 5.1000e-02 7.8000e+00 1.0400e+01 1.9000e+00 4.9548e+01 4.4400e+00 5.1000e-02 8.2000e+00 1.4500e+01 1.4000e+00 4.9548e+01
4.4400e+00 5.1000e-02 8.8000e+00 1.4600e+01 5.7000e+00 4.9548e+01 4.4400e+00 5.1000e-02 8.5000e+00 1.2000e+01 2.7000e+00 4.9548e+01 4.4400e+00 5.1000e-02 7.8000e+00 1.0400e+01 1.9000e+00 4.9548e+01 4.4400e+00 5.1000e-02 8.2000e+00 1.4500e+01 1.4000e+00 4.9548e+01 4.4400e+00 5.1000e-02 8.7000e+00 1.3400e+01 2.8000e+00 4.9548e+01
4.4400e+00 5.1000e-02 8.9000e+00 1.3500e+01 4.0000e+00 4.9548e+01 4.4400e+00 5.1000e-02 8.8000e+00 1.2900e+01 2.7000e+00 4.9548e+01 4.4400e+00 5.1000e-02 8.2000e+00 1.4500e+01 1.4000e+00 4.9548e+01 4.4400e+00 5.1000e-02 8.7000e+00 1.3400e+01 2.8000e+00 4.9548e+01 4.4400e+00 5.1000e-02 8.6000e+00 1.1500e+01 3.3000e+00 4.9548e+01
4.4400e+00 5.1000e-02 8.9000e+00 1.2500e+01 4.5000e+00 4.9548e+01 4.4400e+00 5.1000e-02 8.5000e+00 9.8000e+00 2.9000e+00 4.9548e+01 4.4400e+00 5.1000e-02 8.7000e+00 1.3400e+01 2.8000e+00 4.9548e+01 4.4400e+00 5.1000e-02 8.6000e+00 1.1500e+01 3.3000e+00 4.9548e+01 4.4400e+00 5.1000e-02 8.3000e+00 1.0000e+01 3.2000e+00 4.9548e+01
4.4400e+00 5.1000e-02 8.4000e+00 1.1300e+01 4.5000e+00 4.9548e+01 4.4400e+00 5.1000e-02 8.2000e+00 8.5000e+00 2.3000e+00 4.9548e+01 4.4400e+00 5.1000e-02 8.6000e+00 1.1500e+01 3.3000e+00 4.9548e+01 4.4400e+00 5.1000e-02 8.3000e+00 1.0000e+01 3.2000e+00 4.9548e+01 4.4400e+00 5.1000e-02 8.4000e+00 8.8000e+00 4.3000e+00 4.9548e+01
4.4400e+00 5.1000e-02 8.0000e+00 7.0000e+00 2.8000e+00 4.9548e+01 4.4400e+00 5.1000e-02 8.0000e+00 7.2000e+00 2.3000e+00 4.9548e+01 4.4400e+00 5.1000e-02 8.3000e+00 1.0000e+01 3.2000e+00 4.9548e+01 4.4400e+00 5.1000e-02 8.4000e+00 8.8000e+00 4.3000e+00 4.9548e+01 4.4400e+00 5.1000e-02 8.5000e+00 7.8000e+00 3.4000e+00 4.9548e+01
4.4400e+00 5.1000e-02 8.4000e+00 9.3000e+00 2.9000e+00 4.9548e+01 4.4400e+00 5.1000e-02 8.0000e+00 6.0000e+00 3.1000e+00 4.9548e+01 4.4400e+00 5.1000e-02 8.4000e+00 8.8000e+00 4.3000e+00 4.9548e+01 4.4400e+00 5.1000e-02 8.5000e+00 7.8000e+00 3.4000e+00 4.9548e+01 4.4400e+00 5.1000e-02 8.5000e+00 7.8000e+00 3.8000e+00 4.9548e+01
4.4400e+00 5.1000e-02 8.9000e+00 1.0800e+01 3.3000e+00 4.9548e+01 4.4400e+00 5.1000e-02 7.9000e+00 6.9000e+00 3.3000e+00 4.9548e+01 4.4400e+00 5.1000e-02 8.5000e+00 7.8000e+00 3.4000e+00 4.9548e+01 4.4400e+00 5.1000e-02 8.5000e+00 7.8000e+00 3.8000e+00 4.9548e+01 4.4400e+00 5.1000e-02 8.4000e+00 9.7000e+00 3.4000e+00 4.9548e+01
4.4400e+00 5.1000e-02 8.5000e+00 9.2000e+00 2.1000e+00 4.9548e+01 4.4400e+00 5.1000e-02 7.8000e+00 8.6000e+00 2.0000e+00 4.9548e+01 4.4400e+00 5.1000e-02 8.5000e+00 7.8000e+00 3.8000e+00 4.9548e+01 4.4400e+00 5.1000e-02 8.4000e+00 9.7000e+00 3.4000e+00 4.9548e+01 4.4400e+00 5.1000e-02 8.3000e+00 9.6000e+00 3.0000e+00 4.9548e+01
4.4400e+00 5.1000e-02 8.3000e+00 1.1000e+01 2.8000e+00 4.9548e+01 4.4400e+00 5.1000e-02 7.9000e+00 9.2000e+00 2.7000e+00 4.9548e+01 4.4400e+00 5.1000e-02 8.4000e+00 9.7000e+00 3.4000e+00 4.9548e+01 4.4400e+00 5.1000e-02 8.3000e+00 9.6000e+00 3.0000e+00 4.9548e+01 4.4400e+00 5.1000e-02 8.2000e+00 9.5000e+00 3.7000e+00 4.9548e+01
4.4400e+00 5.1000e-02 8.0000e+00 1.1700e+01 2.6000e+00 4.9548e+01 4.4400e+00 5.1000e-02 7.9000e+00 1.1100e+01 1.7000e+00 4.9548e+01 4.4400e+00 5.1000e-02 8.3000e+00 9.6000e+00 3.0000e+00 4.9548e+01 4.4400e+00 5.1000e-02 8.2000e+00 9.5000e+00 3.7000e+00 4.9548e+01 4.4400e+00 5.1000e-02 8.2000e+00 1.0900e+01 4.2000e+00 4.9548e+01
4.4400e+00 5.1000e-02 7.9000e+00 1.1300e+01 2.9000e+00 4.9548e+01 4.4400e+00 5.1000e-02 7.8000e+00 1.0400e+01 1.9000e+00 4.9548e+01 4.4400e+00 5.1000e-02 8.2000e+00 9.5000e+00 3.7000e+00 4.9548e+01 4.4400e+00 5.1000e-02 8.2000e+00 1.0900e+01 4.2000e+00 4.9548e+01 4.4400e+00 5.1000e-02 8.0000e+00 1.2500e+01 2.8000e+00 4.9548e+01
4.4400e+00 5.1000e-02 8.1000e+00 1.0900e+01 4.3000e+00 4.9548e+01 4.4400e+00 5.1000e-02 8.2000e+00 1.4500e+01 1.4000e+00 4.9548e+01 4.4400e+00 5.1000e-02 8.2000e+00 1.0900e+01 4.2000e+00 4.9548e+01 4.4400e+00 5.1000e-02 8.0000e+00 1.2500e+01 2.8000e+00 4.9548e+01 4.4400e+00 5.1000e-02 8.3000e+00 1.1000e+01 3.8000e+00 4.9548e+01
4.4400e+00 5.1000e-02 8.5000e+00 1.2000e+01 2.7000e+00 4.9548e+01 4.4400e+00 5.1000e-02 8.7000e+00 1.3400e+01 2.8000e+00 4.9548e+01 4.4400e+00 5.1000e-02 8.0000e+00 1.2500e+01 2.8000e+00 4.9548e+01 4.4400e+00 5.1000e-02 8.3000e+00 1.1000e+01 3.8000e+00 4.9548e+01 4.4400e+00 5.1000e-02 8.5000e+00 1.2800e+01 4.5000e+00 4.9548e+01
4.4400e+00 5.1000e-02 8.8000e+00 1.2900e+01 2.7000e+00 4.9548e+01 4.4400e+00 5.1000e-02 8.6000e+00 1.1500e+01 3.3000e+00 4.9548e+01 4.4400e+00 5.1000e-02 8.3000e+00 1.1000e+01 3.8000e+00 4.9548e+01 4.4400e+00 5.1000e-02 8.5000e+00 1.2800e+01 4.5000e+00 4.9548e+01 4.4400e+00 5.1000e-02 8.3000e+00 9.7000e+00 5.2000e+00 4.9548e+01
5.9040e+00 1.9200e-01 6.7000e+00 1.7600e+01 1.8000e+00 5.3573e+01 5.8580e+00 8.6000e-02 7.8000e+00 1.4100e+01 1.1000e+00 3.8335e+01 4.4610e+00 9.9000e-02 7.1000e+00 9.4000e+00 1.3000e+00 4.5571e+01 4.1440e+00 5.2000e-02 8.2000e+00 1.3700e+01 1.5000e+00 3.7400e+01 4.4400e+00 5.1000e-02 7.8000e+00 1.0400e+01 1.9000e+00 4.9548e+01
6.4640e+00 1.4900e-01 6.4000e+00 1.6100e+01 2.4000e+00 5.5986e+01 5.0940e+00 8.6000e-02 8.8000e+00 1.3600e+01 1.5000e+00 5.3667e+01 4.1440e+00 5.2000e-02 8.2000e+00 1.3700e+01 1.5000e+00 3.7400e+01 4.4400e+00 5.1000e-02 7.8000e+00 1.0400e+01 1.9000e+00 4.9548e+01 4.4400e+00 5.1000e-02 7.8000e+00 1.0400e+01 1.9000e+00 4.9548e+01
4.8480e+00 2.1100e-01 7.0000e+00 1.1900e+01 2.9000e+00 5.5610e+01 4.4080e+00 5.6000e-02 8.3000e+00 1.4000e+01 2.8000e+00 6.1736e+01 4.4400e+00 5.1000e-02 7.8000e+00 1.0400e+01 1.9000e+00 4.9548e+01 4.4400e+00 5.1000e-02 7.8000e+00 1.0400e+01 1.9000e+00 4.9548e+01 4.4400e+00 5.1000e-02 7.8000e+00 1.0400e+01 1.9000e+00 4.9548e+01
4.4400e+00 5.1000e-02 8.8000e+00 1.4700e+01 1.8000e+00 4.9548e+01 4.4400e+00 5.1000e-02 7.9000e+00 1.1300e+01 2.9000e+00 4.9548e+01 4.4400e+00 5.1000e-02 7.9000e+00 9.2000e+00 2.7000e+00 4.9548e+01 4.4400e+00 5.1000e-02 7.9000e+00 1.1100e+01 1.7000e+00 4.9548e+01 4.4400e+00 5.1000e-02 7.8000e+00 1.0400e+01 1.9000e+00 4.9548e+01
