4.4400e+00 5.1000e-02 7.8000e+00 1.0400e+01 1.9000e+00 4.9548e+01 4.4400e+00 5.1000e-02 7.8000e+00 1.0400e+01 1.9000e+00 4.9548e+01 4.4400e+00 5.1000e-02 7.8000e+00 1.0400e+01 1.9000e+00 4.9548e+01 4.4400e+00 5.1000e-02 7.8000e+00 1.0400e+01 1.9000e+00 4.9548e+01 5.3520e+00 4.1800e-01 7.8000e+00 6.7000e+00 2.8000e+00 4.8499e+01
4.4400e+00 5.1000e-02 7.8000e+00 1.0400e+01 1.9000e+00 4.9548e+01 4.4400e+00 5.1000e-02 7.8000e+00 1.0400e+01 1.9000e+00 4.9548e+01 4.4400e+00 5.1000e-02 7.8000e+00 1.0400e+01 1.9000e+00 4.9548e+01 5.3520e+00 4.1800e-01 7.8000e+00 6.7000e+00 2.8000e+00 4.8499e+01 7.0680e+00 4.2200e-01 8.0000e+00 1.1800e+01 2.4000e+00 6.8556e+01
4.4400e+00 5.1000e-02 7.8000e+00 1.0400e+01 1.9000e+00 4.9548e+01 4.4400e+00 5.1000e-02 7.8000e+00 1.0400e+01 1.9000e+00 4.9548e+01 5.3520e+00 4.1800e-01 7.8000e+00 6.7000e+00 2.8000e+00 4.8499e+01 7.0680e+00 4.2200e-01 8.0000e+00 1.1800e+01 2.4000e+00 6.8556e+01 8.4720e+00 8.0600e-01 7.8000e+00 1.0300e+01 2.2000e+00 5.3383e+01
4.4400e+00 5.1000e-02 7.8000e+00 1.0400e+01 1.9000e+00 4.9548e+01 4.4400e+00 5.1000e-02 7.8000e+00 1.0400e+01 1.9000e+00 4.9548e+01 7.0680e+00 4.2200e-01 8.0000e+00 1.1800e+01 2.4000e+00 6.8556e+01 8.4720e+00 8.0600e-01 7.8000e+00 1.0300e+01 2.2000e+00 5.3383e+01 8.6400e+00 1.0600e-01 7.9000e+00 1.2400e+01 3.4000e+00 5.3383e+01
4.4400e+00 5.1000e-02 7.8000e+00 1.0400e+01 1.9000e+00 4.9548e+01 4.4400e+00 5.1000e-02 7.8000e+00 1.0400e+01 1.9000e+00 4.9548e+01 8.4720e+00 8.0600e-01 7.8000e+00 1.0300e+01 2.2000e+00 5.3383e+01 8.6400e+00 1.0600e-01 7.9000e+00 1.2400e+01 3.4000e+00 5.3383e+01 8.5560e+00 9.6000e-02 7.1000e+00 1.4300e+01 7.6000e+00 5.3383e+01
4.4400e+00 5.1000e-02 7.8000e+00 1.0400e+01 1.9000e+00 4.9548e+01 4.4400e+00 5.1000e-02 7.8000e+00 1.0400e+01 1.9000e+00 4.9548e+01 8.6400e+00 1.0600e-01 7.9000e+00 1.2400e+01 3.4000e+00 5.3383e+01 8.5560e+00 9.6000e-02 7.1000e+00 1.4300e+01 7.6000e+00 5.3383e+01 1.5912e+01 9.1000e-02 6.7000e+00 2.2000e+01 5.6000e+00 5.0999e+01
4.4400e+00 5.1000e-02 7.8000e+00 1.0400e+01 1.9000e+00 4.9548e+01 4.4400e+00 5.1000e-02 7.8000e+00 1.0400e+01 1.9000e+00 4.9548e+01 8.5560e+00 9.6000e-02 7.1000e+00 1.4300e+01 7.6000e+00 5.3383e+01 1.5912e+01 9.1000e-02 6.7000e+00 2.2000e+01 5.6000e+00 5.0999e+01 1.4520e+01 1.0100e-01 6.5000e+00 1.4700e+01 9.9000e+00 5.1709e+01
4.4400e+00 5.1000e-02 7.8000e+00 1.0400e+01 1.9000e+00 4.9548e+01 4.4400e+00 5.1000e-02 7.8000e+00 1.0400e+01 1.9000e+00 4.9548e+01 1.5912e+01 9.1000e-02 6.7000e+00 2.2000e+01 5.6000e+00 5.0999e+01 1.4520e+01 1.0100e-01 6.5000e+00 1.4700e+01 9.9000e+00 5.1709e+01 7.0080e+00 1.5400e-01 6.8000e+00 1.0100e+01 9.3000e+00 5.3852e+01
4.4400e+00 5.1000e-02 7.8000e+00 1.0400e+01 1.9000e+00 4.9548e+01 4.4400e+00 5.1000e-02 7.8000e+00 1.0400e+01 1.9000e+00 4.9548e+01 1.4520e+01 1.0100e-01 6.5000e+00 1.4700e+01 9.9000e+00 5.1709e+01 7.0080e+00 1.5400e-01 6.8000e+00 1.0100e+01 9.3000e+00 5.3852e+01 8.8170e+00 1.8200e-01 6.9000e+00 1.1000e+01 4.9000e+00 4.5355e+01
4.4400e+00 5.1000e-02 7.8000e+00 1.0400e+01 1.9000e+00 4.9548e+01 4.4400e+00 5.1000e-02 7.8000e+00 1.0400e+01 1.9000e+00 4.9548e+01 7.0080e+00 1.5400e-01 6.8000e+00 1.0100e+01 9.3000e+00 5.3852e+01 8.8170e+00 1.8200e-01 6.9000e+00 1.1000e+01 4.9000e+00 4.5355e+01 7.1100e+00 1.1900e-01 7.1000e+00 1.1200e+01 3.5000e+00 5.2263e+01
4.4400e+00 5.1000e-02 7.8000e+00 1.0400e+01 1.9000e+00 4.9548e+01 4.4400e+00 5.1000e-02 7.8000e+00 1.0400e+01 1.9000e+00 4.9548e+01 8.8170e+00 1.8200e-01 6.9000e+00 1.1000e+01 4.9000e+00 4.5355e+01 7.1100e+00 1.1900e-01 7.1000e+00 1.1200e+01 3.5000e+00 5.2263e+01 6.6880e+00 1.2800e-01 7.4000e+00 1.0200e+01 5.4000e+00 5.2370e+01
4.4400e+00 5.1000e-02 7.8000e+00 1.0400e+01 1.9000e+00 4.9548e+01 4.4400e+00 5.1000e-02 7.8000e+00 1.0400e+01 1.9000e+00 4.9548e+01 7.1100e+00 1.1900e-01 7.1000e+00 1.1200e+01 3.5000e+00 5.2263e+01 6.6880e+00 1.2800e-01 7.4000e+00 1.0200e+01 5.4000e+00 5.2370e+01 5.4490e+00 1.2000e-01 7.3000e+00 9.5000e+00 2.8000e+00 7.2264e+01
4.4400e+00 5.1000e-02 7.8000e+00 1.0400e+01 1.9000e+00 4.9548e+01 5.3520e+00 4.1800e-01 7.8000e+00 6.7000e+00 2.8000e+00 4.8499e+01 6.6880e+00 1.2800e-01 7.4000e+00 1.0200e+01 5.4000e+00 5.2370e+01 5.4490e+00 1.2000e-01 7.3000e+00 9.5000e+00 2.8000e+00 7.2264e+01 6.4170e+00 1.2300e-01 7.5000e+00 7.7000e+00 2.1000e+00 5.8565e+01
4.4400e+00 5.1000e-02 7.8000e+00 1.0400e+01 1.9000e+00 4.9548e+01 7.0680e+00 4.2200e-01 8.0000e+00 1.1800e+01 2.4000e+00 6.8556e+01 5.4490e+00 1.2000e-01 7.3000e+00 9.5000e+00 2.8000e+00 7.2264e+01 6.4170e+00 1.2300e-01 7.5000e+00 7.7000e+00 2.1000e+00 5.8565e+01 7.0820e+00 1.6100e-01 7.9000e+00 1.1100e+01 2.2000e+00 6.3254e+01
4.4400e+00 5.1000e-02 7.8000e+00 1.0400e+01 1.9000e+00 4.9548e+01 8.4720e+00 8.0600e-01 7.8000e+00 1.0300e+01 2.2000e+00 5.3383e+01 6.4170e+00 1.2300e-01 7.5000e+00 7.7000e+00 2.1000e+00 5.8565e+01 7.0820e+00 1.6100e-01 7.9000e+00 1.1100e+01 2.2000e+00 6.3254e+01 7.7790e+00 1.5500e-01 7.8000e+00 1.0100e+01 9.0000e-01 4.6960e+01
4.4400e+00 5.1000e-02 7.8000e+00 1.0400e+01 1.9000e+00 4.9548e+01 8.6400e+00 1.0600e-01 7.9000e+00 1.2400e+01 3.4000e+00 5.3383e+01 7.0820e+00 1.6100e-01 7.9000e+00 1.1100e+01 2.2000e+00 6.3254e+01 7.7790e+00 1.5500e-01 7.8000e+00 1.0100e+01 9.0000e-01 4.6960e+01 7.2940e+00 1.2100e-01 7.9000e+00 1.2500e+01 1.6000e+00 5.6348e+01
4.4400e+00 5.1000e-02 7.8000e+00 1.0400e+01 1.9000e+00 4.9548e+01 8.5560e+00 9.6000e-02 7.1000e+00 1.4300e+01 7.6000e+00 5.3383e+01 7.7790e+00 1.5500e-01 7.8000e+00 1.0100e+01 9.0000e-01 4.6960e+01 7.2940e+00 1.2100e-01 7.9000e+00 1.2500e+01 1.6000e+00 5.6348e+01 9.0920e+00 1.2200e-01 7.9000e+00 1.1300e+01 1.8000e+00 5.0751e+01
4.4400e+00 5.1000e-02 7.8000e+00 1.0400e+01 1.9000e+00 4.9548e+01 1.5912e+01 9.1000e-02 6.7000e+00 2.2000e+01 5.6000e+00 5.0999e+01 7.2940e+00 1.2100e-01 7.9000e+00 1.2500e+01 1.6000e+00 5.6348e+01 9.0920e+00 1.2200e-01 7.9000e+00 1.1300e+01 1.8000e+00 5.0751e+01 6.5410e+00 7.6000e-02 7.3000e+00 1.2500e+01 2.0000e+00 5.0624e+01
4.4400e+00 5.1000e-02 7.8000e+00 1.0400e+01 1.9000e+00 4.9548e+01 1.4520e+01 1.0100e-01 6.5000e+00 1.4700e+01 9.9000e+00 5.1709e+01 9.0920e+00 1.2200e-01 7.9000e+00 1.1300e+01 1.8000e+00 5.0751e+01 6.5410e+00 7.6000e-02 7.3000e+00 1.2500e+01 2.0000e+00 5.0624e+01 7.1810e+00 1.4300e-01 8.1000e+00 1.2800e+01 2.7000e+00 4.9112e+01
4.4400e+00 5.1000e-02 7.8000e+00 1.0400e+01 1.9000e+00 4.9548e+01 7.0080e+00 1.5400e-01 6.8000e+00 1.0100e+01 9.3000e+00 5.3852e+01 6.5410e+00 7.6000e-02 7.3000e+00 1.2500e+01 2.0000e+00 5.0624e+01 7.1810e+00 1.4300e-01 8.1000e+00 1.2800e+01 2.7000e+00 4.9112e+01 6.2390e+00 9.9000e-02 7.9000e+00 1.2900e+01 5.9000e+00 6.2637e+01
4.4400e+00 5.1000e-02 7.8000e+00 1.0400e+01 1.9000e+00 4.9548e+01 8.8170e+00 1.8200e-01 6.9000e+00 1.1000e+01 4.9000e+00 4.5355e+01 7.1810e+00 1.4300e-01 8.1000e+00 1.2800e+01 2.7000e+00 4.9112e+01 6.2390e+00 9.9000e-02 7.9000e+00 1.2900e+01 5.9000e+00 6.2637e+01 7.4600e+00 1.8400e-01 7.6000e+00 7.6000e+00 3.9000e+00 5.4559e+01
4.4400e+00 5.1000e-02 7.8000e+00 1.0400e+01 1.9000e+00 4.9548e+01 7.1100e+00 1.1900e-01 7.1000e+00 1.1200e+01 3.5000e+00 5.2263e+01 6.2390e+00 9.9000e-02 7.9000e+00 1.2900e+01 5.9000e+00 6.2637e+01 7.4600e+00 1.8400e-01 7.6000e+00 7.6000e+00 3.9000e+00 5.4559e+01 6.5540e+00 1.4000e-01 7.7000e+00 7.5000e+00 4.8000e+00 5.5299e+01
4.4400e+00 5.1000e-02 7.8000e+00 1.0400e+01 1.9000e+00 4.9548e+01 6.6880e+00 1.2800e-01 7.4000e+00 1.0200e+01 5.4000e+00 5.2370e+01 7.4600e+00 1.8400e-01 7.6000e+00 7.6000e+00 3.9000e+00 5.4559e+01 6.5540e+00 1.4000e-01 7.7000e+00 7.5000e+00 4.8000e+00 5.5299e+01 6.8650e+00 1.0600e-01 7.8000e+00 9.7000e+00 1.7000e+00 5.5610e+01
4.4400e+00 5.1000e-02 7.8000e+00 1.0400e+01 1.9000e+00 4.9548e+01 5.4490e+00 1.2000e-01 7.3000e+00 9.5000e+00 2.8000e+00 7.2264e+01 6.5540e+00 1.4000e-01 7.7000e+00 7.5000e+00 4.8000e+00 5.5299e+01 6.8650e+00 1.0600e-01 7.8000e+00 9.7000e+00 1.7000e+00 5.5610e+01 6.7870e+00 1.6700e-01 7.6000e+00 1.0100e+01 1.8000e+00 5.7166e+01
5.3520e+00 4.1800e-01 7.8000e+00 6.7000e+00 2.8000e+00 4.8499e+01 6.4170e+00 1.2300e-01 7.5000e+00 7.7000e+00 2.1000e+00 5.8565e+01 6.8650e+00 1.0600e-01 7.8000e+00 9.7000e+00 1.7000e+00 5.5610e+01 6.7870e+00 1.6700e-01 7.6000e+00 1.0100e+01 1.8000e+00 5.7166e+01 7.4380e+00 2.1800e-01 7.5000e+00 8.0000e+00 9.0000e-01 4.9829e+01
7.0680e+00 4.2200e-01 8.0000e+00 1.1800e+01 2.4000e+00 6.8556e+01 7.0820e+00 1.6100e-01 7.9000e+00 1.1100e+01 2.2000e+00 6.3254e+01 6.7870e+00 1.6700e-01 7.6000e+00 1.0100e+01 1.8000e+00 5.7166e+01 7.4380e+00 2.1800e-01 7.5000e+00 8.0000e+00 9.0000e-01 4.9829e+01 6.5360e+00 1.7400e-01 7.4000e+00 8.4000e+00 1.5000e+00 4.6190e+01
8.4720e+00 8.0600e-01 7.8000e+00 1.0300e+01 2.2000e+00 5.3383e+01 7.7790e+00 1.5500e-01 7.8000e+00 1.0100e+01 9.0000e-01 4.6960e+01 7.4380e+00 2.1800e-01 7.5000e+00 8.0000e+00 9.0000e-01 4.9829e+01 6.5360e+00 1.7400e-01 7.4000e+00 8.4000e+00 1.5000e+00 4.6190e+01 7.3690e+00 1.4900e-01 7.7000e+00 1.0000e+01 1.1000e+00 4.7324e+01
8.6400e+00 1.0600e-01 7.9000e+00 1.2400e+01 3.4000e+00 5.3383e+01 7.2940e+00 1.2100e-01 7.9000e+00 1.2500e+01 1.6000e+00 5.6348e+01 6.5360e+00 1.7400e-01 7.4000e+00 8.4000e+00 1.5000e+00 4.6190e+01 7.3690e+00 1.4900e-01 7.7000e+00 1.0000e+01 1.1000e+00 4.7324e+01 6.7870e+00 1.1300e-01 7.8000e+00 1.0900e+01 3.1000e+00 5.0876e+01
8.5560e+00 9.6000e-02 7.1000e+00 1.4300e+01 7.6000e+00 5.3383e+01 9.0920e+00 1.2200e-01 7.9000e+00 1.1300e+01 1.8000e+00 5.0751e+01 7.3690e+00 1.4900e-01 7.7000e+00 1.0000e+01 1.1000e+00 4.7324e+01 6.7870e+00 1.1300e-01 7.8000e+00 1.0900e+01 3.1000e+00 5.0876e+01 7.3260e+00 6.8000e-02 8.0000e+00 1.2100e+01 1.1000e+00 3.3901e+01
1.5912e+01 9.1000e-02 6.7000e+00 2.2000e+01 5.6000e+00 5.0999e+01 6.5410e+00 7.6000e-02 7.3000e+00 1.2500e+01 2.0000e+00 5.0624e+01 6.7870e+00 1.1300e-01 7.8000e+00 1.0900e+01 3.1000e+00 5.0876e+01 7.3260e+00 6.8000e-02 8.0000e+00 1.2100e+01 1.1000e+00 3.3901e+01 7.8420e+00 8.0000e-02 7.7000e+00 1.2700e+01 2.2000e+00 5.0624e+01
1.4520e+01 1.0100e-01 6.5000e+00 1.4700e+01 9.9000e+00 5.1709e+01 7.1810e+00 1.4300e-01 8.1000e+00 1.2800e+01 2.7000e+00 4.9112e+01 7.3260e+00 6.8000e-02 8.0000e+00 1.2100e+01 1.1000e+00 3.3901e+01 7.8420e+00 8.0000e-02 7.7000e+00 1.2700e+01 2.2000e+00 5.0624e+01 7.9670e+00 9.2000e-02 7.3000e+00 1.1200e+01 4.9000e+00 3.4578e+01
7.0080e+00 1.5400e-01 6.8000e+00 1.0100e+01 9.3000e+00 5.3852e+01 6.2390e+00 9.9000e-02 7.9000e+00 1.2900e+01 5.9000e+00 6.2637e+01 7.8420e+00 8.0000e-02 7.7000e+00 1.2700e+01 2.2000e+00 5.0624e+01 7.9670e+00 9.2000e-02 7.3000e+00 1.1200e+01 4.9000e+00 3.4578e+01 8.2080e+00 1.1200e-01 8.0000e+00 7.7000e+00 3.7000e+00 4.7324e+01
8.8170e+00 1.8200e-01 6.9000e+00 1.1000e+01 4.9000e+00 4.5355e+01 7.4600e+00 1.8400e-01 7.6000e+00 7.6000e+00 3.9000e+00 5.4559e+01 7.9670e+00 9.2000e-02 7.3000e+00 1.1200e+01 4.9000e+00 3.4578e+01 8.2080e+00 1.1200e-01 8.0000e+00 7.7000e+00 3.7000e+00 4.7324e+01 7.6420e+00 1.8600e-01 7.9000e+00 1.1100e+01 3.4000e+00 5.9276e+01
7.1100e+00 1.1900e-01 7.1000e+00 1.1200e+01 3.5000e+00 5.2263e+01 6.5540e+00 1.4000e-01 7.7000e+00 7.5000e+00 4.8000e+00 5.5299e+01 8.2080e+00 1.1200e-01 8.0000e+00 7.7000e+00 3.7000e+00 4.7324e+01 7.6420e+00 1.8600e-01 7.9000e+00 1.1100e+01 3.4000e+00 5.9276e+01 6.7390e+00 1.6200e-01 7.8000e+00 8.7000e+00 2.3000e+00 4.9405e+01
6.6880e+00 1.2800e-01 7.4000e+00 1.0200e+01 5.4000e+00 5.2370e+01 6.8650e+00 1.0600e-01 7.8000e+00 9.7000e+00 1.7000e+00 5.5610e+01 7.6420e+00 1.8600e-01 7.9000e+00 1.1100e+01 3.4000e+00 5.9276e+01 6.7390e+00 1.6200e-01 7.8000e+00 8.7000e+00 2.3000e+00 4.9405e+01 6.8100e+00 2.0000e-01 8.0000e+00 1.0200e+01 1.7000e+00 6.3289e+01
5.4490e+00 1.2000e-01 7.3000e+00 9.5000e+00 2.8000e+00 7.2264e+01 6.7870e+00 1.6700e-01 7.6000e+00 1.0100e+01 1.8000e+00 5.7166e+01 6.7390e+00 1.6200e-01 7.8000e+00 8.7000e+00 2.3000e+00 4.9405e+01 6.8100e+00 2.0000e-01 8.0000e+00 1.0200e+01 1.7000e+00 6.3289e+01 5.3740e+00 1.2600e-01 8.4000e+00 1.4600e+01 3.5000e+00 7.2968e+01
6.4170e+00 1.2300e-01 7.5000e+00 7.7000e+00 2.1000e+00 5.8565e+01 7.4380e+00 2.1800e-01 7.5000e+00 8.0000e+00 9.0000e-01 4.9829e+01 6.8100e+00 2.0000e-01 8.0000e+00 1.0200e+01 1.7000e+00 6.3289e+01 5.3740e+00 1.2600e-01 8.4000e+00 1.4600e+01 3.5000e+00 7.2968e+01 5.9870e+00 1.3800e-01 7.7000e+00 1.0400e+01 1.2000e+00 5.7100e+01
7.0820e+00 1.6100e-01 7.9000e+00 1.1100e+01 2.2000e+00 6.3254e+01 6.5360e+00 1.7400e-01 7.4000e+00 8.4000e+00 1.5000e+00 4.6190e+01 5.3740e+00 1.2600e-01 8.4000e+00 1.4600e+01 3.5000e+00 7.2968e+01 5.9870e+00 1.3800e-01 7.7000e+00 1.0400e+01 1.2000e+00 5.7100e+01 6.5950e+00 1.3200e-01 7.6000e+00 9.3000e+00 1.6000e+00 5.3573e+01
7.7790e+00 1.5500e-01 7.8000e+00 1.0100e+01 9.0000e-01 4.6960e+01 7.3690e+00 1.4900e-01 7.7000e+00 1.0000e+01 1.1000e+00 4.7324e+01 5.9870e+00 1.3800e-01 7.7000e+00 1.0400e+01 1.2000e+00 5.7100e+01 6.5950e+00 1.3200e-01 7.6000e+00 9.3000e+00 1.6000e+00 5.3573e+01 5.6940e+00 1.1700e-01 7.6000e+00 7.1000e+00 1.2000e+00 4.6190e+01
7.2940e+00 1.2100e-01 7.9000e+00 1.2500e+01 1.6000e+00 5.6348e+01 6.7870e+00 1.1300e-01 7.8000e+00 1.0900e+01 3.1000e+00 5.0876e+01 6.5950e+00 1.3200e-01 7.6000e+00 9.3000e+00 1.6000e+00 5.3573e+01 5.6940e+00 1.1700e-01 7.6000e+00 7.1000e+00 1.2000e+00 4.6190e+01 8.5260e+00 8.4000e-02 7.5000e+00 9.3000e+00 5.0000e-01 4.3951e+01
9.0920e+00 1.2200e-01 7.9000e+00 1.1300e+01 1.8000e+00 5.0751e+01 7.3260e+00 6.8000e-02 8.0000e+00 1.2100e+01 1.1000e+00 3.3901e+01 5.6940e+00 1.1700e-01 7.6000e+00 7.1000e+00 1.2000e+00 4.6190e+01 8.5260e+00 8.4000e-02 7.5000e+00 9.3000e+00 5.0000e-01 4.3951e+01 8.6490e+00 7.1000e-02 8.2000e+00 1.1900e+01 3.0000e+00 5.1478e+01
6.5410e+00 7.6000e-02 7.3000e+00 1.2500e+01 2.0000e+00 5.0624e+01 7.8420e+00 8.0000e-02 7.7000e+00 1.2700e+01 2.2000e+00 5.0624e+01 8.5260e+00 8.4000e-02 7.5000e+00 9.3000e+00 5.0000e-01 4.3951e+01 8.6490e+00 7.1000e-02 8.2000e+00 1.1900e+01 3.0000e+00 5.1478e+01 9.8760e+00 1.0400e-01 7.3000e+00 9.7000e+00 4.6000e+00 5.3286e+01
7.1810e+00 1.4300e-01 8.1000e+00 1.2800e+01 2.7000e+00 4.9112e+01 7.9670e+00 9.2000e-02 7.3000e+00 1.1200e+01 4.9000e+00 3.4578e+01 8.6490e+00 7.1000e-02 8.2000e+00 1.1900e+01 3.0000e+00 5.1478e+01 9.8760e+00 1.0400e-01 7.3000e+00 9.7000e+00 4.6000e+00 5.3286e+01 1.1412e+01 7.5000e-02 7.0000e+00 1.2600e+01 3.8000e+00 4.5135e+01
6.2390e+00 9.9000e-02 7.9000e+00 1.2900e+01 5.9000e+00 6.2637e+01 8.2080e+00 1.1200e-01 8.0000e+00 7.7000e+00 3.7000e+00 4.7324e+01 9.8760e+00 1.0400e-01 7.3000e+00 9.7000e+00 4.6000e+00 5.3286e+01 1.1412e+01 7.5000e-02 7.0000e+00 1.2600e+01 3.8000e+00 4.5135e+01 9.8100e+00 9.2000e-02 7.6000e+00 1.0600e+01 5.7000e+00 5.8565e+01
7.4600e+00 1.8400e-01 7.6000e+00 7.6000e+00 3.9000e+00 5.4559e+01 7.6420e+00 1.8600e-01 7.9000e+00 1.1100e+01 3.4000e+00 5.9276e+01 1.1412e+01 7.5000e-02 7.0000e+00 1.2600e+01 3.8000e+00 4.5135e+01 9.8100e+00 9.2000e-02 7.6000e+00 1.0600e+01 5.7000e+00 5.8565e+01 6.7180e+00 1.0900e-01 7.5000e+00 9.5000e+00 3.0000e+00 4.6190e+01
6.5540e+00 1.4000e-01 7.7000e+00 7.5000e+00 4.8000e+00 5.5299e+01 6.7390e+00 1.6200e-01 7.8000e+00 8.7000e+00 2.3000e+00 4.9405e+01 9.8100e+00 9.2000e-02 7.6000e+00 1.0600e+01 5.7000e+00 5.8565e+01 6.7180e+00 1.0900e-01 7.5000e+00 9.5000e+00 3.0000e+00 4.6190e+01 7.8060e+00 1.3100e-01 7.3000e+00 8.0000e+00 3.1000e+00 5.2990e+01
6.8650e+00 1.0600e-01 7.8000e+00 9.7000e+00 1.7000e+00 5.5610e+01 6.8100e+00 2.0000e-01 8.0000e+00 1.0200e+01 1.7000e+00 6.3289e+01 6.7180e+00 1.0900e-01 7.5000e+00 9.5000e+00 3.0000e+00 4.6190e+01 7.8060e+00 1.3100e-01 7.3000e+00 8.0000e+00 3.1000e+00 5.2990e+01 5.6780e+00 8.7000e-02 7.9000e+00 9.9000e+00 2.7000e+00 5.1594e+01
6.7870e+00 1.6700e-01 7.6000e+00 1.0100e+01 1.8000e+00 5.7166e+01 5.3740e+00 1.2600e-01 8.4000e+00 1.4600e+01 3.5000e+00 7.2968e+01 7.8060e+00 1.3100e-01 7.3000e+00 8.0000e+00 3.1000e+00 5.2990e+01 5.6780e+00 8.7000e-02 7.9000e+00 9.9000e+00 2.7000e+00 5.1594e+01 4.9860e+00 1.6100e-01 7.3000e+00 5.9000e+00 1.8000e+00 4.3951e+01
7.4380e+00 2.1800e-01 7.5000e+00 8.0000e+00 9.0000e-01 4.9829e+01 5.9870e+00 1.3800e-01 7.7000e+00 1.0400e+01 1.2000e+00 5.7100e+01 5.6780e+00 8.7000e-02 7.9000e+00 9.9000e+00 2.7000e+00 5.1594e+01 4.9860e+00 1.6100e-01 7.3000e+00 5.9000e+00 1.8000e+00 4.3951e+01 5.5990e+00 7.3000e-02 7.5000e+00 7.5000e+00 1.0000e+00 5.0624e+01
6.5360e+00 1.7400e-01 7.4000e+00 8.4000e+00 1.5000e+00 4.6190e+01 6.5950e+00 1.3200e-01 7.6000e+00 9.3000e+00 1.6000e+00 5.3573e+01 4.9860e+00 1.6100e-01 7.3000e+00 5.9000e+00 1.8000e+00 4.3951e+01 5.5990e+00 7.3000e-02 7.5000e+00 7.5000e+00 1.0000e+00 5.0624e+01 5.9590e+00 9.0000e-02 7.7000e+00 9.3000e+00 2.5000e+00 6.0467e+01
7.3690e+00 1.4900e-01 7.7000e+00 1.0000e+01 1.1000e+00 4.7324e+01 5.6940e+00 1.1700e-01 7.6000e+00 7.1000e+00 1.2000e+00 4.6190e+01 5.5990e+00 7.3000e-02 7.5000e+00 7.5000e+00 1.0000e+00 5.0624e+01 5.9590e+00 9.0000e-02 7.7000e+00 9.3000e+00 2.5000e+00 6.0467e+01 6.9930e+00 7.4000e-02 7.5000e+00 7.9000e+00 1.0000e+00 4.0701e+01
6.7870e+00 1.1300e-01 7.8000e+00 1.0900e+01 3.1000e+00 5.0876e+01 8.5260e+00 8.4000e-02 7.5000e+00 9.3000e+00 5.0000e-01 4.3951e+01 5.9590e+00 9.0000e-02 7.7000e+00 9.3000e+00 2.5000e+00 6.0467e+01 6.9930e+00 7.4000e-02 7.5000e+00 7.9000e+00 1.0000e+00 4.0701e+01 5.6790e+00 6.9000e-02 7.3000e+00 8.8000e+00 3.3000e+00 4.5135e+01
7.3260e+00 6.8000e-02 8.0000e+00 1.2100e+01 1.1000e+00 3.3901e+01 8.6490e+00 7.1000e-02 8.2000e+00 1.1900e+01 3.0000e+00 5.1478e+01 6.9930e+00 7.4000e-02 7.5000e+00 7.9000e+00 1.0000e+00 4.0701e+01 5.6790e+00 6.9000e-02 7.3000e+00 8.8000e+00 3.3000e+00 4.5135e+01 8.9480e+00 8.7000e-02 7.4000e+00 1.2800e+01 2.4000e+00 4.1699e+01
7.8420e+00 8.0000e-02 7.7000e+00 1.2700e+01 2.2000e+00 5.0624e+01 9.8760e+00 1.0400e-01 7.3000e+00 9.7000e+00 4.6000e+00 5.3286e+01 5.6790e+00 6.9000e-02 7.3000e+00 8.8000e+00 3.3000e+00 4.5135e+01 8.9480e+00 8.7000e-02 7.4000e+00 1.2800e+01 2.4000e+00 4.1699e+01 7.6710e+00 5.8000e-02 7.7000e+00 1.2200e+01 2.6000e+00 4.8339e+01
7.9670e+00 9.2000e-02 7.3000e+00 1.1200e+01 4.9000e+00 3.4578e+01 1.1412e+01 7.5000e-02 7.0000e+00 1.2600e+01 3.8000e+00 4.5135e+01 8.9480e+00 8.7000e-02 7.4000e+00 1.2800e+01 2.4000e+00 4.1699e+01 7.6710e+00 5.8000e-02 7.7000e+00 1.2200e+01 2.6000e+00 4.8339e+01 6.7000e+00 6.3000e-02 7.3000e+00 1.1200e+01 3.3000e+00 4.6960e+01
8.2080e+00 1.1200e-01 8.0000e+00 7.7000e+00 3.7000e+00 4.7324e+01 9.8100e+00 9.2000e-02 7.6000e+00 1.0600e+01 5.7000e+00 5.8565e+01 7.6710e+00 5.8000e-02 7.7000e+00 1.2200e+01 2.6000e+00 4.8339e+01 6.7000e+00 6.3000e-02 7.3000e+00 1.1200e+01 3.3000e+00 4.6960e+01 6.5460e+00 6.6000e-02 7.2000e+00 9.5000e+00 4.4000e+00 4.9260e+01
7.6420e+00 1.8600e-01 7.9000e+00 1.1100e+01 3.4000e+00 5.9276e+01 6.7180e+00 1.0900e-01 7.5000e+00 9.5000e+00 3.0000e+00 4.6190e+01 6.7000e+00 6.3000e-02 7.3000e+00 1.1200e+01 3.3000e+00 4.6960e+01 6.5460e+00 6.6000e-02 7.2000e+00 9.5000e+00 4.4000e+00 4.9260e+01 6.5300e+00 1.0000e-01 7.3000e+00 9.0000e+00 3.5000e+00 5.3286e+01
6.7390e+00 1.6200e-01 7.8000e+00 8.7000e+00 2.3000e+00 4.9405e+01 7.8060e+00 1.3100e-01 7.3000e+00 8.0000e+00 3.1000e+00 5.2990e+01 6.5460e+00 6.6000e-02 7.2000e+00 9.5000e+00 4.4000e+00 4.9260e+01 6.5300e+00 1.0000e-01 7.3000e+00 9.0000e+00 3.5000e+00 5.3286e+01 7.0910e+00 1.4100e-01 7.4000e+00 7.7000e+00 1.8000e+00 4.7500e+01
6.8100e+00 2.0000e-01 8.0000e+00 1.0200e+01 1.7000e+00 6.3289e+01 5.6780e+00 8.7000e-02 7.9000e+00 9.9000e+00 2.7000e+00 5.1594e+01 6.5300e+00 1.0000e-01 7.3000e+00 9.0000e+00 3.5000e+00 5.3286e+01 7.0910e+00 1.4100e-01 7.4000e+00 7.7000e+00 1.8000e+00 4.7500e+01 6.3260e+00 1.0200e-01 7.5000e+00 8.1000e+00 2.9000e+00 7.5397e+01
5.3740e+00 1.2600e-01 8.4000e+00 1.4600e+01 3.5000e+00 7.2968e+01 4.9860e+00 1.6100e-01 7.3000e+00 5.9000e+00 1.8000e+00 4.3951e+01 7.0910e+00 1.4100e-01 7.4000e+00 7.7000e+00 1.8000e+00 4.7500e+01 6.3260e+00 1.0200e-01 7.5000e+00 8.1000e+00 2.9000e+00 7.5397e+01 5.2550e+00 1.3800e-01 7.4000e+00 7.2000e+00 1.8000e+00 6.1612e+01
5.9870e+00 1.3800e-01 7.7000e+00 1.0400e+01 1.2000e+00 5.7100e+01 5.5990e+00 7.3000e-02 7.5000e+00 7.5000e+00 1.0000e+00 5.0624e+01 6.3260e+00 1.0200e-01 7.5000e+00 8.1000e+00 2.9000e+00 7.5397e+01 5.2550e+00 1.3800e-01 7.4000e+00 7.2000e+00 1.8000e+00 6.1612e+01 6.1330e+00 1.4400e-01 7.7000e+00 7.7000e+00 2.9000e+00 7.5932e+01
6.5950e+00 1.3200e-01 7.6000e+00 9.3000e+00 1.6000e+00 5.3573e+01 5.9590e+00 9.0000e-02 7.7000e+00 9.3000e+00 2.5000e+00 6.0467e+01 5.2550e+00 1.3800e-01 7.4000e+00 7.2000e+00 1.8000e+00 6.1612e+01 6.1330e+00 1.4400e-01 7.7000e+00 7.7000e+00 2.9000e+00 7.5932e+01 6.2060e+00 1.6500e-01 7.4000e+00 7.9000e+00 1.4000e+00 5.9276e+01
5.6940e+00 1.1700e-01 7.6000e+00 7.1000e+00 1.2000e+00 4.6190e+01 6.9930e+00 7.4000e-02 7.5000e+00 7.9000e+00 1.0000e+00 4.0701e+01 6.1330e+00 1.4400e-01 7.7000e+00 7.7000e+00 2.9000e+00 7.5932e+01 6.2060e+00 1.6500e-01 7.4000e+00 7.9000e+00 1.4000e+00 5.9276e+01 6.5210e+00 9.6000e-02 7.4000e+00 8.4000e+00 1.8000e+00 5.0101e+01
8.5260e+00 8.4000e-02 7.5000e+00 9.3000e+00 5.0000e-01 4.3951e+01 5.6790e+00 6.9000e-02 7.3000e+00 8.8000e+00 3.3000e+00 4.5135e+01 6.2060e+00 1.6500e-01 7.4000e+00 7.9000e+00 1.4000e+00 5.9276e+01 6.5210e+00 9.6000e-02 7.4000e+00 8.4000e+00 1.8000e+00 5.0101e+01 8.0340e+00 7.7000e-02 7.3000e+00 8.9000e+00 1.4000e+00 4.8810e+01
8.6490e+00 7.1000e-02 8.2000e+00 1.1900e+01 3.0000e+00 5.1478e+01 8.9480e+00 8.7000e-02 7.4000e+00 1.2800e+01 2.4000e+00 4.1699e+01 6.5210e+00 9.6000e-02 7.4000e+00 8.4000e+00 1.8000e+00 5.0101e+01 8.0340e+00 7.7000e-02 7.3000e+00 8.9000e+00 1.4000e+00 4.8810e+01 7.3420e+00 6.0000e-02 7.4000e+00 1.0700e+01 1.8000e+00 4.7324e+01
1.1412e+01 7.5000e-02 7.0000e+00 1.2600e+01 3.8000e+00 4.5135e+01 6.7000e+00 6.3000e-02 7.3000e+00 1.1200e+01 3.3000e+00 4.6960e+01 7.3420e+00 6.0000e-02 7.4000e+00 1.0700e+01 1.8000e+00 4.7324e+01 4.4400e+00 5.1000e-02 7.8000e+00 1.0400e+01 1.9000e+00 4.9548e+01 8.3310e+00 8.8000e-02 7.6000e+00 1.1900e+01 2.9000e+00 5.2155e+01
9.8100e+00 9.2000e-02 7.6000e+00 1.0600e+01 5.7000e+00 5.8565e+01 6.5460e+00 6.6000e-02 7.2000e+00 9.5000e+00 4.4000e+00 4.9260e+01 4.4400e+00 5.1000e-02 7.8000e+00 1.0400e+01 1.9000e+00 4.9548e+01 8.3310e+00 8.8000e-02 7.6000e+00 1.1900e+01 2.9000e+00 5.2155e+01 7.1620e+00 1.0200e-01 7.5000e+00 8.4000e+00 5.9000e+00 5.5139e+01
6.7180e+00 1.0900e-01 7.5000e+00 9.5000e+00 3.0000e+00 4.6190e+01 6.5300e+00 1.0000e-01 7.3000e+00 9.0000e+00 3.5000e+00 5.3286e+01 8.3310e+00 8.8000e-02 7.6000e+00 1.1900e+01 2.9000e+00 5.2155e+01 7.1620e+00 1.0200e-01 7.5000e+00 8.4000e+00 5.9000e+00 5.5139e+01 8.0660e+00 8.5000e-02 7.7000e+00 1.1300e+01 2.7000e+00 5.8278e+01
7.8060e+00 1.3100e-01 7.3000e+00 8.0000e+00 3.1000e+00 5.2990e+01 7.0910e+00 1.4100e-01 7.4000e+00 7.7000e+00 1.8000e+00 4.7500e+01 7.1620e+00 1.0200e-01 7.5000e+00 8.4000e+00 5.9000e+00 5.5139e+01 8.0660e+00 8.5000e-02 7.7000e+00 1.1300e+01 2.7000e+00 5.8278e+01 7.7450e+00 9.8000e-02 8.5000e+00 1.2900e+01 2.2000e+00 5.8955e+01
5.6780e+00 8.7000e-02 7.9000e+00 9.9000e+00 2.7000e+00 5.1594e+01 6.3260e+00 1.0200e-01 7.5000e+00 8.1000e+00 2.9000e+00 7.5397e+01 8.0660e+00 8.5000e-02 7.7000e+00 1.1300e+01 2.7000e+00 5.8278e+01 7.7450e+00 9.8000e-02 8.5000e+00 1.2900e+01 2.2000e+00 5.8955e+01 7.3880e+00 1.1700e-01 7.2000e+00 6.3000e+00 2.0000e+00 5.1822e+01
4.9860e+00 1.6100e-01 7.3000e+00 5.9000e+00 1.8000e+00 4.3951e+01 5.2550e+00 1.3800e-01 7.4000e+00 7.2000e+00 1.8000e+00 6.1612e+01 7.7450e+00 9.8000e-02 8.5000e+00 1.2900e+01 2.2000e+00 5.8955e+01 7.3880e+00 1.1700e-01 7.2000e+00 6.3000e+00 2.0000e+00 5.1822e+01 7.1740e+00 1.3000e-01 7.8000e+00 1.0000e+01 1.2000e+00 5.5219e+01
5.5990e+00 7.3000e-02 7.5000e+00 7.5000e+00 1.0000e+00 5.0624e+01 6.1330e+00 1.4400e-01 7.7000e+00 7.7000e+00 2.9000e+00 7.5932e+01 7.3880e+00 1.1700e-01 7.2000e+00 6.3000e+00 2.0000e+00 5.1822e+01 7.1740e+00 1.3000e-01 7.8000e+00 1.0000e+01 1.2000e+00 5.5219e+01 5.8460e+00 8.4000e-02 8.2000e+00 1.0700e+01 3.2000e+00 6.5589e+01
5.9590e+00 9.0000e-02 7.7000e+00 9.3000e+00 2.5000e+00 6.0467e+01 6.2060e+00 1.6500e-01 7.4000e+00 7.9000e+00 1.4000e+00 5.9276e+01 7.1740e+00 1.3000e-01 7.8000e+00 1.0000e+01 1.2000e+00 5.5219e+01 5.8460e+00 8.4000e-02 8.2000e+00 1.0700e+01 3.2000e+00 6.5589e+01 7.7110e+00 1.1100e-01 7.7000e+00 8.8000e+00 1.3000e+00 4.0701e+01
6.9930e+00 7.4000e-02 7.5000e+00 7.9000e+00 1.0000e+00 4.0701e+01 6.5210e+00 9.6000e-02 7.4000e+00 8.4000e+00 1.8000e+00 5.0101e+01 5.8460e+00 8.4000e-02 8.2000e+00 1.0700e+01 3.2000e+00 6.5589e+01 7.7110e+00 1.1100e-01 7.7000e+00 8.8000e+00 1.3000e+00 4.0701e+01 7.0990e+00 9.5000e-02 7.3000e+00 8.6000e+00 2.5000e+00 4.5355e+01
5.6790e+00 6.9000e-02 7.3000e+00 8.8000e+00 3.3000e+00 4.5135e+01 8.0340e+00 7.7000e-02 7.3000e+00 8.9000e+00 1.4000e+00 4.8810e+01 7.7110e+00 1.1100e-01 7.7000e+00 8.8000e+00 1.3000e+00 4.0701e+01 7.0990e+00 9.5000e-02 7.3000e+00 8.6000e+00 2.5000e+00 4.5355e+01 8.7770e+00 7.2000e-02 7.5000e+00 1.0400e+01 1.0000e+00 3.5805e+01
8.9480e+00 8.7000e-02 7.4000e+00 1.2800e+01 2.4000e+00 4.1699e+01 7.3420e+00 6.0000e-02 7.4000e+00 1.0700e+01 1.8000e+00 4.7324e+01 7.0990e+00 9.5000e-02 7.3000e+00 8.6000e+00 2.5000e+00 4.5355e+01 8.7770e+00 7.2000e-02 7.5000e+00 1.0400e+01 1.0000e+00 3.5805e+01 7.3770e+00 5.9000e-02 7.5000e+00 1.1200e+01 1.8000e+00 3.7878e+01
7.6710e+00 5.8000e-02 7.7000e+00 1.2200e+01 2.6000e+00 4.8339e+01 4.4400e+00 5.1000e-02 7.8000e+00 1.0400e+01 1.9000e+00 4.9548e+01 8.7770e+00 7.2000e-02 7.5000e+00 1.0400e+01 1.0000e+00 3.5805e+01 7.3770e+00 5.9000e-02 7.5000e+00 1.1200e+01 1.8000e+00 3.7878e+01 7.7050e+00 5.9000e-02 7.6000e+00 1.2800e+01 2.2000e+00 3.1535e+01
6.7000e+00 6.3000e-02 7.3000e+00 1.1200e+01 3.3000e+00 4.6960e+01 8.3310e+00 8.8000e-02 7.6000e+00 1.1900e+01 2.9000e+00 5.2155e+01 7.3770e+00 5.9000e-02 7.5000e+00 1.1200e+01 1.8000e+00 3.7878e+01 7.7050e+00 5.9000e-02 7.6000e+00 1.2800e+01 2.2000e+00 3.1535e+01 8.5180e+00 6.4000e-02 7.8000e+00 1.2400e+01 1.5000e+00 5.5139e+01
6.5460e+00 6.6000e-02 7.2000e+00 9.5000e+00 4.4000e+00 4.9260e+01 7.1620e+00 1.0200e-01 7.5000e+00 8.4000e+00 5.9000e+00 5.5139e+01 7.7050e+00 5.9000e-02 7.6000e+00 1.2800e+01 2.2000e+00 3.1535e+01 8.5180e+00 6.4000e-02 7.8000e+00 1.2400e+01 1.5000e+00 5.5139e+01 7.7330e+00 8.8000e-02 7.8000e+00 1.1300e+01 2.6000e+00 4.9260e+01
6.5300e+00 1.0000e-01 7.3000e+00 9.0000e+00 3.5000e+00 5.3286e+01 8.0660e+00 8.5000e-02 7.7000e+00 1.1300e+01 2.7000e+00 5.8278e+01 8.5180e+00 6.4000e-02 7.8000e+00 1.2400e+01 1.5000e+00 5.5139e+01 7.7330e+00 8.8000e-02 7.8000e+00 1.1300e+01 2.6000e+00 4.9260e+01 7.3660e+00 1.0300e-01 8.3000e+00 1.1500e+01 3.4000e+00 4.8962e+01
9.6960e+00 2.5900e-01 7.5000e+00 1.6200e+01 3.6000e+00 4.0701e+01 4.4400e+00 5.1000e-02 7.8000e+00 1.0400e+01 1.9000e+00 4.9548e+01 4.4400e+00 5.1000e-02 7.8000e+00 1.0400e+01 1.9000e+00 4.9548e+01 4.4400e+00 5.1000e-02 7.8000e+00 1.0400e+01 1.9000e+00 4.9548e+01 4.4400e+00 5.1000e-02 7.8000e+00 1.0400e+01 1.9000e+00 4.9548e+01
7.9920e+00 1.3000e-01 7.7000e+00 1.1800e+01 3.1000e+00 4.8656e+01 4.4400e+00 5.1000e-02 7.8000e+00 1.0400e+01 1.9000e+00 4.9548e+01 4.4400e+00 5.1000e-02 7.8000e+00 1.0400e+01 1.9000e+00 4.9548e+01 4.4400e+00 5.1000e-02 7.8000e+00 1.0400e+01 1.9000e+00 4.9548e+01 4.4400e+00 5.1000e-02 7.8000e+00 1.0400e+01 1.9000e+00 4.9548e+01
7.1640e+00 2.4500e-01 7.4000e+00 1.2000e+01 5.2000e+00 2.5589e+01 4.4400e+00 5.1000e-02 7.8000e+00 1.0400e+01 1.9000e+00 4.9548e+01 4.4400e+00 5.1000e-02 7.8000e+00 1.0400e+01 1.9000e+00 4.9548e+01 4.4400e+00 5.1000e-02 7.8000e+00 1.0400e+01 1.9000e+00 4.9548e+01 4.4400e+00 5.1000e-02 7.8000e+00 1.0400e+01 1.9000e+00 4.9548e+01
4.4400e+00 5.1000e-02 7.8000e+00 1.0400e+01 1.9000e+00 4.9548e+01 4.4400e+00 5.1000e-02 7.8000e+00 1.0400e+01 1.9000e+00 4.9548e+01 4.4400e+00 5.1000e-02 7.8000e+00 1.0400e+01 1.9000e+00 4.9548e+01 4.4400e+00 5.1000e-02 7.8000e+00 1.0400e+01 1.9000e+00 4.9548e+01 4.4400e+00 5.1000e-02 7.8000e+00 1.0400e+01 1.9000e+00 4.9548e+01
4.4400e+00 5.1000e-02 7.8000e+00 1.0400e+01 1.9000e+00 4.9548e+01 4.4400e+00 5.1000e-02 7.8000e+00 1.0400e+01 1.9000e+00 4.9548e+01 4.4400e+00 5.1000e-02 7.8000e+00 1.0400e+01 1.9000e+00 4.9548e+01 4.4400e+00 5.1000e-02 7.8000e+00 1.0400e+01 1.9000e+00 4.9548e+01 4.4400e+00 5.1000e-02 7.8000e+00 1.0400e+01 1.9000e+00 4.9548e+01
4.4400e+00 5.1000e-02 7.8000e+00 1.0400e+01 1.9000e+00 4.9548e+01 4.4400e+00 5.1000e-02 7.8000e+00 1.0400e+01 1.9000e+00 4.9548e+01 4.4400e+00 5.1000e-02 7.8000e+00 1.0400e+01 1.9000e+00 4.9548e+01 4.4400e+00 5.1000e-02 7.8000e+00 1.0400e+01 1.9000e+00 4.9548e+01 4.4400e+00 5.1000e-02 7.8000e+00 1.0400e+01 1.9000e+00 4.9548e+01
4.4400e+00 5.1000e-02 7.8000e+00 1.0400e+01 1.9000e+00 4.9548e+01 4.4400e+00 5.1000e-02 7.8000e+00 1.0400e+01 1.9000e+00 4.9548e+01 4.4400e+00 5.1000e-02 7.8000e+00 1.0400e+01 1.9000e+00 4.9548e+01 4.4400e+00 5.1000e-02 7.8000e+00 1.0400e+01 1.9000e+00 4.9548e+01 4.4400e+00 5.1000e-02 7.8000e+00 1.0400e+01 1.9000e+00 4.9548e+01
9.8760e+00 1.0400e-01 7.3000e+00 9.7000e+00 4.6000e+00 5.3286e+01 7.6710e+00 5.8000e-02 7.7000e+00 1.2200e+01 2.6000e+00 4.8339e+01 8.0340e+00 7.7000e-02 7.3000e+00 8.9000e+00 1.4000e+00 4.8810e+01 7.3420e+00 6.0000e-02 7.4000e+00 1.0700e+01 1.8000e+00 4.7324e+01 4.4400e+00 5.1000e-02 7.8000e+00 1.0400e+01 1.9000e+00 4.9548e+01
