5.5450e+00 2.1600e-01 7.9000e+00 1.5000e+01 3.5000e+00 6.3219e+01 5.3750e+00 1.8300e-01 7.7000e+00 1.4000e+01 4.1000e+00 6.4475e+01 3.4340e+00 1.1700e-01 7.9000e+00 1.2100e+01 1.0000e+00 4.9112e+01 3.9750e+00 1.1500e-01 8.2000e+00 1.5300e+01 1.2000e+00 4.5135e+01 4.4080e+00 1.4700e-01 8.1000e+00 1.4800e+01 2.2000e+00 5.0876e+01
5.3010e+00 6.5000e-02 7.9000e+00 1.6400e+01 5.2000e+00 7.0106e+01 5.0600e+00 1.2100e-01 7.9000e+00 1.4200e+01 5.0000e+00 6.8878e+01 3.9750e+00 1.1500e-01 8.2000e+00 1.5300e+01 1.2000e+00 4.5135e+01 4.4080e+00 1.4700e-01 8.1000e+00 1.4800e+01 2.2000e+00 5.0876e+01 3.9170e+00 9.7000e-02 7.5000e+00 1.3200e+01 3.2000e+00 5.6205e+01
4.5350e+00 9.5000e-02 7.9000e+00 1.4400e+01 5.5000e+00 6.8839e+01 3.8060e+00 7.7000e-02 8.0000e+00 1.3300e+01 5.5000e+00 6.1817e+01 4.4080e+00 1.4700e-01 8.1000e+00 1.4800e+01 2.2000e+00 5.0876e+01 3.9170e+00 9.7000e-02 7.5000e+00 1.3200e+01 3.2000e+00 5.6205e+01 3.0670e+00 5.3000e-02 7.7000e+00 1.2700e+01 3.2000e+00 5.9117e+01
4.5050e+00 1.5200e-01 8.0000e+00 1.1700e+01 4.4000e+00 6.5422e+01 3.5650e+00 5.7000e-02 7.7000e+00 1.2000e+01 3.3000e+00 6.0923e+01 3.9170e+00 9.7000e-02 7.5000e+00 1.3200e+01 3.2000e+00 5.6205e+01 3.0670e+00 5.3000e-02 7.7000e+00 1.2700e+01 3.2000e+00 5.9117e+01 3.2950e+00 6.9000e-02 7.7000e+00 1.1300e+01 2.8000e+00 5.3667e+01
3.6910e+00 8.5000e-02 7.5000e+00 1.0700e+01 3.0000e+00 5.0235e+01 3.3840e+00 1.3000e-01 7.6000e+00 8.9000e+00 3.0000e+00 6.3148e+01 3.0670e+00 5.3000e-02 7.7000e+00 1.2700e+01 3.2000e+00 5.9117e+01 3.2950e+00 6.9000e-02 7.7000e+00 1.1300e+01 2.8000e+00 5.3667e+01 2.7350e+00 6.3000e-02 7.5000e+00 9.4000e+00 1.9000e+00 5.7488e+01
3.2160e+00 6.3000e-02 7.5000e+00 1.0200e+01 2.2000e+00 5.1934e+01 3.4860e+00 1.5100e-01 7.8000e+00 7.8000e+00 2.5000e+00 6.3463e+01 3.2950e+00 6.9000e-02 7.7000e+00 1.1300e+01 2.8000e+00 5.3667e+01 2.7350e+00 6.3000e-02 7.5000e+00 9.4000e+00 1.9000e+00 5.7488e+01 2.6810e+00 7.7000e-02 7.5000e+00 8.2000e+00 2.0000e+00 5.7921e+01
2.3850e+00 4.7000e-02 7.5000e+00 1.0000e+01 8.0000e-01 4.8012e+01 3.2410e+00 8.8000e-02 7.7000e+00 8.3000e+00 1.6000e+00 5.6559e+01 2.7350e+00 6.3000e-02 7.5000e+00 9.4000e+00 1.9000e+00 5.7488e+01 2.6810e+00 7.7000e-02 7.5000e+00 8.2000e+00 2.0000e+00 5.7921e+01 2.4420e+00 7.3000e-02 7.5000e+00 8.6000e+00 2.0000e+00 4.8339e+01
2.2500e+00 5.8000e-02 7.6000e+00 9.6000e+00 1.0000e+00 4.8656e+01 2.6590e+00 6.8000e-02 7.8000e+00 7.8000e+00 1.4000e+00 5.4123e+01 2.6810e+00 7.7000e-02 7.5000e+00 8.2000e+00 2.0000e+00 5.7921e+01 2.4420e+00 7.3000e-02 7.5000e+00 8.6000e+00 2.0000e+00 4.8339e+01 2.2580e+00 5.4000e-02 7.6000e+00 8.0000e+00 9.0000e-01 4.9548e+01
3.4650e+00 1.3100e-01 7.9000e+00 1.0000e+01 1.9000e+00 5.9223e+01 2.8150e+00 9.2000e-02 7.7000e+00 9.8000e+00 1.2000e+00 4.9405e+01 2.4420e+00 7.3000e-02 7.5000e+00 8.6000e+00 2.0000e+00 4.8339e+01 2.2580e+00 5.4000e-02 7.6000e+00 8.0000e+00 9.0000e-01 4.9548e+01 2.9010e+00 1.1600e-01 7.6000e+00 8.5000e+00 1.7000e+00 6.3667e+01
4.1000e+00 2.2700e-01 7.9000e+00 1.0200e+01 2.2000e+00 6.5617e+01 3.3480e+00 1.1700e-01 8.0000e+00 9.6000e+00 1.2000e+00 5.6419e+01 2.2580e+00 5.4000e-02 7.6000e+00 8.0000e+00 9.0000e-01 4.9548e+01 2.9010e+00 1.1600e-01 7.6000e+00 8.5000e+00 1.7000e+00 6.3667e+01 2.1730e+00 1.0000e-02 8.4000e+00 1.1600e+01 1.8000e+00 6.6958e+01
4.8790e+00 2.4700e-01 7.6000e+00 1.0600e+01 2.4000e+00 6.1653e+01 3.4340e+00 1.1700e-01 7.9000e+00 1.2100e+01 1.0000e+00 4.9112e+01 2.9010e+00 1.1600e-01 7.6000e+00 8.5000e+00 1.7000e+00 6.3667e+01 2.1730e+00 1.0000e-02 8.4000e+00 1.1600e+01 1.8000e+00 6.6958e+01 2.0370e+00 7.0000e-03 8.4000e+00 1.1800e+01 1.2000e+00 5.7738e+01
4.8330e+00 2.1400e-01 7.7000e+00 1.1800e+01 1.9000e+00 5.1594e+01 3.9750e+00 1.1500e-01 8.2000e+00 1.5300e+01 1.2000e+00 4.5135e+01 2.1730e+00 1.0000e-02 8.4000e+00 1.1600e+01 1.8000e+00 6.6958e+01 2.0370e+00 7.0000e-03 8.4000e+00 1.1800e+01 1.2000e+00 5.7738e+01 2.5020e+00 9.0000e-03 7.8000e+00 1.3200e+01 8.0000e-01 4.7144e+01
5.3750e+00 1.8300e-01 7.7000e+00 1.4000e+01 4.1000e+00 6.4475e+01 4.4080e+00 1.4700e-01 8.1000e+00 1.4800e+01 2.2000e+00 5.0876e+01 2.0370e+00 7.0000e-03 8.4000e+00 1.1800e+01 1.2000e+00 5.7738e+01 2.5020e+00 9.0000e-03 7.8000e+00 1.3200e+01 8.0000e-01 4.7144e+01 2.6950e+00 8.0000e-03 8.4000e+00 1.5900e+01 1.6000e+00 6.0278e+01
5.0600e+00 1.2100e-01 7.9000e+00 1.4200e+01 5.0000e+00 6.8878e+01 3.9170e+00 9.7000e-02 7.5000e+00 1.3200e+01 3.2000e+00 5.6205e+01 2.5020e+00 9.0000e-03 7.8000e+00 1.3200e+01 8.0000e-01 4.7144e+01 2.6950e+00 8.0000e-03 8.4000e+00 1.5900e+01 1.6000e+00 6.0278e+01 2.5700e+00 7.0000e-03 8.1000e+00 1.4700e+01 1.9000e+00 5.6559e+01
3.8060e+00 7.7000e-02 8.0000e+00 1.3300e+01 5.5000e+00 6.1817e+01 3.0670e+00 5.3000e-02 7.7000e+00 1.2700e+01 3.2000e+00 5.9117e+01 2.6950e+00 8.0000e-03 8.4000e+00 1.5900e+01 1.6000e+00 6.0278e+01 2.5700e+00 7.0000e-03 8.1000e+00 1.4700e+01 1.9000e+00 5.6559e+01 2.2620e+00 1.1000e-02 7.8000e+00 1.2600e+01 1.6000e+00 5.5058e+01
3.5650e+00 5.7000e-02 7.7000e+00 1.2000e+01 3.3000e+00 6.0923e+01 3.2950e+00 6.9000e-02 7.7000e+00 1.1300e+01 2.8000e+00 5.3667e+01 2.5700e+00 7.0000e-03 8.1000e+00 1.4700e+01 1.9000e+00 5.6559e+01 2.2620e+00 1.1000e-02 7.8000e+00 1.2600e+01 1.6000e+00 5.5058e+01 1.9010e+00 9.0000e-03 8.5000e+00 1.1800e+01 1.8000e+00 5.9939e+01
3.3840e+00 1.3000e-01 7.6000e+00 8.9000e+00 3.0000e+00 6.3148e+01 2.7350e+00 6.3000e-02 7.5000e+00 9.4000e+00 1.9000e+00 5.7488e+01 2.2620e+00 1.1000e-02 7.8000e+00 1.2600e+01 1.6000e+00 5.5058e+01 1.9010e+00 9.0000e-03 8.5000e+00 1.1800e+01 1.8000e+00 5.9939e+01 1.7880e+00 1.2000e-02 8.1000e+00 1.0000e+01 1.6000e+00 4.5988e+01
3.4860e+00 1.5100e-01 7.8000e+00 7.8000e+00 2.5000e+00 6.3463e+01 2.6810e+00 7.7000e-02 7.5000e+00 8.2000e+00 2.0000e+00 5.7921e+01 1.9010e+00 9.0000e-03 8.5000e+00 1.1800e+01 1.8000e+00 5.9939e+01 1.7880e+00 1.2000e-02 8.1000e+00 1.0000e+01 1.6000e+00 4.5988e+01 1.5550e+00 1.2000e-02 8.1000e+00 9.5000e+00 2.0000e+00 6.1359e+01
3.2410e+00 8.8000e-02 7.7000e+00 8.3000e+00 1.6000e+00 5.6559e+01 2.4420e+00 7.3000e-02 7.5000e+00 8.6000e+00 2.0000e+00 4.8339e+01 1.7880e+00 1.2000e-02 8.1000e+00 1.0000e+01 1.6000e+00 4.5988e+01 1.5550e+00 1.2000e-02 8.1000e+00 9.5000e+00 2.0000e+00 6.1359e+01 1.3850e+00 1.8000e-02 8.3000e+00 9.8000e+00 2.1000e+00 5.8101e+01
2.6590e+00 6.8000e-02 7.8000e+00 7.8000e+00 1.4000e+00 5.4123e+01 2.2580e+00 5.4000e-02 7.6000e+00 8.0000e+00 9.0000e-01 4.9548e+01 1.5550e+00 1.2000e-02 8.1000e+00 9.5000e+00 2.0000e+00 6.1359e+01 1.3850e+00 1.8000e-02 8.3000e+00 9.8000e+00 2.1000e+00 5.8101e+01 2.0810e+00 2.0000e-02 8.2000e+00 1.0600e+01 1.9000e+00 6.4599e+01
2.8150e+00 9.2000e-02 7.7000e+00 9.8000e+00 1.2000e+00 4.9405e+01 2.9010e+00 1.1600e-01 7.6000e+00 8.5000e+00 1.7000e+00 6.3667e+01 1.3850e+00 1.8000e-02 8.3000e+00 9.8000e+00 2.1000e+00 5.8101e+01 2.0810e+00 2.0000e-02 8.2000e+00 1.0600e+01 1.9000e+00 6.4599e+01 2.1070e+00 1.1000e-02 8.4000e+00 9.9000e+00 2.3000e+00 5.7551e+01
3.3480e+00 1.1700e-01 8.0000e+00 9.6000e+00 1.2000e+00 5.6419e+01 2.1730e+00 1.0000e-02 8.4000e+00 1.1600e+01 1.8000e+00 6.6958e+01 2.0810e+00 2.0000e-02 8.2000e+00 1.0600e+01 1.9000e+00 6.4599e+01 2.1070e+00 1.1000e-02 8.4000e+00 9.9000e+00 2.3000e+00 5.7551e+01 2.1990e+00 2.0000e-02 8.1000e+00 1.0700e+01 1.5000e+00 5.8041e+01
3.4340e+00 1.1700e-01 7.9000e+00 1.2100e+01 1.0000e+00 4.9112e+01 2.0370e+00 7.0000e-03 8.4000e+00 1.1800e+01 1.2000e+00 5.7738e+01 2.1070e+00 1.1000e-02 8.4000e+00 9.9000e+00 2.3000e+00 5.7551e+01 2.1990e+00 2.0000e-02 8.1000e+00 1.0700e+01 1.5000e+00 5.8041e+01 2.3710e+00 2.3000e-02 8.0000e+00 1.1700e+01 1.3000e+00 4.2011e+01
3.9750e+00 1.1500e-01 8.2000e+00 1.5300e+01 1.2000e+00 4.5135e+01 2.5020e+00 9.0000e-03 7.8000e+00 1.3200e+01 8.0000e-01 4.7144e+01 2.1990e+00 2.0000e-02 8.1000e+00 1.0700e+01 1.5000e+00 5.8041e+01 2.3710e+00 2.3000e-02 8.0000e+00 1.1700e+01 1.3000e+00 4.2011e+01 2.6600e+00 1.2000e-02 8.1000e+00 1.2700e+01 1.2000e+00 4.4442e+01
4.4080e+00 1.4700e-01 8.1000e+00 1.4800e+01 2.2000e+00 5.0876e+01 2.6950e+00 8.0000e-03 8.4000e+00 1.5900e+01 1.6000e+00 6.0278e+01 2.3710e+00 2.3000e-02 8.0000e+00 1.1700e+01 1.3000e+00 4.2011e+01 2.6600e+00 1.2000e-02 8.1000e+00 1.2700e+01 1.2000e+00 4.4442e+01 3.0360e+00 7.0000e-03 8.1000e+00 1.5200e+01 1.7000e+00 4.6960e+01
3.9170e+00 9.7000e-02 7.5000e+00 1.3200e+01 3.2000e+00 5.6205e+01 2.5700e+00 7.0000e-03 8.1000e+00 1.4700e+01 1.9000e+00 5.6559e+01 2.6600e+00 1.2000e-02 8.1000e+00 1.2700e+01 1.2000e+00 4.4442e+01 3.0360e+00 7.0000e-03 8.1000e+00 1.5200e+01 1.7000e+00 4.6960e+01 2.9830e+00 8.0000e-03 8.2000e+00 1.5800e+01 2.1000e+00 5.1360e+01
3.0670e+00 5.3000e-02 7.7000e+00 1.2700e+01 3.2000e+00 5.9117e+01 2.2620e+00 1.1000e-02 7.8000e+00 1.2600e+01 1.6000e+00 5.5058e+01 3.0360e+00 7.0000e-03 8.1000e+00 1.5200e+01 1.7000e+00 4.6960e+01 2.9830e+00 8.0000e-03 8.2000e+00 1.5800e+01 2.1000e+00 5.1360e+01 2.8270e+00 9.0000e-03 8.2000e+00 1.3500e+01 2.3000e+00 4.9966e+01
3.2950e+00 6.9000e-02 7.7000e+00 1.1300e+01 2.8000e+00 5.3667e+01 1.9010e+00 9.0000e-03 8.5000e+00 1.1800e+01 1.8000e+00 5.9939e+01 2.9830e+00 8.0000e-03 8.2000e+00 1.5800e+01 2.1000e+00 5.1360e+01 2.8270e+00 9.0000e-03 8.2000e+00 1.3500e+01 2.3000e+00 4.9966e+01 2.4540e+00 1.2000e-02 7.9000e+00 1.1800e+01 1.9000e+00 4.7144e+01
2.7350e+00 6.3000e-02 7.5000e+00 9.4000e+00 1.9000e+00 5.7488e+01 1.7880e+00 1.2000e-02 8.1000e+00 1.0000e+01 1.6000e+00 4.5988e+01 2.8270e+00 9.0000e-03 8.2000e+00 1.3500e+01 2.3000e+00 4.9966e+01 2.4540e+00 1.2000e-02 7.9000e+00 1.1800e+01 1.9000e+00 4.7144e+01 2.0440e+00 1.5000e-02 8.1000e+00 1.1400e+01 2.5000e+00 5.6059e+01
2.6810e+00 7.7000e-02 7.5000e+00 8.2000e+00 2.0000e+00 5.7921e+01 1.5550e+00 1.2000e-02 8.1000e+00 9.5000e+00 2.0000e+00 6.1359e+01 2.4540e+00 1.2000e-02 7.9000e+00 1.1800e+01 1.9000e+00 4.7144e+01 2.0440e+00 1.5000e-02 8.1000e+00 1.1400e+01 2.5000e+00 5.6059e+01 1.6170e+00 1.5000e-02 8.4000e+00 1.0000e+01 2.9000e+00 5.5986e+01
2.4420e+00 7.3000e-02 7.5000e+00 8.6000e+00 2.0000e+00 4.8339e+01 1.3850e+00 1.8000e-02 8.3000e+00 9.8000e+00 2.1000e+00 5.8101e+01 2.0440e+00 1.5000e-02 8.1000e+00 1.1400e+01 2.5000e+00 5.6059e+01 1.6170e+00 1.5000e-02 8.4000e+00 1.0000e+01 2.9000e+00 5.5986e+01 1.5720e+00 1.5000e-02 8.7000e+00 9.6000e+00 1.8000e+00 4.7674e+01
2.2580e+00 5.4000e-02 7.6000e+00 8.0000e+00 9.0000e-01 4.9548e+01 2.0810e+00 2.0000e-02 8.2000e+00 1.0600e+01 1.9000e+00 6.4599e+01 1.6170e+00 1.5000e-02 8.4000e+00 1.0000e+01 2.9000e+00 5.5986e+01 1.5720e+00 1.5000e-02 8.7000e+00 9.6000e+00 1.8000e+00 4.7674e+01 1.9970e+00 1.1000e-02 9.1000e+00 1.1100e+01 4.2000e+00 7.0584e+01
2.9010e+00 1.1600e-01 7.6000e+00 8.5000e+00 1.7000e+00 6.3667e+01 2.1070e+00 1.1000e-02 8.4000e+00 9.9000e+00 2.3000e+00 5.7551e+01 1.5720e+00 1.5000e-02 8.7000e+00 9.6000e+00 1.8000e+00 4.7674e+01 1.9970e+00 1.1000e-02 9.1000e+00 1.1100e+01 4.2000e+00 7.0584e+01 1.7710e+00 1.2000e-02 8.7000e+00 9.2000e+00 2.2000e+00 6.2786e+01
2.1730e+00 1.0000e-02 8.4000e+00 1.1600e+01 1.8000e+00 6.6958e+01 2.1990e+00 2.0000e-02 8.1000e+00 1.0700e+01 1.5000e+00 5.8041e+01 1.9970e+00 1.1000e-02 9.1000e+00 1.1100e+01 4.2000e+00 7.0584e+01 1.7710e+00 1.2000e-02 8.7000e+00 9.2000e+00 2.2000e+00 6.2786e+01 1.7210e+00 9.0000e-03 8.2000e+00 1.0800e+01 1.4000e+00 5.6628e+01
2.0370e+00 7.0000e-03 8.4000e+00 1.1800e+01 1.2000e+00 5.7738e+01 2.3710e+00 2.3000e-02 8.0000e+00 1.1700e+01 1.3000e+00 4.2011e+01 1.7710e+00 1.2000e-02 8.7000e+00 9.2000e+00 2.2000e+00 6.2786e+01 1.7210e+00 9.0000e-03 8.2000e+00 1.0800e+01 1.4000e+00 5.6628e+01 2.0700e+00 9.0000e-03 8.2000e+00 1.3600e+01 1.1000e+00 5.1594e+01
2.5020e+00 9.0000e-03 7.8000e+00 1.3200e+01 8.0000e-01 4.7144e+01 2.6600e+00 1.2000e-02 8.1000e+00 1.2700e+01 1.2000e+00 4.4442e+01 1.7210e+00 9.0000e-03 8.2000e+00 1.0800e+01 1.4000e+00 5.6628e+01 2.0700e+00 9.0000e-03 8.2000e+00 1.3600e+01 1.1000e+00 5.1594e+01 2.8900e+00 9.0000e-03 8.0000e+00 1.1600e+01 1.3000e+00 5.4123e+01
2.6950e+00 8.0000e-03 8.4000e+00 1.5900e+01 1.6000e+00 6.0278e+01 3.0360e+00 7.0000e-03 8.1000e+00 1.5200e+01 1.7000e+00 4.6960e+01 2.0700e+00 9.0000e-03 8.2000e+00 1.3600e+01 1.1000e+00 5.1594e+01 2.8900e+00 9.0000e-03 8.0000e+00 1.1600e+01 1.3000e+00 5.4123e+01 1.1363e+01 1.4900e-01 8.0000e+00 1.3100e+01 4.5000e+00 7.4656e+01
2.5700e+00 7.0000e-03 8.1000e+00 1.4700e+01 1.9000e+00 5.6559e+01 2.9830e+00 8.0000e-03 8.2000e+00 1.5800e+01 2.1000e+00 5.1360e+01 2.8900e+00 9.0000e-03 8.0000e+00 1.1600e+01 1.3000e+00 5.4123e+01 1.1363e+01 1.4900e-01 8.0000e+00 1.3100e+01 4.5000e+00 7.4656e+01 1.0153e+01 1.7100e-01 8.0000e+00 1.0600e+01 3.8000e+00 6.4660e+01
2.2620e+00 1.1000e-02 7.8000e+00 1.2600e+01 1.6000e+00 5.5058e+01 2.8270e+00 9.0000e-03 8.2000e+00 1.3500e+01 2.3000e+00 4.9966e+01 1.1363e+01 1.4900e-01 8.0000e+00 1.3100e+01 4.5000e+00 7.4656e+01 1.0153e+01 1.7100e-01 8.0000e+00 1.0600e+01 3.8000e+00 6.4660e+01 6.7410e+00 4.6000e-02 7.7000e+00 1.3400e+01 4.6000e+00 6.5727e+01
1.9010e+00 9.0000e-03 8.5000e+00 1.1800e+01 1.8000e+00 5.9939e+01 2.4540e+00 1.2000e-02 7.9000e+00 1.1800e+01 1.9000e+00 4.7144e+01 1.0153e+01 1.7100e-01 8.0000e+00 1.0600e+01 3.8000e+00 6.4660e+01 6.7410e+00 4.6000e-02 7.7000e+00 1.3400e+01 4.6000e+00 6.5727e+01 4.3210e+00 2.9000e-02 7.6000e+00 9.1000e+00 3.7000e+00 6.1316e+01
1.7880e+00 1.2000e-02 8.1000e+00 1.0000e+01 1.6000e+00 4.5988e+01 2.0440e+00 1.5000e-02 8.1000e+00 1.1400e+01 2.5000e+00 5.6059e+01 6.7410e+00 4.6000e-02 7.7000e+00 1.3400e+01 4.6000e+00 6.5727e+01 4.3210e+00 2.9000e-02 7.6000e+00 9.1000e+00 3.7000e+00 6.1316e+01 2.9570e+00 5.2000e-02 7.7000e+00 9.1000e+00 3.4000e+00 5.7676e+01
1.5550e+00 1.2000e-02 8.1000e+00 9.5000e+00 2.0000e+00 6.1359e+01 1.6170e+00 1.5000e-02 8.4000e+00 1.0000e+01 2.9000e+00 5.5986e+01 4.3210e+00 2.9000e-02 7.6000e+00 9.1000e+00 3.7000e+00 6.1316e+01 2.9570e+00 5.2000e-02 7.7000e+00 9.1000e+00 3.4000e+00 5.7676e+01 3.5350e+00 8.5000e-02 7.4000e+00 8.0000e+00 2.4000e+00 6.0467e+01
1.3850e+00 1.8000e-02 8.3000e+00 9.8000e+00 2.1000e+00 5.8101e+01 1.5720e+00 1.5000e-02 8.7000e+00 9.6000e+00 1.8000e+00 4.7674e+01 2.9570e+00 5.2000e-02 7.7000e+00 9.1000e+00 3.4000e+00 5.7676e+01 3.5350e+00 8.5000e-02 7.4000e+00 8.0000e+00 2.4000e+00 6.0467e+01 2.7400e+00 3.0000e-02 7.4000e+00 1.0200e+01 1.3000e+00 5.6348e+01
2.0810e+00 2.0000e-02 8.2000e+00 1.0600e+01 1.9000e+00 6.4599e+01 1.9970e+00 1.1000e-02 9.1000e+00 1.1100e+01 4.2000e+00 7.0584e+01 3.5350e+00 8.5000e-02 7.4000e+00 8.0000e+00 2.4000e+00 6.0467e+01 2.7400e+00 3.0000e-02 7.4000e+00 1.0200e+01 1.3000e+00 5.6348e+01 3.4420e+00 6.0000e-02 7.5000e+00 6.5000e+00 1.5000e+00 5.4387e+01
2.1070e+00 1.1000e-02 8.4000e+00 9.9000e+00 2.3000e+00 5.7551e+01 1.7710e+00 1.2000e-02 8.7000e+00 9.2000e+00 2.2000e+00 6.2786e+01 2.7400e+00 3.0000e-02 7.4000e+00 1.0200e+01 1.3000e+00 5.6348e+01 3.4420e+00 6.0000e-02 7.5000e+00 6.5000e+00 1.5000e+00 5.4387e+01 4.7340e+00 6.4000e-02 7.4000e+00 7.2000e+00 1.7000e+00 6.0467e+01
2.1990e+00 2.0000e-02 8.1000e+00 1.0700e+01 1.5000e+00 5.8041e+01 1.7210e+00 9.0000e-03 8.2000e+00 1.0800e+01 1.4000e+00 5.6628e+01 3.4420e+00 6.0000e-02 7.5000e+00 6.5000e+00 1.5000e+00 5.4387e+01 4.7340e+00 6.4000e-02 7.4000e+00 7.2000e+00 1.7000e+00 6.0467e+01 4.3930e+00 8.2000e-02 7.5000e+00 7.8000e+00 2.1000e+00 6.0278e+01
2.3710e+00 2.3000e-02 8.0000e+00 1.1700e+01 1.3000e+00 4.2011e+01 2.0700e+00 9.0000e-03 8.2000e+00 1.3600e+01 1.1000e+00 5.1594e+01 4.7340e+00 6.4000e-02 7.4000e+00 7.2000e+00 1.7000e+00 6.0467e+01 4.3930e+00 8.2000e-02 7.5000e+00 7.8000e+00 2.1000e+00 6.0278e+01 6.0310e+00 6.7000e-02 7.7000e+00 9.3000e+00 1.2000e+00 4.6773e+01
2.6600e+00 1.2000e-02 8.1000e+00 1.2700e+01 1.2000e+00 4.4442e+01 2.8900e+00 9.0000e-03 8.0000e+00 1.1600e+01 1.3000e+00 5.4123e+01 4.3930e+00 8.2000e-02 7.5000e+00 7.8000e+00 2.1000e+00 6.0278e+01 6.0310e+00 6.7000e-02 7.7000e+00 9.3000e+00 1.2000e+00 4.6773e+01 5.9580e+00 4.8000e-02 7.8000e+00 1.1200e+01 1.6000e+00 4.5135e+01
3.0360e+00 7.0000e-03 8.1000e+00 1.5200e+01 1.7000e+00 4.6960e+01 1.1363e+01 1.4900e-01 8.0000e+00 1.3100e+01 4.5000e+00 7.4656e+01 6.0310e+00 6.7000e-02 7.7000e+00 9.3000e+00 1.2000e+00 4.6773e+01 5.9580e+00 4.8000e-02 7.8000e+00 1.1200e+01 1.6000e+00 4.5135e+01 6.4780e+00 3.1000e-02 8.0000e+00 1.3000e+01 1.4000e+00 4.8499e+01
2.9830e+00 8.0000e-03 8.2000e+00 1.5800e+01 2.1000e+00 5.1360e+01 1.0153e+01 1.7100e-01 8.0000e+00 1.0600e+01 3.8000e+00 6.4660e+01 5.9580e+00 4.8000e-02 7.8000e+00 1.1200e+01 1.6000e+00 4.5135e+01 6.4780e+00 3.1000e-02 8.0000e+00 1.3000e+01 1.4000e+00 4.8499e+01 6.5570e+00 3.4000e-02 7.8000e+00 1.3300e+01 1.5000e+00 4.8012e+01
2.8270e+00 9.0000e-03 8.2000e+00 1.3500e+01 2.3000e+00 4.9966e+01 6.7410e+00 4.6000e-02 7.7000e+00 1.3400e+01 4.6000e+00 6.5727e+01 6.4780e+00 3.1000e-02 8.0000e+00 1.3000e+01 1.4000e+00 4.8499e+01 6.5570e+00 3.4000e-02 7.8000e+00 1.3300e+01 1.5000e+00 4.8012e+01 5.8100e+00 2.0000e-02 7.6000e+00 1.2700e+01 3.7000e+00 6.8073e+01
2.4540e+00 1.2000e-02 7.9000e+00 1.1800e+01 1.9000e+00 4.7144e+01 4.3210e+00 2.9000e-02 7.6000e+00 9.1000e+00 3.7000e+00 6.1316e+01 6.5570e+00 3.4000e-02 7.8000e+00 1.3300e+01 1.5000e+00 4.8012e+01 5.8100e+00 2.0000e-02 7.6000e+00 1.2700e+01 3.7000e+00 6.8073e+01 4.5930e+00 2.9000e-02 7.6000e+00 9.8000e+00 3.2000e+00 6.3497e+01
2.0440e+00 1.5000e-02 8.1000e+00 1.1400e+01 2.5000e+00 5.6059e+01 2.9570e+00 5.2000e-02 7.7000e+00 9.1000e+00 3.4000e+00 5.7676e+01 5.8100e+00 2.0000e-02 7.6000e+00 1.2700e+01 3.7000e+00 6.8073e+01 4.5930e+00 2.9000e-02 7.6000e+00 9.8000e+00 3.2000e+00 6.3497e+01 4.8540e+00 3.9000e-02 7.5000e+00 8.0000e+00 2.4000e+00 5.8678e+01
1.6170e+00 1.5000e-02 8.4000e+00 1.0000e+01 2.9000e+00 5.5986e+01 3.5350e+00 8.5000e-02 7.4000e+00 8.0000e+00 2.4000e+00 6.0467e+01 4.5930e+00 2.9000e-02 7.6000e+00 9.8000e+00 3.2000e+00 6.3497e+01 4.8540e+00 3.9000e-02 7.5000e+00 8.0000e+00 2.4000e+00 5.8678e+01 4.5450e+00 8.5000e-02 7.4000e+00 7.6000e+00 2.4000e+00 5.9433e+01
1.5720e+00 1.5000e-02 8.7000e+00 9.6000e+00 1.8000e+00 4.7674e+01 2.7400e+00 3.0000e-02 7.4000e+00 1.0200e+01 1.3000e+00 5.6348e+01 4.8540e+00 3.9000e-02 7.5000e+00 8.0000e+00 2.4000e+00 5.8678e+01 4.5450e+00 8.5000e-02 7.4000e+00 7.6000e+00 2.4000e+00 5.9433e+01 3.5890e+00 8.8000e-02 7.3000e+00 8.2000e+00 1.8000e+00 4.8339e+01
1.9970e+00 1.1000e-02 9.1000e+00 1.1100e+01 4.2000e+00 7.0584e+01 3.4420e+00 6.0000e-02 7.5000e+00 6.5000e+00 1.5000e+00 5.4387e+01 4.5450e+00 8.5000e-02 7.4000e+00 7.6000e+00 2.4000e+00 5.9433e+01 3.5890e+00 8.8000e-02 7.3000e+00 8.2000e+00 1.8000e+00 4.8339e+01 2.9640e+00 4.9000e-02 7.5000e+00 9.7000e+00 1.2000e+00 5.3852e+01
1.7710e+00 1.2000e-02 8.7000e+00 9.2000e+00 2.2000e+00 6.2786e+01 4.7340e+00 6.4000e-02 7.4000e+00 7.2000e+00 1.7000e+00 6.0467e+01 3.5890e+00 8.8000e-02 7.3000e+00 8.2000e+00 1.8000e+00 4.8339e+01 2.9640e+00 4.9000e-02 7.5000e+00 9.7000e+00 1.2000e+00 5.3852e+01 4.1850e+00 2.4000e-02 7.9000e+00 9.7000e+00 1.7000e+00 6.1570e+01
1.7210e+00 9.0000e-03 8.2000e+00 1.0800e+01 1.4000e+00 5.6628e+01 4.3930e+00 8.2000e-02 7.5000e+00 7.8000e+00 2.1000e+00 6.0278e+01 2.9640e+00 4.9000e-02 7.5000e+00 9.7000e+00 1.2000e+00 5.3852e+01 4.1850e+00 2.4000e-02 7.9000e+00 9.7000e+00 1.7000e+00 6.1570e+01 4.9500e+00 3.7000e-02 7.9000e+00 9.5000e+00 1.4000e+00 5.6766e+01
2.0700e+00 9.0000e-03 8.2000e+00 1.3600e+01 1.1000e+00 5.1594e+01 6.0310e+00 6.7000e-02 7.7000e+00 9.3000e+00 1.2000e+00 4.6773e+01 4.1850e+00 2.4000e-02 7.9000e+00 9.7000e+00 1.7000e+00 6.1570e+01 4.9500e+00 3.7000e-02 7.9000e+00 9.5000e+00 1.4000e+00 5.6766e+01 5.1180e+00 3.7000e-02 8.2000e+00 1.0600e+01 1.1000e+00 5.0876e+01
2.8900e+00 9.0000e-03 8.0000e+00 1.1600e+01 1.3000e+00 5.4123e+01 5.9580e+00 4.8000e-02 7.8000e+00 1.1200e+01 1.6000e+00 4.5135e+01 4.9500e+00 3.7000e-02 7.9000e+00 9.5000e+00 1.4000e+00 5.6766e+01 5.1180e+00 3.7000e-02 8.2000e+00 1.0600e+01 1.1000e+00 5.0876e+01 5.9330e+00 3.1000e-02 8.1000e+00 1.2700e+01 1.6000e+00 5.1242e+01
1.1363e+01 1.4900e-01 8.0000e+00 1.3100e+01 4.5000e+00 7.4656e+01 6.4780e+00 3.1000e-02 8.0000e+00 1.3000e+01 1.4000e+00 4.8499e+01 5.1180e+00 3.7000e-02 8.2000e+00 1.0600e+01 1.1000e+00 5.0876e+01 5.9330e+00 3.1000e-02 8.1000e+00 1.2700e+01 1.6000e+00 5.1242e+01 6.2610e+00 2.7000e-02 8.1000e+00 1.2400e+01 1.2000e+00 4.2890e+01
1.0153e+01 1.7100e-01 8.0000e+00 1.0600e+01 3.8000e+00 6.4660e+01 6.5570e+00 3.4000e-02 7.8000e+00 1.3300e+01 1.5000e+00 4.8012e+01 5.9330e+00 3.1000e-02 8.1000e+00 1.2700e+01 1.6000e+00 5.1242e+01 6.2610e+00 2.7000e-02 8.1000e+00 1.2400e+01 1.2000e+00 4.2890e+01 6.4570e+00 2.2000e-02 8.1000e+00 1.2300e+01 1.5000e+00 4.9548e+01
6.7410e+00 4.6000e-02 7.7000e+00 1.3400e+01 4.6000e+00 6.5727e+01 5.8100e+00 2.0000e-02 7.6000e+00 1.2700e+01 3.7000e+00 6.8073e+01 6.2610e+00 2.7000e-02 8.1000e+00 1.2400e+01 1.2000e+00 4.2890e+01 6.4570e+00 2.2000e-02 8.1000e+00 1.2300e+01 1.5000e+00 4.9548e+01 5.7250e+00 3.1000e-02 7.6000e+00 1.2500e+01 3.6000e+00 6.3463e+01
4.3210e+00 2.9000e-02 7.6000e+00 9.1000e+00 3.7000e+00 6.1316e+01 4.5930e+00 2.9000e-02 7.6000e+00 9.8000e+00 3.2000e+00 6.3497e+01 6.4570e+00 2.2000e-02 8.1000e+00 1.2300e+01 1.5000e+00 4.9548e+01 5.7250e+00 3.1000e-02 7.6000e+00 1.2500e+01 3.6000e+00 6.3463e+01 4.6180e+00 2.0000e-02 7.7000e+00 1.0800e+01 3.7000e+00 6.3497e+01
2.9570e+00 5.2000e-02 7.7000e+00 9.1000e+00 3.4000e+00 5.7676e+01 4.8540e+00 3.9000e-02 7.5000e+00 8.0000e+00 2.4000e+00 5.8678e+01 5.7250e+00 3.1000e-02 7.6000e+00 1.2500e+01 3.6000e+00 6.3463e+01 4.6180e+00 2.0000e-02 7.7000e+00 1.0800e+01 3.7000e+00 6.3497e+01 3.6560e+00 2.9000e-02 7.7000e+00 1.1700e+01 2.6000e+00 5.5456e+01
3.5350e+00 8.5000e-02 7.4000e+00 8.0000e+00 2.4000e+00 6.0467e+01 4.5450e+00 8.5000e-02 7.4000e+00 7.6000e+00 2.4000e+00 5.9433e+01 4.6180e+00 2.0000e-02 7.7000e+00 1.0800e+01 3.7000e+00 6.3497e+01 3.6560e+00 2.9000e-02 7.7000e+00 1.1700e+01 2.6000e+00 5.5456e+01 3.4810e+00 2.4000e-02 7.8000e+00 1.0000e+01 1.8000e+00 5.8509e+01
2.7400e+00 3.0000e-02 7.4000e+00 1.0200e+01 1.3000e+00 5.6348e+01 3.5890e+00 8.8000e-02 7.3000e+00 8.2000e+00 1.8000e+00 4.8339e+01 3.6560e+00 2.9000e-02 7.7000e+00 1.1700e+01 2.6000e+00 5.5456e+01 3.4810e+00 2.4000e-02 7.8000e+00 1.0000e+01 1.8000e+00 5.8509e+01 3.5940e+00 3.8000e-02 7.9000e+00 9.6000e+00 1.9000e+00 6.3768e+01
3.4420e+00 6.0000e-02 7.5000e+00 6.5000e+00 1.5000e+00 5.4387e+01 2.9640e+00 4.9000e-02 7.5000e+00 9.7000e+00 1.2000e+00 5.3852e+01 3.4810e+00 2.4000e-02 7.8000e+00 1.0000e+01 1.8000e+00 5.8509e+01 3.5940e+00 3.8000e-02 7.9000e+00 9.6000e+00 1.9000e+00 6.3768e+01 3.2560e+00 6.1000e-02 7.8000e+00 8.5000e+00 2.2000e+00 6.5048e+01
4.7340e+00 6.4000e-02 7.4000e+00 7.2000e+00 1.7000e+00 6.0467e+01 4.1850e+00 2.4000e-02 7.9000e+00 9.7000e+00 1.7000e+00 6.1570e+01 3.5940e+00 3.8000e-02 7.9000e+00 9.6000e+00 1.9000e+00 6.3768e+01 3.2560e+00 6.1000e-02 7.8000e+00 8.5000e+00 2.2000e+00 6.5048e+01 3.9760e+00 4.6000e-02 8.0000e+00 9.3000e+00 1.5000e+00 6.3633e+01
4.3930e+00 8.2000e-02 7.5000e+00 7.8000e+00 2.1000e+00 6.0278e+01 4.9500e+00 3.7000e-02 7.9000e+00 9.5000e+00 1.4000e+00 5.6766e+01 3.2560e+00 6.1000e-02 7.8000e+00 8.5000e+00 2.2000e+00 6.5048e+01 3.9760e+00 4.6000e-02 8.0000e+00 9.3000e+00 1.5000e+00 6.3633e+01 4.4740e+00 4.2000e-02 8.0000e+00 9.5000e+00 1.6000e+00 6.0923e+01
6.0310e+00 6.7000e-02 7.7000e+00 9.3000e+00 1.2000e+00 4.6773e+01 5.1180e+00 3.7000e-02 8.2000e+00 1.0600e+01 1.1000e+00 5.0876e+01 3.9760e+00 4.6000e-02 8.0000e+00 9.3000e+00 1.5000e+00 6.3633e+01 4.4740e+00 4.2000e-02 8.0000e+00 9.5000e+00 1.6000e+00 6.0923e+01 4.3730e+00 2.3000e-02 7.5000e+00 1.0700e+01 1.2000e+00 5.1822e+01
5.9580e+00 4.8000e-02 7.8000e+00 1.1200e+01 1.6000e+00 4.5135e+01 5.9330e+00 3.1000e-02 8.1000e+00 1.2700e+01 1.6000e+00 5.1242e+01 4.4740e+00 4.2000e-02 8.0000e+00 9.5000e+00 1.6000e+00 6.0923e+01 4.3730e+00 2.3000e-02 7.5000e+00 1.0700e+01 1.2000e+00 5.1822e+01 4.5370e+00 2.2000e-02 7.9000e+00 1.3000e+01 1.4000e+00 4.8499e+01
6.5570e+00 3.4000e-02 7.8000e+00 1.3300e+01 1.5000e+00 4.8012e+01 6.4570e+00 2.2000e-02 8.1000e+00 1.2300e+01 1.5000e+00 4.9548e+01 4.5370e+00 2.2000e-02 7.9000e+00 1.3000e+01 1.4000e+00 4.8499e+01 4.4400e+00 5.1000e-02 7.8000e+00 1.0400e+01 1.9000e+00 4.9548e+01 5.8360e+00 2.0000e-02 8.0000e+00 1.2600e+01 2.1000e+00 5.5762e+01
5.8100e+00 2.0000e-02 7.6000e+00 1.2700e+01 3.7000e+00 6.8073e+01 5.7250e+00 3.1000e-02 7.6000e+00 1.2500e+01 3.6000e+00 6.3463e+01 4.4400e+00 5.1000e-02 7.8000e+00 1.0400e+01 1.9000e+00 4.9548e+01 5.8360e+00 2.0000e-02 8.0000e+00 1.2600e+01 2.1000e+00 5.5762e+01 5.6140e+00 2.5000e-02 7.8000e+00 1.1400e+01 3.2000e+00 6.3933e+01
4.5930e+00 2.9000e-02 7.6000e+00 9.8000e+00 3.2000e+00 6.3497e+01 4.6180e+00 2.0000e-02 7.7000e+00 1.0800e+01 3.7000e+00 6.3497e+01 5.8360e+00 2.0000e-02 8.0000e+00 1.2600e+01 2.1000e+00 5.5762e+01 5.6140e+00 2.5000e-02 7.8000e+00 1.1400e+01 3.2000e+00 6.3933e+01 4.1000e+00 1.4000e-02 8.1000e+00 1.1800e+01 2.4000e+00 6.1187e+01
4.8540e+00 3.9000e-02 7.5000e+00 8.0000e+00 2.4000e+00 5.8678e+01 3.6560e+00 2.9000e-02 7.7000e+00 1.1700e+01 2.6000e+00 5.5456e+01 5.6140e+00 2.5000e-02 7.8000e+00 1.1400e+01 3.2000e+00 6.3933e+01 4.1000e+00 1.4000e-02 8.1000e+00 1.1800e+01 2.4000e+00 6.1187e+01 3.7580e+00 3.5000e-02 8.1000e+00 9.1000e+00 3.2000e+00 6.2674e+01
4.5450e+00 8.5000e-02 7.4000e+00 7.6000e+00 2.4000e+00 5.9433e+01 3.4810e+00 2.4000e-02 7.8000e+00 1.0000e+01 1.8000e+00 5.8509e+01 4.1000e+00 1.4000e-02 8.1000e+00 1.1800e+01 2.4000e+00 6.1187e+01 3.7580e+00 3.5000e-02 8.1000e+00 9.1000e+00 3.2000e+00 6.2674e+01 3.8500e+00 3.8000e-02 7.9000e+00 8.0000e+00 2.5000e+00 6.1486e+01
3.5890e+00 8.8000e-02 7.3000e+00 8.2000e+00 1.8000e+00 4.8339e+01 3.5940e+00 3.8000e-02 7.9000e+00 9.6000e+00 1.9000e+00 6.3768e+01 3.7580e+00 3.5000e-02 8.1000e+00 9.1000e+00 3.2000e+00 6.2674e+01 3.8500e+00 3.8000e-02 7.9000e+00 8.0000e+00 2.5000e+00 6.1486e+01 3.6500e+00 6.5000e-02 7.7000e+00 6.9000e+00 2.4000e+00 6.1274e+01
2.9640e+00 4.9000e-02 7.5000e+00 9.7000e+00 1.2000e+00 5.3852e+01 3.2560e+00 6.1000e-02 7.8000e+00 8.5000e+00 2.2000e+00 6.5048e+01 3.8500e+00 3.8000e-02 7.9000e+00 8.0000e+00 2.5000e+00 6.1486e+01 3.6500e+00 6.5000e-02 7.7000e+00 6.9000e+00 2.4000e+00 6.1274e+01 3.5240e+00 5.8000e-02 7.7000e+00 8.5000e+00 1.7000e+00 5.8278e+01
4.1850e+00 2.4000e-02 7.9000e+00 9.7000e+00 1.7000e+00 6.1570e+01 3.9760e+00 4.6000e-02 8.0000e+00 9.3000e+00 1.5000e+00 6.3633e+01 3.6500e+00 6.5000e-02 7.7000e+00 6.9000e+00 2.4000e+00 6.1274e+01 3.5240e+00 5.8000e-02 7.7000e+00 8.5000e+00 1.7000e+00 5.8278e+01 3.6160e+00 4.9000e-02 7.9000e+00 8.1000e+00 2.0000e+00 6.2216e+01
4.9500e+00 3.7000e-02 7.9000e+00 9.5000e+00 1.4000e+00 5.6766e+01 4.4740e+00 4.2000e-02 8.0000e+00 9.5000e+00 1.6000e+00 6.0923e+01 3.5240e+00 5.8000e-02 7.7000e+00 8.5000e+00 1.7000e+00 5.8278e+01 3.6160e+00 4.9000e-02 7.9000e+00 8.1000e+00 2.0000e+00 6.2216e+01 4.8760e+00 3.5000e-02 7.9000e+00 8.8000e+00 1.9000e+00 5.9890e+01
5.1180e+00 3.7000e-02 8.2000e+00 1.0600e+01 1.1000e+00 5.0876e+01 4.3730e+00 2.3000e-02 7.5000e+00 1.0700e+01 1.2000e+00 5.1822e+01 3.6160e+00 4.9000e-02 7.9000e+00 8.1000e+00 2.0000e+00 6.2216e+01 4.8760e+00 3.5000e-02 7.9000e+00 8.8000e+00 1.9000e+00 5.9890e+01 5.2100e+00 4.9000e-02 8.0000e+00 9.4000e+00 1.5000e+00 5.0876e+01
5.9330e+00 3.1000e-02 8.1000e+00 1.2700e+01 1.6000e+00 5.1242e+01 4.5370e+00 2.2000e-02 7.9000e+00 1.3000e+01 1.4000e+00 4.8499e+01 4.8760e+00 3.5000e-02 7.9000e+00 8.8000e+00 1.9000e+00 5.9890e+01 5.2100e+00 4.9000e-02 8.0000e+00 9.4000e+00 1.5000e+00 5.0876e+01 5.5630e+00 3.8000e-02 8.4000e+00 1.3400e+01 1.0000e+00 4.3951e+01
6.2610e+00 2.7000e-02 8.1000e+00 1.2400e+01 1.2000e+00 4.2890e+01 4.4400e+00 5.1000e-02 7.8000e+00 1.0400e+01 1.9000e+00 4.9548e+01 5.2100e+00 4.9000e-02 8.0000e+00 9.4000e+00 1.5000e+00 5.0876e+01 5.5630e+00 3.8000e-02 8.4000e+00 1.3400e+01 1.0000e+00 4.3951e+01 5.0330e+00 2.5000e-02 8.1000e+00 1.3800e+01 1.1000e+00 4.8339e+01
6.4570e+00 2.2000e-02 8.1000e+00 1.2300e+01 1.5000e+00 4.9548e+01 5.8360e+00 2.0000e-02 8.0000e+00 1.2600e+01 2.1000e+00 5.5762e+01 5.5630e+00 3.8000e-02 8.4000e+00 1.3400e+01 1.0000e+00 4.3951e+01 5.0330e+00 2.5000e-02 8.1000e+00 1.3800e+01 1.1000e+00 4.8339e+01 5.6980e+00 1.5000e-02 8.0000e+00 1.3200e+01 2.1000e+00 5.8394e+01
5.7250e+00 3.1000e-02 7.6000e+00 1.2500e+01 3.6000e+00 6.3463e+01 5.6140e+00 2.5000e-02 7.8000e+00 1.1400e+01 3.2000e+00 6.3933e+01 5.0330e+00 2.5000e-02 8.1000e+00 1.3800e+01 1.1000e+00 4.8339e+01 5.6980e+00 1.5000e-02 8.0000e+00 1.3200e+01 2.1000e+00 5.8394e+01 4.7510e+00 2.3000e-02 8.2000e+00 1.1600e+01 2.7000e+00 6.6233e+01
4.6180e+00 2.0000e-02 7.7000e+00 1.0800e+01 3.7000e+00 6.3497e+01 4.1000e+00 1.4000e-02 8.1000e+00 1.1800e+01 2.4000e+00 6.1187e+01 5.6980e+00 1.5000e-02 8.0000e+00 1.3200e+01 2.1000e+00 5.8394e+01 4.7510e+00 2.3000e-02 8.2000e+00 1.1600e+01 2.7000e+00 6.6233e+01 4.6200e+00 2.3000e-02 8.7000e+00 1.1600e+01 3.6000e+00 7.0331e+01
6.4780e+00 3.1000e-02 8.0000e+00 1.3000e+01 1.4000e+00 4.8499e+01 6.2610e+00 2.7000e-02 8.1000e+00 1.2400e+01 1.2000e+00 4.2890e+01 4.3730e+00 2.3000e-02 7.5000e+00 1.0700e+01 1.2000e+00 5.1822e+01 4.5370e+00 2.2000e-02 7.9000e+00 1.3000e+01 1.4000e+00 4.8499e+01 4.4400e+00 5.1000e-02 7.8000e+00 1.0400e+01 1.9000e+00 4.9548e+01
