4.4400e+00 5.1000e-02 7.8000e+00 1.0400e+01 1.9000e+00 4.9548e+01 3.7200e+00 1.0000e-02 8.6000e+00 1.5400e+01 1.7000e+00 4.9548e+01 4.4960e+00 1.9000e-02 8.1000e+00 1.3200e+01 1.0000e+00 3.7878e+01 4.4560e+00 1.4000e-02 8.6000e+00 1.4100e+01 7.0000e-01 4.1045e+01 4.2800e+00 5.0000e-03 8.1000e+00 1.6000e+01 9.0000e-01 4.3166e+01
4.4400e+00 5.1000e-02 7.8000e+00 1.0400e+01 1.9000e+00 4.9548e+01 3.8400e+00 1.0000e-02 7.9000e+00 1.5500e+01 1.1000e+00 5.1360e+01 4.4560e+00 1.4000e-02 8.6000e+00 1.4100e+01 7.0000e-01 4.1045e+01 4.2800e+00 5.0000e-03 8.1000e+00 1.6000e+01 9.0000e-01 4.3166e+01 5.5440e+00 1.9000e-02 8.1000e+00 1.4900e+01 1.6000e+00 4.5135e+01
4.4400e+00 5.1000e-02 7.8000e+00 1.0400e+01 1.9000e+00 4.9548e+01 3.6480e+00 1.9000e-02 8.1000e+00 1.6300e+01 1.9000e+00 6.1570e+01 4.2800e+00 5.0000e-03 8.1000e+00 1.6000e+01 9.0000e-01 4.3166e+01 5.5440e+00 1.9000e-02 8.1000e+00 1.4900e+01 1.6000e+00 4.5135e+01 3.5600e+00 1.4000e-02 8.3000e+00 1.3600e+01 1.5000e+00 3.4578e+01
4.4400e+00 5.1000e-02 7.8000e+00 1.0400e+01 1.9000e+00 4.9548e+01 2.8720e+00 1.0000e-02 8.2000e+00 1.4100e+01 1.6000e+00 4.5355e+01 5.5440e+00 1.9000e-02 8.1000e+00 1.4900e+01 1.6000e+00 4.5135e+01 3.5600e+00 1.4000e-02 8.3000e+00 1.3600e+01 1.5000e+00 3.4578e+01 2.7600e+00 0.0000e+00 8.5000e+00 1.0300e+01 1.2000e+00 4.3435e+01
5.0040e+00 2.4000e-02 7.9000e+00 9.4000e+00 1.1000e+00 4.9548e+01 3.0180e+00 1.0000e-02 8.9000e+00 1.7800e+01 1.6000e+00 4.2312e+01 3.5600e+00 1.4000e-02 8.3000e+00 1.3600e+01 1.5000e+00 3.4578e+01 2.7600e+00 0.0000e+00 8.5000e+00 1.0300e+01 1.2000e+00 4.3435e+01 3.2160e+00 1.4000e-02 7.8000e+00 1.4000e+01 7.0000e-01 4.8177e+01
3.7560e+00 1.9000e-02 7.9000e+00 1.0700e+01 1.5000e+00 4.2011e+01 2.3810e+00 5.0000e-03 8.9000e+00 1.4700e+01 1.2000e+00 4.6389e+01 2.7600e+00 0.0000e+00 8.5000e+00 1.0300e+01 1.2000e+00 4.3435e+01 3.2160e+00 1.4000e-02 7.8000e+00 1.4000e+01 7.0000e-01 4.8177e+01 2.6240e+00 1.9000e-02 7.8000e+00 1.1100e+01 1.9000e+00 3.9188e+01
5.4600e+00 3.4000e-02 8.4000e+00 1.2800e+01 1.3000e+00 4.8012e+01 4.6220e+00 1.4000e-02 8.6000e+00 6.9000e+00 1.1000e+00 4.6389e+01 3.2160e+00 1.4000e-02 7.8000e+00 1.4000e+01 7.0000e-01 4.8177e+01 2.6240e+00 1.9000e-02 7.8000e+00 1.1100e+01 1.9000e+00 3.9188e+01 5.0720e+00 7.7000e-02 8.1000e+00 1.0200e+01 5.0000e-01 4.6389e+01
4.6800e+00 6.2000e-02 9.3000e+00 1.1400e+01 3.6000e+00 5.8041e+01 3.4510e+00 5.0000e-03 8.5000e+00 1.3100e+01 1.0000e+00 5.2788e+01 2.6240e+00 1.9000e-02 7.8000e+00 1.1100e+01 1.9000e+00 3.9188e+01 5.0720e+00 7.7000e-02 8.1000e+00 1.0200e+01 5.0000e-01 4.6389e+01 4.6320e+00 5.3000e-02 8.3000e+00 1.2200e+01 1.5000e+00 4.3696e+01
4.3440e+00 6.7000e-02 8.7000e+00 1.2800e+01 1.4000e+00 5.1934e+01 4.0130e+00 8.6000e-02 8.1000e+00 9.2000e+00 8.0000e-01 4.1699e+01 5.0720e+00 7.7000e-02 8.1000e+00 1.0200e+01 5.0000e-01 4.6389e+01 4.6320e+00 5.3000e-02 8.3000e+00 1.2200e+01 1.5000e+00 4.3696e+01 3.6000e+00 1.4000e-02 7.8000e+00 1.4100e+01 3.0000e-01 4.7674e+01
4.0200e+00 1.9000e-02 7.9000e+00 9.7000e+00 1.4000e+00 2.9566e+01 4.3490e+00 1.4000e-02 8.1000e+00 1.2000e+01 1.3000e+00 3.6897e+01 4.6320e+00 5.3000e-02 8.3000e+00 1.2200e+01 1.5000e+00 4.3696e+01 3.6000e+00 1.4000e-02 7.8000e+00 1.4100e+01 3.0000e-01 4.7674e+01 4.0880e+00 1.9000e-02 7.7000e+00 1.2900e+01 1.4000e+00 4.9112e+01
3.0000e+00 3.0000e+00 8.0000e+00 1.3700e+01 1.4000e+00 3.8335e+01 4.4960e+00 1.9000e-02 8.1000e+00 1.3200e+01 1.0000e+00 3.7878e+01 3.6000e+00 1.4000e-02 7.8000e+00 1.4100e+01 3.0000e-01 4.7674e+01 4.0880e+00 1.9000e-02 7.7000e+00 1.2900e+01 1.4000e+00 4.9112e+01 4.0960e+00 1.4000e-02 7.9000e+00 1.0500e+01 2.4000e+00 3.3174e+01
3.9550e+00 5.0000e-03 8.1000e+00 1.6000e+01 1.2000e+00 4.3435e+01 4.4560e+00 1.4000e-02 8.6000e+00 1.4100e+01 7.0000e-01 4.1045e+01 4.0880e+00 1.9000e-02 7.7000e+00 1.2900e+01 1.4000e+00 4.9112e+01 4.0960e+00 1.4000e-02 7.9000e+00 1.0500e+01 2.4000e+00 3.3174e+01 2.9040e+00 1.4000e-02 6.9000e+00 1.2200e+01 3.0000e-01 4.0701e+01
3.7200e+00 1.0000e-02 8.6000e+00 1.5400e+01 1.7000e+00 4.9548e+01 4.2800e+00 5.0000e-03 8.1000e+00 1.6000e+01 9.0000e-01 4.3166e+01 4.0960e+00 1.4000e-02 7.9000e+00 1.0500e+01 2.4000e+00 3.3174e+01 2.9040e+00 1.4000e-02 6.9000e+00 1.2200e+01 3.0000e-01 4.0701e+01 3.0320e+00 1.4000e-02 6.7000e+00 1.3300e+01 7.0000e-01 3.4578e+01
3.8400e+00 1.0000e-02 7.9000e+00 1.5500e+01 1.1000e+00 5.1360e+01 5.5440e+00 1.9000e-02 8.1000e+00 1.4900e+01 1.6000e+00 4.5135e+01 2.9040e+00 1.4000e-02 6.9000e+00 1.2200e+01 3.0000e-01 4.0701e+01 3.0320e+00 1.4000e-02 6.7000e+00 1.3300e+01 7.0000e-01 3.4578e+01 3.2080e+00 5.0000e-03 6.3000e+00 1.1800e+01 2.6000e+00 3.7400e+01
3.6480e+00 1.9000e-02 8.1000e+00 1.6300e+01 1.9000e+00 6.1570e+01 3.5600e+00 1.4000e-02 8.3000e+00 1.3600e+01 1.5000e+00 3.4578e+01 3.0320e+00 1.4000e-02 6.7000e+00 1.3300e+01 7.0000e-01 3.4578e+01 3.2080e+00 5.0000e-03 6.3000e+00 1.1800e+01 2.6000e+00 3.7400e+01 2.4640e+00 0.0000e+00 6.9000e+00 1.2500e+01 5.0000e-01 5.0876e+01
2.8720e+00 1.0000e-02 8.2000e+00 1.4100e+01 1.6000e+00 4.5355e+01 2.7600e+00 0.0000e+00 8.5000e+00 1.0300e+01 1.2000e+00 4.3435e+01 3.2080e+00 5.0000e-03 6.3000e+00 1.1800e+01 2.6000e+00 3.7400e+01 2.4640e+00 0.0000e+00 6.9000e+00 1.2500e+01 5.0000e-01 5.0876e+01 1.7510e+00 0.0000e+00 6.9000e+00 1.8800e+01 1.4000e+00 4.1045e+01
3.0180e+00 1.0000e-02 8.9000e+00 1.7800e+01 1.6000e+00 4.2312e+01 3.2160e+00 1.4000e-02 7.8000e+00 1.4000e+01 7.0000e-01 4.8177e+01 2.4640e+00 0.0000e+00 6.9000e+00 1.2500e+01 5.0000e-01 5.0876e+01 1.7510e+00 0.0000e+00 6.9000e+00 1.8800e+01 1.4000e+00 4.1045e+01 1.7760e+00 6.0000e-03 7.0000e+00 1.1900e+01 2.9000e+00 5.1360e+01
2.3810e+00 5.0000e-03 8.9000e+00 1.4700e+01 1.2000e+00 4.6389e+01 2.6240e+00 1.9000e-02 7.8000e+00 1.1100e+01 1.9000e+00 3.9188e+01 1.7510e+00 0.0000e+00 6.9000e+00 1.8800e+01 1.4000e+00 4.1045e+01 1.7760e+00 6.0000e-03 7.0000e+00 1.1900e+01 2.9000e+00 5.1360e+01 1.6430e+00 4.3000e-02 7.1000e+00 8.2000e+00 1.0000e+00 5.0751e+01
4.6220e+00 1.4000e-02 8.6000e+00 6.9000e+00 1.1000e+00 4.6389e+01 5.0720e+00 7.7000e-02 8.1000e+00 1.0200e+01 5.0000e-01 4.6389e+01 1.7760e+00 6.0000e-03 7.0000e+00 1.1900e+01 2.9000e+00 5.1360e+01 1.6430e+00 4.3000e-02 7.1000e+00 8.2000e+00 1.0000e+00 5.0751e+01 1.4490e+00 2.0000e-03 7.2000e+00 1.0800e+01 9.0000e-01 5.8955e+01
3.4510e+00 5.0000e-03 8.5000e+00 1.3100e+01 1.0000e+00 5.2788e+01 4.6320e+00 5.3000e-02 8.3000e+00 1.2200e+01 1.5000e+00 4.3696e+01 1.6430e+00 4.3000e-02 7.1000e+00 8.2000e+00 1.0000e+00 5.0751e+01 1.4490e+00 2.0000e-03 7.2000e+00 1.0800e+01 9.0000e-01 5.8955e+01 3.6010e+00 1.8000e-02 7.5000e+00 1.1000e+01 1.0000e+00 4.4442e+01
4.0130e+00 8.6000e-02 8.1000e+00 9.2000e+00 8.0000e-01 4.1699e+01 3.6000e+00 1.4000e-02 7.8000e+00 1.4100e+01 3.0000e-01 4.7674e+01 1.4490e+00 2.0000e-03 7.2000e+00 1.0800e+01 9.0000e-01 5.8955e+01 3.6010e+00 1.8000e-02 7.5000e+00 1.1000e+01 1.0000e+00 4.4442e+01 3.3650e+00 0.0000e+00 7.5000e+00 1.1200e+01 1.2000e+00 5.7296e+01
4.3490e+00 1.4000e-02 8.1000e+00 1.2000e+01 1.3000e+00 3.6897e+01 4.0880e+00 1.9000e-02 7.7000e+00 1.2900e+01 1.4000e+00 4.9112e+01 3.6010e+00 1.8000e-02 7.5000e+00 1.1000e+01 1.0000e+00 4.4442e+01 3.3650e+00 0.0000e+00 7.5000e+00 1.1200e+01 1.2000e+00 5.7296e+01 2.4600e+00 1.5000e-02 7.8000e+00 1.1300e+01 9.0000e-01 4.2011e+01
4.4960e+00 1.9000e-02 8.1000e+00 1.3200e+01 1.0000e+00 3.7878e+01 4.0960e+00 1.4000e-02 7.9000e+00 1.0500e+01 2.4000e+00 3.3174e+01 3.3650e+00 0.0000e+00 7.5000e+00 1.1200e+01 1.2000e+00 5.7296e+01 2.4600e+00 1.5000e-02 7.8000e+00 1.1300e+01 9.0000e-01 4.2011e+01 2.2280e+00 1.3000e-02 7.6000e+00 9.3000e+00 6.0000e-01 4.3951e+01
4.4560e+00 1.4000e-02 8.6000e+00 1.4100e+01 7.0000e-01 4.1045e+01 2.9040e+00 1.4000e-02 6.9000e+00 1.2200e+01 3.0000e-01 4.0701e+01 2.4600e+00 1.5000e-02 7.8000e+00 1.1300e+01 9.0000e-01 4.2011e+01 2.2280e+00 1.3000e-02 7.6000e+00 9.3000e+00 6.0000e-01 4.3951e+01 5.2260e+00 1.8000e-02 7.6000e+00 1.2300e+01 1.5000e+00 3.3901e+01
4.2800e+00 5.0000e-03 8.1000e+00 1.6000e+01 9.0000e-01 4.3166e+01 3.0320e+00 1.4000e-02 6.7000e+00 1.3300e+01 7.0000e-01 3.4578e+01 2.2280e+00 1.3000e-02 7.6000e+00 9.3000e+00 6.0000e-01 4.3951e+01 5.2260e+00 1.8000e-02 7.6000e+00 1.2300e+01 1.5000e+00 3.3901e+01 4.3380e+00 1.4000e-02 7.7000e+00 1.3900e+01 1.9000e+00 8.0116e+00
5.5440e+00 1.9000e-02 8.1000e+00 1.4900e+01 1.6000e+00 4.5135e+01 3.2080e+00 5.0000e-03 6.3000e+00 1.1800e+01 2.6000e+00 3.7400e+01 5.2260e+00 1.8000e-02 7.6000e+00 1.2300e+01 1.5000e+00 3.3901e+01 4.3380e+00 1.4000e-02 7.7000e+00 1.3900e+01 1.9000e+00 8.0116e+00 3.3160e+00 1.6000e-02 7.8000e+00 1.5700e+01 1.3000e+00 3.2389e+01
2.7600e+00 0.0000e+00 8.5000e+00 1.0300e+01 1.2000e+00 4.3435e+01 1.7510e+00 0.0000e+00 6.9000e+00 1.8800e+01 1.4000e+00 4.1045e+01 3.3160e+00 1.6000e-02 7.8000e+00 1.5700e+01 1.3000e+00 3.2389e+01 4.4400e+00 5.1000e-02 7.8000e+00 1.0400e+01 1.9000e+00 4.9548e+01 1.1390e+00 3.1000e-02 7.5000e+00 1.1700e+01 2.7000e+00 5.1360e+01
3.2160e+00 1.4000e-02 7.8000e+00 1.4000e+01 7.0000e-01 4.8177e+01 1.7760e+00 6.0000e-03 7.0000e+00 1.1900e+01 2.9000e+00 5.1360e+01 4.4400e+00 5.1000e-02 7.8000e+00 1.0400e+01 1.9000e+00 4.9548e+01 1.1390e+00 3.1000e-02 7.5000e+00 1.1700e+01 2.7000e+00 5.1360e+01 2.3720e+00 1.3000e-02 7.6000e+00 7.9000e+00 1.5000e+00 3.9589e+01
2.6240e+00 1.9000e-02 7.8000e+00 1.1100e+01 1.9000e+00 3.9188e+01 1.6430e+00 4.3000e-02 7.1000e+00 8.2000e+00 1.0000e+00 5.0751e+01 1.1390e+00 3.1000e-02 7.5000e+00 1.1700e+01 2.7000e+00 5.1360e+01 2.3720e+00 1.3000e-02 7.6000e+00 7.9000e+00 1.5000e+00 3.9589e+01 7.3000e-01 2.0000e-02 8.4000e+00 1.2000e+01 2.8000e+00 6.7429e+01
5.0720e+00 7.7000e-02 8.1000e+00 1.0200e+01 5.0000e-01 4.6389e+01 1.4490e+00 2.0000e-03 7.2000e+00 1.0800e+01 9.0000e-01 5.8955e+01 2.3720e+00 1.3000e-02 7.6000e+00 7.9000e+00 1.5000e+00 3.9589e+01 7.3000e-01 2.0000e-02 8.4000e+00 1.2000e+01 2.8000e+00 6.7429e+01 1.1350e+00 3.6000e-02 8.2000e+00 7.7000e+00 3.0000e+00 4.8339e+01
4.6320e+00 5.3000e-02 8.3000e+00 1.2200e+01 1.5000e+00 4.3696e+01 3.6010e+00 1.8000e-02 7.5000e+00 1.1000e+01 1.0000e+00 4.4442e+01 7.3000e-01 2.0000e-02 8.4000e+00 1.2000e+01 2.8000e+00 6.7429e+01 1.1350e+00 3.6000e-02 8.2000e+00 7.7000e+00 3.0000e+00 4.8339e+01 2.3670e+00 6.5000e-02 7.2000e+00 7.0000e+00 2.2000e+00 4.1377e+01
3.6000e+00 1.4000e-02 7.8000e+00 1.4100e+01 3.0000e-01 4.7674e+01 3.3650e+00 0.0000e+00 7.5000e+00 1.1200e+01 1.2000e+00 5.7296e+01 1.1350e+00 3.6000e-02 8.2000e+00 7.7000e+00 3.0000e+00 4.8339e+01 2.3670e+00 6.5000e-02 7.2000e+00 7.0000e+00 2.2000e+00 4.1377e+01 3.4860e+00 2.0000e-02 7.5000e+00 8.7000e+00 1.5000e+00 4.9548e+01
4.0880e+00 1.9000e-02 7.7000e+00 1.2900e+01 1.4000e+00 4.9112e+01 2.4600e+00 1.5000e-02 7.8000e+00 1.1300e+01 9.0000e-01 4.2011e+01 2.3670e+00 6.5000e-02 7.2000e+00 7.0000e+00 2.2000e+00 4.1377e+01 3.4860e+00 2.0000e-02 7.5000e+00 8.7000e+00 1.5000e+00 4.9548e+01 2.1070e+00 4.0000e-03 7.3000e+00 1.0800e+01 8.0000e-01 4.7144e+01
4.0960e+00 1.4000e-02 7.9000e+00 1.0500e+01 2.4000e+00 3.3174e+01 2.2280e+00 1.3000e-02 7.6000e+00 9.3000e+00 6.0000e-01 4.3951e+01 3.4860e+00 2.0000e-02 7.5000e+00 8.7000e+00 1.5000e+00 4.9548e+01 2.1070e+00 4.0000e-03 7.3000e+00 1.0800e+01 8.0000e-01 4.7144e+01 2.5690e+00 1.2000e-02 7.6000e+00 9.8000e+00 1.7000e+00 4.8810e+01
2.9040e+00 1.4000e-02 6.9000e+00 1.2200e+01 3.0000e-01 4.0701e+01 5.2260e+00 1.8000e-02 7.6000e+00 1.2300e+01 1.5000e+00 3.3901e+01 2.1070e+00 4.0000e-03 7.3000e+00 1.0800e+01 8.0000e-01 4.7144e+01 2.5690e+00 1.2000e-02 7.6000e+00 9.8000e+00 1.7000e+00 4.8810e+01 3.4200e+00 1.4000e-02 7.8000e+00 1.1900e+01 1.4000e+00 2.7101e+01
3.0320e+00 1.4000e-02 6.7000e+00 1.3300e+01 7.0000e-01 3.4578e+01 4.3380e+00 1.4000e-02 7.7000e+00 1.3900e+01 1.9000e+00 8.0116e+00 2.5690e+00 1.2000e-02 7.6000e+00 9.8000e+00 1.7000e+00 4.8810e+01 3.4200e+00 1.4000e-02 7.8000e+00 1.1900e+01 1.4000e+00 2.7101e+01 3.5920e+00 6.0000e-03 7.6000e+00 1.3500e+01 1.0000e+00 4.2890e+01
3.2080e+00 5.0000e-03 6.3000e+00 1.1800e+01 2.6000e+00 3.7400e+01 3.3160e+00 1.6000e-02 7.8000e+00 1.5700e+01 1.3000e+00 3.2389e+01 3.4200e+00 1.4000e-02 7.8000e+00 1.1900e+01 1.4000e+00 2.7101e+01 3.5920e+00 6.0000e-03 7.6000e+00 1.3500e+01 1.0000e+00 4.2890e+01 3.9830e+00 7.0000e-03 7.6000e+00 1.2000e+01 1.1000e+00 3.6366e+01
2.4640e+00 0.0000e+00 6.9000e+00 1.2500e+01 5.0000e-01 5.0876e+01 4.4400e+00 5.1000e-02 7.8000e+00 1.0400e+01 1.9000e+00 4.9548e+01 3.5920e+00 6.0000e-03 7.6000e+00 1.3500e+01 1.0000e+00 4.2890e+01 3.9830e+00 7.0000e-03 7.6000e+00 1.2000e+01 1.1000e+00 3.6366e+01 3.5440e+00 2.2000e-02 7.4000e+00 1.1400e+01 9.0000e-01 2.8411e+01
1.7510e+00 0.0000e+00 6.9000e+00 1.8800e+01 1.4000e+00 4.1045e+01 1.1390e+00 3.1000e-02 7.5000e+00 1.1700e+01 2.7000e+00 5.1360e+01 3.9830e+00 7.0000e-03 7.6000e+00 1.2000e+01 1.1000e+00 3.6366e+01 3.5440e+00 2.2000e-02 7.4000e+00 1.1400e+01 9.0000e-01 2.8411e+01 3.0530e+00 9.0000e-03 7.7000e+00 1.3700e+01 1.2000e+00 5.5456e+01
1.7760e+00 6.0000e-03 7.0000e+00 1.1900e+01 2.9000e+00 5.1360e+01 2.3720e+00 1.3000e-02 7.6000e+00 7.9000e+00 1.5000e+00 3.9589e+01 3.5440e+00 2.2000e-02 7.4000e+00 1.1400e+01 9.0000e-01 2.8411e+01 3.0530e+00 9.0000e-03 7.7000e+00 1.3700e+01 1.2000e+00 5.5456e+01 3.1680e+00 3.3000e-02 7.8000e+00 1.2800e+01 1.2000e+00 4.2312e+01
1.6430e+00 4.3000e-02 7.1000e+00 8.2000e+00 1.0000e+00 5.0751e+01 7.3000e-01 2.0000e-02 8.4000e+00 1.2000e+01 2.8000e+00 6.7429e+01 3.0530e+00 9.0000e-03 7.7000e+00 1.3700e+01 1.2000e+00 5.5456e+01 3.1680e+00 3.3000e-02 7.8000e+00 1.2800e+01 1.2000e+00 4.2312e+01 2.3720e+00 8.0000e-03 7.8000e+00 1.4100e+01 6.0000e-01 4.9966e+01
1.4490e+00 2.0000e-03 7.2000e+00 1.0800e+01 9.0000e-01 5.8955e+01 1.1350e+00 3.6000e-02 8.2000e+00 7.7000e+00 3.0000e+00 4.8339e+01 3.1680e+00 3.3000e-02 7.8000e+00 1.2800e+01 1.2000e+00 4.2312e+01 2.3720e+00 8.0000e-03 7.8000e+00 1.4100e+01 6.0000e-01 4.9966e+01 4.0290e+00 4.6000e-02 7.8000e+00 1.6000e+01 1.1000e+00 5.1594e+01
3.6010e+00 1.8000e-02 7.5000e+00 1.1000e+01 1.0000e+00 4.4442e+01 2.3670e+00 6.5000e-02 7.2000e+00 7.0000e+00 2.2000e+00 4.1377e+01 2.3720e+00 8.0000e-03 7.8000e+00 1.4100e+01 6.0000e-01 4.9966e+01 4.0290e+00 4.6000e-02 7.8000e+00 1.6000e+01 1.1000e+00 5.1594e+01 4.2970e+00 4.5000e-02 7.7000e+00 1.3500e+01 1.1000e+00 5.2045e+01
3.3650e+00 0.0000e+00 7.5000e+00 1.1200e+01 1.2000e+00 5.7296e+01 3.4860e+00 2.0000e-02 7.5000e+00 8.7000e+00 1.5000e+00 4.9548e+01 4.0290e+00 4.6000e-02 7.8000e+00 1.6000e+01 1.1000e+00 5.1594e+01 4.2970e+00 4.5000e-02 7.7000e+00 1.3500e+01 1.1000e+00 5.2045e+01 4.9940e+00 6.7000e-02 7.7000e+00 9.9000e+00 3.3000e+00 4.0701e+01
2.4600e+00 1.5000e-02 7.8000e+00 1.1300e+01 9.0000e-01 4.2011e+01 2.1070e+00 4.0000e-03 7.3000e+00 1.0800e+01 8.0000e-01 4.7144e+01 4.2970e+00 4.5000e-02 7.7000e+00 1.3500e+01 1.1000e+00 5.2045e+01 4.9940e+00 6.7000e-02 7.7000e+00 9.9000e+00 3.3000e+00 4.0701e+01 3.8920e+00 3.2000e-02 7.6000e+00 8.5000e+00 1.2000e+00 1.4811e+01
2.2280e+00 1.3000e-02 7.6000e+00 9.3000e+00 6.0000e-01 4.3951e+01 2.5690e+00 1.2000e-02 7.6000e+00 9.8000e+00 1.7000e+00 4.8810e+01 4.9940e+00 6.7000e-02 7.7000e+00 9.9000e+00 3.3000e+00 4.0701e+01 3.8920e+00 3.2000e-02 7.6000e+00 8.5000e+00 1.2000e+00 1.4811e+01 5.1210e+00 4.0000e-02 7.5000e+00 1.2500e+01 1.0000e+00 3.0600e+01
5.2260e+00 1.8000e-02 7.6000e+00 1.2300e+01 1.5000e+00 3.3901e+01 3.4200e+00 1.4000e-02 7.8000e+00 1.1900e+01 1.4000e+00 2.7101e+01 3.8920e+00 3.2000e-02 7.6000e+00 8.5000e+00 1.2000e+00 1.4811e+01 5.1210e+00 4.0000e-02 7.5000e+00 1.2500e+01 1.0000e+00 3.0600e+01 5.5700e+00 4.8000e-02 7.7000e+00 1.3300e+01 4.0000e-01 3.7400e+01
4.3380e+00 1.4000e-02 7.7000e+00 1.3900e+01 1.9000e+00 8.0116e+00 3.5920e+00 6.0000e-03 7.6000e+00 1.3500e+01 1.0000e+00 4.2890e+01 5.1210e+00 4.0000e-02 7.5000e+00 1.2500e+01 1.0000e+00 3.0600e+01 5.5700e+00 4.8000e-02 7.7000e+00 1.3300e+01 4.0000e-01 3.7400e+01 5.5200e+00 1.1000e-02 7.4000e+00 1.4000e+01 4.0000e-01 3.8771e+01
3.3160e+00 1.6000e-02 7.8000e+00 1.5700e+01 1.3000e+00 3.2389e+01 3.9830e+00 7.0000e-03 7.6000e+00 1.2000e+01 1.1000e+00 3.6366e+01 5.5700e+00 4.8000e-02 7.7000e+00 1.3300e+01 4.0000e-01 3.7400e+01 5.5200e+00 1.1000e-02 7.4000e+00 1.4000e+01 4.0000e-01 3.8771e+01 5.7010e+00 1.7000e-02 7.6000e+00 1.4300e+01 1.4000e+00 3.5805e+01
4.4400e+00 5.1000e-02 7.8000e+00 1.0400e+01 1.9000e+00 4.9548e+01 3.5440e+00 2.2000e-02 7.4000e+00 1.1400e+01 9.0000e-01 2.8411e+01 5.5200e+00 1.1000e-02 7.4000e+00 1.4000e+01 4.0000e-01 3.8771e+01 5.7010e+00 1.7000e-02 7.6000e+00 1.4300e+01 1.4000e+00 3.5805e+01 4.9340e+00 5.0000e-03 7.7000e+00 1.5100e+01 1.7000e+00 5.0496e+01
1.1390e+00 3.1000e-02 7.5000e+00 1.1700e+01 2.7000e+00 5.1360e+01 3.0530e+00 9.0000e-03 7.7000e+00 1.3700e+01 1.2000e+00 5.5456e+01 5.7010e+00 1.7000e-02 7.6000e+00 1.4300e+01 1.4000e+00 3.5805e+01 4.9340e+00 5.0000e-03 7.7000e+00 1.5100e+01 1.7000e+00 5.0496e+01 4.0210e+00 9.0000e-03 7.7000e+00 1.3900e+01 9.0000e-01 3.9974e+01
2.3720e+00 1.3000e-02 7.6000e+00 7.9000e+00 1.5000e+00 3.9589e+01 3.1680e+00 3.3000e-02 7.8000e+00 1.2800e+01 1.2000e+00 4.2312e+01 4.9340e+00 5.0000e-03 7.7000e+00 1.5100e+01 1.7000e+00 5.0496e+01 4.0210e+00 9.0000e-03 7.7000e+00 1.3900e+01 9.0000e-01 3.9974e+01 4.2420e+00 6.0000e-03 7.5000e+00 1.8600e+01 1.0000e+00 4.6190e+01
7.3000e-01 2.0000e-02 8.4000e+00 1.2000e+01 2.8000e+00 6.7429e+01 2.3720e+00 8.0000e-03 7.8000e+00 1.4100e+01 6.0000e-01 4.9966e+01 4.0210e+00 9.0000e-03 7.7000e+00 1.3900e+01 9.0000e-01 3.9974e+01 4.2420e+00 6.0000e-03 7.5000e+00 1.8600e+01 1.0000e+00 4.6190e+01 2.7430e+00 7.0000e-03 8.1000e+00 1.7800e+01 1.5000e+00 4.5135e+01
1.1350e+00 3.6000e-02 8.2000e+00 7.7000e+00 3.0000e+00 4.8339e+01 4.0290e+00 4.6000e-02 7.8000e+00 1.6000e+01 1.1000e+00 5.1594e+01 4.2420e+00 6.0000e-03 7.5000e+00 1.8600e+01 1.0000e+00 4.6190e+01 2.7430e+00 7.0000e-03 8.1000e+00 1.7800e+01 1.5000e+00 4.5135e+01 3.3620e+00 2.8000e-02 7.5000e+00 1.1100e+01 8.0000e-01 4.6190e+01
2.3670e+00 6.5000e-02 7.2000e+00 7.0000e+00 2.2000e+00 4.1377e+01 4.2970e+00 4.5000e-02 7.7000e+00 1.3500e+01 1.1000e+00 5.2045e+01 2.7430e+00 7.0000e-03 8.1000e+00 1.7800e+01 1.5000e+00 4.5135e+01 3.3620e+00 2.8000e-02 7.5000e+00 1.1100e+01 8.0000e-01 4.6190e+01 5.1570e+00 7.6000e-02 7.5000e+00 1.1800e+01 1.0000e+00 3.5211e+01
3.4860e+00 2.0000e-02 7.5000e+00 8.7000e+00 1.5000e+00 4.9548e+01 4.9940e+00 6.7000e-02 7.7000e+00 9.9000e+00 3.3000e+00 4.0701e+01 3.3620e+00 2.8000e-02 7.5000e+00 1.1100e+01 8.0000e-01 4.6190e+01 5.1570e+00 7.6000e-02 7.5000e+00 1.1800e+01 1.0000e+00 3.5211e+01 4.6650e+00 6.0000e-02 8.8000e+00 1.4200e+01 2.3000e+00 5.3090e+01
2.1070e+00 4.0000e-03 7.3000e+00 1.0800e+01 8.0000e-01 4.7144e+01 3.8920e+00 3.2000e-02 7.6000e+00 8.5000e+00 1.2000e+00 1.4811e+01 5.1570e+00 7.6000e-02 7.5000e+00 1.1800e+01 1.0000e+00 3.5211e+01 4.6650e+00 6.0000e-02 8.8000e+00 1.4200e+01 2.3000e+00 5.3090e+01 2.8250e+00 3.3000e-02 8.2000e+00 1.1600e+01 3.7000e+00 4.9112e+01
2.5690e+00 1.2000e-02 7.6000e+00 9.8000e+00 1.7000e+00 4.8810e+01 5.1210e+00 4.0000e-02 7.5000e+00 1.2500e+01 1.0000e+00 3.0600e+01 4.6650e+00 6.0000e-02 8.8000e+00 1.4200e+01 2.3000e+00 5.3090e+01 2.8250e+00 3.3000e-02 8.2000e+00 1.1600e+01 3.7000e+00 4.9112e+01 3.5370e+00 1.2000e-02 7.6000e+00 1.1000e+01 3.1000e+00 3.9188e+01
3.4200e+00 1.4000e-02 7.8000e+00 1.1900e+01 1.4000e+00 2.7101e+01 5.5700e+00 4.8000e-02 7.7000e+00 1.3300e+01 4.0000e-01 3.7400e+01 2.8250e+00 3.3000e-02 8.2000e+00 1.1600e+01 3.7000e+00 4.9112e+01 3.5370e+00 1.2000e-02 7.6000e+00 1.1000e+01 3.1000e+00 3.9188e+01 4.5870e+00 2.2000e-02 7.5000e+00 1.5200e+01 1.6000e+00 1.8789e+01
3.5920e+00 6.0000e-03 7.6000e+00 1.3500e+01 1.0000e+00 4.2890e+01 5.5200e+00 1.1000e-02 7.4000e+00 1.4000e+01 4.0000e-01 3.8771e+01 3.5370e+00 1.2000e-02 7.6000e+00 1.1000e+01 3.1000e+00 3.9188e+01 4.5870e+00 2.2000e-02 7.5000e+00 1.5200e+01 1.6000e+00 1.8789e+01 4.2210e+00 2.6000e-02 7.6000e+00 1.1900e+01 1.8000e+00 2.3800e+01
3.9830e+00 7.0000e-03 7.6000e+00 1.2000e+01 1.1000e+00 3.6366e+01 5.7010e+00 1.7000e-02 7.6000e+00 1.4300e+01 1.4000e+00 3.5805e+01 4.5870e+00 2.2000e-02 7.5000e+00 1.5200e+01 1.6000e+00 1.8789e+01 4.2210e+00 2.6000e-02 7.6000e+00 1.1900e+01 1.8000e+00 2.3800e+01 4.4480e+00 1.0000e-02 7.5000e+00 1.3500e+01 1.0000e+00 4.1699e+01
3.5440e+00 2.2000e-02 7.4000e+00 1.1400e+01 9.0000e-01 2.8411e+01 4.9340e+00 5.0000e-03 7.7000e+00 1.5100e+01 1.7000e+00 5.0496e+01 4.2210e+00 2.6000e-02 7.6000e+00 1.1900e+01 1.8000e+00 2.3800e+01 4.4480e+00 1.0000e-02 7.5000e+00 1.3500e+01 1.0000e+00 4.1699e+01 4.0740e+00 2.6000e-02 7.4000e+00 1.1400e+01 2.3000e+00 4.3435e+01
3.0530e+00 9.0000e-03 7.7000e+00 1.3700e+01 1.2000e+00 5.5456e+01 4.0210e+00 9.0000e-03 7.7000e+00 1.3900e+01 9.0000e-01 3.9974e+01 4.4480e+00 1.0000e-02 7.5000e+00 1.3500e+01 1.0000e+00 4.1699e+01 4.0740e+00 2.6000e-02 7.4000e+00 1.1400e+01 2.3000e+00 4.3435e+01 3.0370e+00 1.3000e-02 7.6000e+00 1.2800e+01 1.4000e+00 3.7400e+01
3.1680e+00 3.3000e-02 7.8000e+00 1.2800e+01 1.2000e+00 4.2312e+01 4.2420e+00 6.0000e-03 7.5000e+00 1.8600e+01 1.0000e+00 4.6190e+01 4.0740e+00 2.6000e-02 7.4000e+00 1.1400e+01 2.3000e+00 4.3435e+01 3.0370e+00 1.3000e-02 7.6000e+00 1.2800e+01 1.4000e+00 3.7400e+01 3.5020e+00 4.6000e-02 7.9000e+00 1.7100e+01 4.2000e+00 5.6559e+01
2.3720e+00 8.0000e-03 7.8000e+00 1.4100e+01 6.0000e-01 4.9966e+01 2.7430e+00 7.0000e-03 8.1000e+00 1.7800e+01 1.5000e+00 4.5135e+01 3.0370e+00 1.3000e-02 7.6000e+00 1.2800e+01 1.4000e+00 3.7400e+01 3.5020e+00 4.6000e-02 7.9000e+00 1.7100e+01 4.2000e+00 5.6559e+01 3.5990e+00 1.8000e-02 8.5000e+00 2.4800e+01 9.0000e-01 7.0500e+01
4.0290e+00 4.6000e-02 7.8000e+00 1.6000e+01 1.1000e+00 5.1594e+01 3.3620e+00 2.8000e-02 7.5000e+00 1.1100e+01 8.0000e-01 4.6190e+01 3.5020e+00 4.6000e-02 7.9000e+00 1.7100e+01 4.2000e+00 5.6559e+01 3.5990e+00 1.8000e-02 8.5000e+00 2.4800e+01 9.0000e-01 7.0500e+01 4.9650e+00 7.5000e-02 7.6000e+00 1.2300e+01 1.3000e+00 4.1377e+01
4.2970e+00 4.5000e-02 7.7000e+00 1.3500e+01 1.1000e+00 5.2045e+01 5.1570e+00 7.6000e-02 7.5000e+00 1.1800e+01 1.0000e+00 3.5211e+01 3.5990e+00 1.8000e-02 8.5000e+00 2.4800e+01 9.0000e-01 7.0500e+01 4.9650e+00 7.5000e-02 7.6000e+00 1.2300e+01 1.3000e+00 4.1377e+01 5.6360e+00 3.9000e-02 8.2000e+00 1.2600e+01 7.0000e-01 5.4977e+01
4.9940e+00 6.7000e-02 7.7000e+00 9.9000e+00 3.3000e+00 4.0701e+01 4.6650e+00 6.0000e-02 8.8000e+00 1.4200e+01 2.3000e+00 5.3090e+01 4.9650e+00 7.5000e-02 7.6000e+00 1.2300e+01 1.3000e+00 4.1377e+01 5.6360e+00 3.9000e-02 8.2000e+00 1.2600e+01 7.0000e-01 5.4977e+01 6.1950e+00 5.5000e-02 8.3000e+00 1.0900e+01 8.0000e-01 3.9974e+01
3.8920e+00 3.2000e-02 7.6000e+00 8.5000e+00 1.2000e+00 1.4811e+01 2.8250e+00 3.3000e-02 8.2000e+00 1.1600e+01 3.7000e+00 4.9112e+01 5.6360e+00 3.9000e-02 8.2000e+00 1.2600e+01 7.0000e-01 5.4977e+01 6.1950e+00 5.5000e-02 8.3000e+00 1.0900e+01 8.0000e-01 3.9974e+01 5.1910e+00 2.5000e-02 7.4000e+00 1.1200e+01 1.3000e+00 3.5805e+01
5.1210e+00 4.0000e-02 7.5000e+00 1.2500e+01 1.0000e+00 3.0600e+01 3.5370e+00 1.2000e-02 7.6000e+00 1.1000e+01 3.1000e+00 3.9188e+01 6.1950e+00 5.5000e-02 8.3000e+00 1.0900e+01 8.0000e-01 3.9974e+01 5.1910e+00 2.5000e-02 7.4000e+00 1.1200e+01 1.3000e+00 3.5805e+01 5.0860e+00 2.6000e-02 7.7000e+00 1.2600e+01 1.4000e+00 4.6389e+01
5.5700e+00 4.8000e-02 7.7000e+00 1.3300e+01 4.0000e-01 3.7400e+01 4.5870e+00 2.2000e-02 7.5000e+00 1.5200e+01 1.6000e+00 1.8789e+01 5.1910e+00 2.5000e-02 7.4000e+00 1.1200e+01 1.3000e+00 3.5805e+01 5.0860e+00 2.6000e-02 7.7000e+00 1.2600e+01 1.4000e+00 4.6389e+01 5.4940e+00 1.1000e-02 7.4000e+00 1.1900e+01 1.3000e+00 4.9260e+01
5.7010e+00 1.7000e-02 7.6000e+00 1.4300e+01 1.4000e+00 3.5805e+01 4.4480e+00 1.0000e-02 7.5000e+00 1.3500e+01 1.0000e+00 4.1699e+01 5.4940e+00 1.1000e-02 7.4000e+00 1.1900e+01 1.3000e+00 4.9260e+01 4.4400e+00 5.1000e-02 7.8000e+00 1.0400e+01 1.9000e+00 4.9548e+01 5.0200e+00 9.0000e-03 7.3000e+00 1.1200e+01 1.0000e-01 4.4909e+01
4.9340e+00 5.0000e-03 7.7000e+00 1.5100e+01 1.7000e+00 5.0496e+01 4.0740e+00 2.6000e-02 7.4000e+00 1.1400e+01 2.3000e+00 4.3435e+01 4.4400e+00 5.1000e-02 7.8000e+00 1.0400e+01 1.9000e+00 4.9548e+01 5.0200e+00 9.0000e-03 7.3000e+00 1.1200e+01 1.0000e-01 4.4909e+01 4.5710e+00 7.0000e-03 7.9000e+00 1.3300e+01 1.4000e+00 5.2685e+01
4.0210e+00 9.0000e-03 7.7000e+00 1.3900e+01 9.0000e-01 3.9974e+01 3.0370e+00 1.3000e-02 7.6000e+00 1.2800e+01 1.4000e+00 3.7400e+01 5.0200e+00 9.0000e-03 7.3000e+00 1.1200e+01 1.0000e-01 4.4909e+01 4.5710e+00 7.0000e-03 7.9000e+00 1.3300e+01 1.4000e+00 5.2685e+01 4.4110e+00 6.0000e-03 7.8000e+00 1.3900e+01 6.0000e-01 4.1045e+01
4.2420e+00 6.0000e-03 7.5000e+00 1.8600e+01 1.0000e+00 4.6190e+01 3.5020e+00 4.6000e-02 7.9000e+00 1.7100e+01 4.2000e+00 5.6559e+01 4.5710e+00 7.0000e-03 7.9000e+00 1.3300e+01 1.4000e+00 5.2685e+01 4.4110e+00 6.0000e-03 7.8000e+00 1.3900e+01 6.0000e-01 4.1045e+01 4.0030e+00 1.0000e-02 7.3000e+00 9.7000e+00 5.0000e-01 4.4678e+01
2.7430e+00 7.0000e-03 8.1000e+00 1.7800e+01 1.5000e+00 4.5135e+01 3.5990e+00 1.8000e-02 8.5000e+00 2.4800e+01 9.0000e-01 7.0500e+01 4.4110e+00 6.0000e-03 7.8000e+00 1.3900e+01 6.0000e-01 4.1045e+01 4.0030e+00 1.0000e-02 7.3000e+00 9.7000e+00 5.0000e-01 4.4678e+01 3.7510e+00 2.2000e-02 7.7000e+00 1.1300e+01 1.2000e+00 5.6901e+01
3.3620e+00 2.8000e-02 7.5000e+00 1.1100e+01 8.0000e-01 4.6190e+01 4.9650e+00 7.5000e-02 7.6000e+00 1.2300e+01 1.3000e+00 4.1377e+01 4.0030e+00 1.0000e-02 7.3000e+00 9.7000e+00 5.0000e-01 4.4678e+01 3.7510e+00 2.2000e-02 7.7000e+00 1.1300e+01 1.2000e+00 5.6901e+01 3.4700e+00 1.7000e-02 7.4000e+00 7.2000e+00 9.0000e-01 4.7845e+01
5.1570e+00 7.6000e-02 7.5000e+00 1.1800e+01 1.0000e+00 3.5211e+01 5.6360e+00 3.9000e-02 8.2000e+00 1.2600e+01 7.0000e-01 5.4977e+01 3.7510e+00 2.2000e-02 7.7000e+00 1.1300e+01 1.2000e+00 5.6901e+01 3.4700e+00 1.7000e-02 7.4000e+00 7.2000e+00 9.0000e-01 4.7845e+01 5.2880e+00 5.1000e-02 7.4000e+00 7.6000e+00 2.0000e-01 2.3800e+01
4.6650e+00 6.0000e-02 8.8000e+00 1.4200e+01 2.3000e+00 5.3090e+01 6.1950e+00 5.5000e-02 8.3000e+00 1.0900e+01 8.0000e-01 3.9974e+01 3.4700e+00 1.7000e-02 7.4000e+00 7.2000e+00 9.0000e-01 4.7845e+01 5.2880e+00 5.1000e-02 7.4000e+00 7.6000e+00 2.0000e-01 2.3800e+01 5.4030e+00 1.9000e-02 7.3000e+00 8.7000e+00 8.0000e-01 2.9566e+01
2.8250e+00 3.3000e-02 8.2000e+00 1.1600e+01 3.7000e+00 4.9112e+01 5.1910e+00 2.5000e-02 7.4000e+00 1.1200e+01 1.3000e+00 3.5805e+01 5.2880e+00 5.1000e-02 7.4000e+00 7.6000e+00 2.0000e-01 2.3800e+01 5.4030e+00 1.9000e-02 7.3000e+00 8.7000e+00 8.0000e-01 2.9566e+01 5.5590e+00 1.4000e-02 7.1000e+00 8.6000e+00 3.0000e-01 2.5589e+01
3.5370e+00 1.2000e-02 7.6000e+00 1.1000e+01 3.1000e+00 3.9188e+01 5.0860e+00 2.6000e-02 7.7000e+00 1.2600e+01 1.4000e+00 4.6389e+01 5.4030e+00 1.9000e-02 7.3000e+00 8.7000e+00 8.0000e-01 2.9566e+01 5.5590e+00 1.4000e-02 7.1000e+00 8.6000e+00 3.0000e-01 2.5589e+01 5.2950e+00 1.0000e-02 7.1000e+00 8.9000e+00 2.0000e-01 3.5211e+01
4.5870e+00 2.2000e-02 7.5000e+00 1.5200e+01 1.6000e+00 1.8789e+01 5.4940e+00 1.1000e-02 7.4000e+00 1.1900e+01 1.3000e+00 4.9260e+01 5.5590e+00 1.4000e-02 7.1000e+00 8.6000e+00 3.0000e-01 2.5589e+01 5.2950e+00 1.0000e-02 7.1000e+00 8.9000e+00 2.0000e-01 3.5211e+01 5.3930e+00 1.8000e-02 7.4000e+00 1.0200e+01 7.0000e-01 3.1535e+01
4.2210e+00 2.6000e-02 7.6000e+00 1.1900e+01 1.8000e+00 2.3800e+01 4.4400e+00 5.1000e-02 7.8000e+00 1.0400e+01 1.9000e+00 4.9548e+01 5.2950e+00 1.0000e-02 7.1000e+00 8.9000e+00 2.0000e-01 3.5211e+01 5.3930e+00 1.8000e-02 7.4000e+00 1.0200e+01 7.0000e-01 3.1535e+01 5.4860e+00 8.0000e-03 7.4000e+00 1.1400e+01 8.0000e-01 3.5805e+01
4.4480e+00 1.0000e-02 7.5000e+00 1.3500e+01 1.0000e+00 4.1699e+01 5.0200e+00 9.0000e-03 7.3000e+00 1.1200e+01 1.0000e-01 4.4909e+01 5.3930e+00 1.8000e-02 7.4000e+00 1.0200e+01 7.0000e-01 3.1535e+01 5.4860e+00 8.0000e-03 7.4000e+00 1.1400e+01 8.0000e-01 3.5805e+01 5.0900e+00 5.0000e-03 7.6000e+00 1.0000e+01 4.0000e-01 3.2389e+01
4.0740e+00 2.6000e-02 7.4000e+00 1.1400e+01 2.3000e+00 4.3435e+01 4.5710e+00 7.0000e-03 7.9000e+00 1.3300e+01 1.4000e+00 5.2685e+01 5.4860e+00 8.0000e-03 7.4000e+00 1.1400e+01 8.0000e-01 3.5805e+01 5.0900e+00 5.0000e-03 7.6000e+00 1.0000e+01 4.0000e-01 3.2389e+01 5.2260e+00 5.0000e-03 7.4000e+00 1.0500e+01 8.0000e-01 3.7400e+01
3.0370e+00 1.3000e-02 7.6000e+00 1.2800e+01 1.4000e+00 3.7400e+01 4.4110e+00 6.0000e-03 7.8000e+00 1.3900e+01 6.0000e-01 4.1045e+01 5.0900e+00 5.0000e-03 7.6000e+00 1.0000e+01 4.0000e-01 3.2389e+01 5.2260e+00 5.0000e-03 7.4000e+00 1.0500e+01 8.0000e-01 3.7400e+01 5.0880e+00 6.0000e-03 7.8000e+00 1.0900e+01 1.2000e+00 3.8335e+01
3.5600e+00 1.4000e-02 8.3000e+00 1.3600e+01 1.5000e+00 3.4578e+01 2.4640e+00 0.0000e+00 6.9000e+00 1.2500e+01 5.0000e-01 5.0876e+01 4.3380e+00 1.4000e-02 7.7000e+00 1.3900e+01 1.9000e+00 8.0116e+00 3.3160e+00 1.6000e-02 7.8000e+00 1.5700e+01 1.3000e+00 3.2389e+01 4.4400e+00 5.1000e-02 7.8000e+00 1.0400e+01 1.9000e+00 4.9548e+01
5.5200e+00 1.1000e-02 7.4000e+00 1.4000e+01 4.0000e-01 3.8771e+01 4.2210e+00 2.6000e-02 7.6000e+00 1.1900e+01 1.8000e+00 2.3800e+01 5.0860e+00 2.6000e-02 7.7000e+00 1.2600e+01 1.4000e+00 4.6389e+01 5.4940e+00 1.1000e-02 7.4000e+00 1.1900e+01 1.3000e+00 4.9260e+01 4.4400e+00 5.1000e-02 7.8000e+00 1.0400e+01 1.9000e+00 4.9548e+01
