4.8600e+00 1.9700e-01 8.5000e+00 1.2000e+01 1.2000e+00 5.0235e+01 4.1160e+00 1.3900e-01 7.8000e+00 1.2500e+01 3.8000e+00 4.9405e+01 4.1200e+00 2.7800e-01 8.0000e+00 5.0000e+00 2.6000e+00 4.5355e+01 4.4480e+00 1.7300e-01 8.7000e+00 1.1700e+01 2.4000e+00 4.6190e+01 4.8320e+00 1.8700e-01 8.3000e+00 1.2500e+01 2.7000e+00 3.9589e+01
4.3440e+00 1.2000e-01 8.1000e+00 1.2000e+01 2.0000e+00 5.2045e+01 4.4640e+00 1.2500e-01 8.3000e+00 1.3500e+01 1.5000e+00 5.8509e+01 4.4480e+00 1.7300e-01 8.7000e+00 1.1700e+01 2.4000e+00 4.6190e+01 4.8320e+00 1.8700e-01 8.3000e+00 1.2500e+01 2.7000e+00 3.9589e+01 8.1280e+00 3.8000e-02 8.6000e+00 1.2700e+01 2.7000e+00 3.4578e+01
3.2280e+00 7.2000e-02 8.1000e+00 9.0000e+00 3.7000e+00 5.6132e+01 3.3840e+00 2.4000e-02 8.3000e+00 1.3200e+01 1.7000e+00 6.0278e+01 4.8320e+00 1.8700e-01 8.3000e+00 1.2500e+01 2.7000e+00 3.9589e+01 8.1280e+00 3.8000e-02 8.6000e+00 1.2700e+01 2.7000e+00 3.4578e+01 3.3120e+00 8.6000e-02 8.7000e+00 1.1600e+01 2.9000e+00 5.2788e+01
3.8520e+00 1.4400e-01 8.2000e+00 8.0000e+00 2.3000e+00 4.9829e+01 2.0040e+00 5.3000e-02 8.2000e+00 1.0200e+01 3.6000e+00 6.2823e+01 8.1280e+00 3.8000e-02 8.6000e+00 1.2700e+01 2.7000e+00 3.4578e+01 3.3120e+00 8.6000e-02 8.7000e+00 1.1600e+01 2.9000e+00 5.2788e+01 3.3600e+00 9.1000e-02 8.2000e+00 5.2000e+00 6.9000e+00 6.0373e+01
3.8400e+00 1.6300e-01 8.3000e+00 4.3000e+00 3.1000e+00 4.4678e+01 2.7200e+00 7.2000e-02 7.7000e+00 7.2000e+00 3.9000e+00 5.7613e+01 3.3120e+00 8.6000e-02 8.7000e+00 1.1600e+01 2.9000e+00 5.2788e+01 3.3600e+00 9.1000e-02 8.2000e+00 5.2000e+00 6.9000e+00 6.0373e+01 3.7120e+00 2.7800e-01 7.8000e+00 3.4000e+00 6.6000e+00 5.0496e+01
3.8400e+00 2.3000e-01 8.3000e+00 3.4000e+00 3.9000e+00 4.2605e+01 3.0480e+00 1.8700e-01 7.6000e+00 5.2000e+00 3.4000e+00 6.4841e+01 3.3600e+00 9.1000e-02 8.2000e+00 5.2000e+00 6.9000e+00 6.0373e+01 3.7120e+00 2.7800e-01 7.8000e+00 3.4000e+00 6.6000e+00 5.0496e+01 2.3280e+00 1.1000e-01 7.4000e+00 3.6000e+00 5.3000e+00 5.9381e+01
3.3960e+00 1.7800e-01 7.8000e+00 5.8000e+00 3.7000e+00 5.7296e+01 3.5580e+00 1.0600e-01 7.5000e+00 5.0000e+00 2.3000e+00 5.4644e+01 3.7120e+00 2.7800e-01 7.8000e+00 3.4000e+00 6.6000e+00 5.0496e+01 2.3280e+00 1.1000e-01 7.4000e+00 3.6000e+00 5.3000e+00 5.9381e+01 4.2560e+00 2.3500e-01 7.6000e+00 4.5000e+00 6.4000e+00 4.5988e+01
3.2400e+00 1.4900e-01 7.5000e+00 3.3000e+00 3.1000e+00 5.2890e+01 4.5480e+00 2.0600e-01 7.7000e+00 6.4000e+00 5.5000e+00 6.2712e+01 2.3280e+00 1.1000e-01 7.4000e+00 3.6000e+00 5.3000e+00 5.9381e+01 4.2560e+00 2.3500e-01 7.6000e+00 4.5000e+00 6.4000e+00 4.5988e+01 2.9920e+00 1.6800e-01 7.6000e+00 4.4000e+00 2.5000e+00 4.9405e+01
2.1600e+00 2.9000e-02 7.8000e+00 6.0000e+00 2.8000e+00 6.3933e+01 4.4160e+00 2.5400e-01 7.8000e+00 5.2000e+00 2.3000e+00 4.7500e+01 4.2560e+00 2.3500e-01 7.6000e+00 4.5000e+00 6.4000e+00 4.5988e+01 2.9920e+00 1.6800e-01 7.6000e+00 4.4000e+00 2.5000e+00 4.9405e+01 2.6640e+00 1.5400e-01 8.0000e+00 5.5000e+00 3.3000e+00 5.7799e+01
2.4960e+00 5.8000e-02 8.2000e+00 6.1000e+00 2.7000e+00 4.1699e+01 3.8720e+00 2.1600e-01 7.6000e+00 5.1000e+00 3.5000e+00 4.6960e+01 2.9920e+00 1.6800e-01 7.6000e+00 4.4000e+00 2.5000e+00 4.9405e+01 2.6640e+00 1.5400e-01 8.0000e+00 5.5000e+00 3.3000e+00 5.7799e+01 3.8880e+00 1.0100e-01 7.6000e+00 5.8000e+00 2.7000e+00 5.6489e+01
2.2080e+00 2.2080e+00 8.6000e+00 1.0000e+01 1.9000e+00 3.7878e+01 4.1200e+00 2.7800e-01 8.0000e+00 5.0000e+00 2.6000e+00 4.5355e+01 2.6640e+00 1.5400e-01 8.0000e+00 5.5000e+00 3.3000e+00 5.7799e+01 3.8880e+00 1.0100e-01 7.6000e+00 5.8000e+00 2.7000e+00 5.6489e+01 4.5920e+00 1.6800e-01 7.4000e+00 8.6000e+00 4.1000e+00 4.5571e+01
0.0000e+00 0.0000e+00 0.0000e+00 0.0000e+00 0.0000e+00 4.9548e+01 4.4480e+00 1.7300e-01 8.7000e+00 1.1700e+01 2.4000e+00 4.6190e+01 3.8880e+00 1.0100e-01 7.6000e+00 5.8000e+00 2.7000e+00 5.6489e+01 4.5920e+00 1.6800e-01 7.4000e+00 8.6000e+00 4.1000e+00 4.5571e+01 3.9040e+00 1.0600e-01 7.8000e+00 1.1000e+01 2.6000e+00 3.7400e+01
4.1160e+00 1.3900e-01 7.8000e+00 1.2500e+01 3.8000e+00 4.9405e+01 4.8320e+00 1.8700e-01 8.3000e+00 1.2500e+01 2.7000e+00 3.9589e+01 4.5920e+00 1.6800e-01 7.4000e+00 8.6000e+00 4.1000e+00 4.5571e+01 3.9040e+00 1.0600e-01 7.8000e+00 1.1000e+01 2.6000e+00 3.7400e+01 4.0960e+00 6.7000e-02 8.0000e+00 1.2300e+01 2.7000e+00 5.5058e+01
4.4640e+00 1.2500e-01 8.3000e+00 1.3500e+01 1.5000e+00 5.8509e+01 8.1280e+00 3.8000e-02 8.6000e+00 1.2700e+01 2.7000e+00 3.4578e+01 3.9040e+00 1.0600e-01 7.8000e+00 1.1000e+01 2.6000e+00 3.7400e+01 4.0960e+00 6.7000e-02 8.0000e+00 1.2300e+01 2.7000e+00 5.5058e+01 4.9760e+00 1.8200e-01 8.1000e+00 1.1000e+01 5.0000e+00 5.5986e+01
3.3840e+00 2.4000e-02 8.3000e+00 1.3200e+01 1.7000e+00 6.0278e+01 3.3120e+00 8.6000e-02 8.7000e+00 1.1600e+01 2.9000e+00 5.2788e+01 4.0960e+00 6.7000e-02 8.0000e+00 1.2300e+01 2.7000e+00 5.5058e+01 4.9760e+00 1.8200e-01 8.1000e+00 1.1000e+01 5.0000e+00 5.5986e+01 4.7200e+00 4.8000e-02 8.0000e+00 9.3000e+00 3.2000e+00 5.8565e+01
2.0040e+00 5.3000e-02 8.2000e+00 1.0200e+01 3.6000e+00 6.2823e+01 3.3600e+00 9.1000e-02 8.2000e+00 5.2000e+00 6.9000e+00 6.0373e+01 4.9760e+00 1.8200e-01 8.1000e+00 1.1000e+01 5.0000e+00 5.5986e+01 4.7200e+00 4.8000e-02 8.0000e+00 9.3000e+00 3.2000e+00 5.8565e+01 2.6210e+00 4.3000e-02 8.0000e+00 7.7000e+00 3.7000e+00 5.9433e+01
2.7200e+00 7.2000e-02 7.7000e+00 7.2000e+00 3.9000e+00 5.7613e+01 3.7120e+00 2.7800e-01 7.8000e+00 3.4000e+00 6.6000e+00 5.0496e+01 4.7200e+00 4.8000e-02 8.0000e+00 9.3000e+00 3.2000e+00 5.8565e+01 2.6210e+00 4.3000e-02 8.0000e+00 7.7000e+00 3.7000e+00 5.9433e+01 1.7860e+00 5.2000e-02 8.1000e+00 6.6000e+00 3.6000e+00 4.8339e+01
3.0480e+00 1.8700e-01 7.6000e+00 5.2000e+00 3.4000e+00 6.4841e+01 2.3280e+00 1.1000e-01 7.4000e+00 3.6000e+00 5.3000e+00 5.9381e+01 2.6210e+00 4.3000e-02 8.0000e+00 7.7000e+00 3.7000e+00 5.9433e+01 1.7860e+00 5.2000e-02 8.1000e+00 6.6000e+00 3.6000e+00 4.8339e+01 1.2960e+00 8.8000e-02 8.0000e+00 4.7000e+00 8.0000e-01 5.3478e+01
3.5580e+00 1.0600e-01 7.5000e+00 5.0000e+00 2.3000e+00 5.4644e+01 4.2560e+00 2.3500e-01 7.6000e+00 4.5000e+00 6.4000e+00 4.5988e+01 1.7860e+00 5.2000e-02 8.1000e+00 6.6000e+00 3.6000e+00 4.8339e+01 1.2960e+00 8.8000e-02 8.0000e+00 4.7000e+00 8.0000e-01 5.3478e+01 1.3400e+00 3.1000e-02 7.9000e+00 5.2000e+00 1.5000e+00 6.2749e+01
4.5480e+00 2.0600e-01 7.7000e+00 6.4000e+00 5.5000e+00 6.2712e+01 2.9920e+00 1.6800e-01 7.6000e+00 4.4000e+00 2.5000e+00 4.9405e+01 1.2960e+00 8.8000e-02 8.0000e+00 4.7000e+00 8.0000e-01 5.3478e+01 1.3400e+00 3.1000e-02 7.9000e+00 5.2000e+00 1.5000e+00 6.2749e+01 2.3730e+00 9.5000e-02 7.5000e+00 4.4000e+00 2.1000e+00 5.3188e+01
4.4160e+00 2.5400e-01 7.8000e+00 5.2000e+00 2.3000e+00 4.7500e+01 2.6640e+00 1.5400e-01 8.0000e+00 5.5000e+00 3.3000e+00 5.7799e+01 1.3400e+00 3.1000e-02 7.9000e+00 5.2000e+00 1.5000e+00 6.2749e+01 2.3730e+00 9.5000e-02 7.5000e+00 4.4000e+00 2.1000e+00 5.3188e+01 1.8170e+00 6.7000e-02 7.7000e+00 4.4000e+00 2.1000e+00 6.2255e+01
3.8720e+00 2.1600e-01 7.6000e+00 5.1000e+00 3.5000e+00 4.6960e+01 3.8880e+00 1.0100e-01 7.6000e+00 5.8000e+00 2.7000e+00 5.6489e+01 2.3730e+00 9.5000e-02 7.5000e+00 4.4000e+00 2.1000e+00 5.3188e+01 1.8170e+00 6.7000e-02 7.7000e+00 4.4000e+00 2.1000e+00 6.2255e+01 1.9230e+00 4.2000e-02 7.7000e+00 5.2000e+00 2.6000e+00 5.3943e+01
4.1200e+00 2.7800e-01 8.0000e+00 5.0000e+00 2.6000e+00 4.5355e+01 4.5920e+00 1.6800e-01 7.4000e+00 8.6000e+00 4.1000e+00 4.5571e+01 1.8170e+00 6.7000e-02 7.7000e+00 4.4000e+00 2.1000e+00 6.2255e+01 1.9230e+00 4.2000e-02 7.7000e+00 5.2000e+00 2.6000e+00 5.3943e+01 2.2830e+00 5.5000e-02 7.7000e+00 1.3500e+01 1.2000e+00 3.6897e+01
4.4480e+00 1.7300e-01 8.7000e+00 1.1700e+01 2.4000e+00 4.6190e+01 3.9040e+00 1.0600e-01 7.8000e+00 1.1000e+01 2.6000e+00 3.7400e+01 1.9230e+00 4.2000e-02 7.7000e+00 5.2000e+00 2.6000e+00 5.3943e+01 2.2830e+00 5.5000e-02 7.7000e+00 1.3500e+01 1.2000e+00 3.6897e+01 3.0370e+00 3.0000e-02 7.9000e+00 1.1500e+01 9.0000e-01 4.7845e+01
4.8320e+00 1.8700e-01 8.3000e+00 1.2500e+01 2.7000e+00 3.9589e+01 4.0960e+00 6.7000e-02 8.0000e+00 1.2300e+01 2.7000e+00 5.5058e+01 2.2830e+00 5.5000e-02 7.7000e+00 1.3500e+01 1.2000e+00 3.6897e+01 3.0370e+00 3.0000e-02 7.9000e+00 1.1500e+01 9.0000e-01 4.7845e+01 3.1320e+00 1.0000e-02 8.0000e+00 1.3000e+01 1.3000e+00 4.3435e+01
8.1280e+00 3.8000e-02 8.6000e+00 1.2700e+01 2.7000e+00 3.4578e+01 4.9760e+00 1.8200e-01 8.1000e+00 1.1000e+01 5.0000e+00 5.5986e+01 3.0370e+00 3.0000e-02 7.9000e+00 1.1500e+01 9.0000e-01 4.7845e+01 3.1320e+00 1.0000e-02 8.0000e+00 1.3000e+01 1.3000e+00 4.3435e+01 3.1260e+00 1.7000e-02 7.9000e+00 1.4500e+01 1.6000e+00 4.5135e+01
3.3120e+00 8.6000e-02 8.7000e+00 1.1600e+01 2.9000e+00 5.2788e+01 4.7200e+00 4.8000e-02 8.0000e+00 9.3000e+00 3.2000e+00 5.8565e+01 3.1320e+00 1.0000e-02 8.0000e+00 1.3000e+01 1.3000e+00 4.3435e+01 3.1260e+00 1.7000e-02 7.9000e+00 1.4500e+01 1.6000e+00 4.5135e+01 3.0810e+00 3.5000e-02 7.8000e+00 1.0500e+01 2.5000e+00 5.5686e+01
3.3600e+00 9.1000e-02 8.2000e+00 5.2000e+00 6.9000e+00 6.0373e+01 2.6210e+00 4.3000e-02 8.0000e+00 7.7000e+00 3.7000e+00 5.9433e+01 3.1260e+00 1.7000e-02 7.9000e+00 1.4500e+01 1.6000e+00 4.5135e+01 3.0810e+00 3.5000e-02 7.8000e+00 1.0500e+01 2.5000e+00 5.5686e+01 2.0880e+00 4.2000e-02 7.7000e+00 4.5000e+00 3.7000e+00 5.3760e+01
3.7120e+00 2.7800e-01 7.8000e+00 3.4000e+00 6.6000e+00 5.0496e+01 1.7860e+00 5.2000e-02 8.1000e+00 6.6000e+00 3.6000e+00 4.8339e+01 3.0810e+00 3.5000e-02 7.8000e+00 1.0500e+01 2.5000e+00 5.5686e+01 2.0880e+00 4.2000e-02 7.7000e+00 4.5000e+00 3.7000e+00 5.3760e+01 2.3750e+00 8.5000e-02 7.4000e+00 4.4000e+00 3.2000e+00 5.1478e+01
2.3280e+00 1.1000e-01 7.4000e+00 3.6000e+00 5.3000e+00 5.9381e+01 1.2960e+00 8.8000e-02 8.0000e+00 4.7000e+00 8.0000e-01 5.3478e+01 2.0880e+00 4.2000e-02 7.7000e+00 4.5000e+00 3.7000e+00 5.3760e+01 2.3750e+00 8.5000e-02 7.4000e+00 4.4000e+00 3.2000e+00 5.1478e+01 1.8350e+00 7.7000e-02 7.6000e+00 4.5000e+00 3.5000e+00 6.0878e+01
4.2560e+00 2.3500e-01 7.6000e+00 4.5000e+00 6.4000e+00 4.5988e+01 1.3400e+00 3.1000e-02 7.9000e+00 5.2000e+00 1.5000e+00 6.2749e+01 2.3750e+00 8.5000e-02 7.4000e+00 4.4000e+00 3.2000e+00 5.1478e+01 1.8350e+00 7.7000e-02 7.6000e+00 4.5000e+00 3.5000e+00 6.0878e+01 1.9130e+00 7.2000e-02 8.2000e+00 8.1000e+00 6.9000e+00 6.4063e+01
2.9920e+00 1.6800e-01 7.6000e+00 4.4000e+00 2.5000e+00 4.9405e+01 2.3730e+00 9.5000e-02 7.5000e+00 4.4000e+00 2.1000e+00 5.3188e+01 1.8350e+00 7.7000e-02 7.6000e+00 4.5000e+00 3.5000e+00 6.0878e+01 1.9130e+00 7.2000e-02 8.2000e+00 8.1000e+00 6.9000e+00 6.4063e+01 1.9310e+00 1.2100e-01 7.7000e+00 5.3000e+00 2.9000e+00 6.5617e+01
2.6640e+00 1.5400e-01 8.0000e+00 5.5000e+00 3.3000e+00 5.7799e+01 1.8170e+00 6.7000e-02 7.7000e+00 4.4000e+00 2.1000e+00 6.2255e+01 1.9130e+00 7.2000e-02 8.2000e+00 8.1000e+00 6.9000e+00 6.4063e+01 1.9310e+00 1.2100e-01 7.7000e+00 5.3000e+00 2.9000e+00 6.5617e+01 1.9160e+00 6.8000e-02 7.8000e+00 5.5000e+00 3.8000e+00 6.8009e+01
3.8880e+00 1.0100e-01 7.6000e+00 5.8000e+00 2.7000e+00 5.6489e+01 1.9230e+00 4.2000e-02 7.7000e+00 5.2000e+00 2.6000e+00 5.3943e+01 1.9310e+00 1.2100e-01 7.7000e+00 5.3000e+00 2.9000e+00 6.5617e+01 1.9160e+00 6.8000e-02 7.8000e+00 5.5000e+00 3.8000e+00 6.8009e+01 1.5520e+00 3.7000e-02 7.2000e+00 7.2000e+00 1.4000e+00 4.4909e+01
4.5920e+00 1.6800e-01 7.4000e+00 8.6000e+00 4.1000e+00 4.5571e+01 2.2830e+00 5.5000e-02 7.7000e+00 1.3500e+01 1.2000e+00 3.6897e+01 1.9160e+00 6.8000e-02 7.8000e+00 5.5000e+00 3.8000e+00 6.8009e+01 1.5520e+00 3.7000e-02 7.2000e+00 7.2000e+00 1.4000e+00 4.4909e+01 1.9640e+00 4.9000e-02 7.7000e+00 7.2000e+00 2.2000e+00 4.4442e+01
3.9040e+00 1.0600e-01 7.8000e+00 1.1000e+01 2.6000e+00 3.7400e+01 3.0370e+00 3.0000e-02 7.9000e+00 1.1500e+01 9.0000e-01 4.7845e+01 1.5520e+00 3.7000e-02 7.2000e+00 7.2000e+00 1.4000e+00 4.4909e+01 1.9640e+00 4.9000e-02 7.7000e+00 7.2000e+00 2.2000e+00 4.4442e+01 2.6970e+00 2.9000e-02 7.2000e+00 1.0200e+01 2.3000e+00 2.1611e+01
4.0960e+00 6.7000e-02 8.0000e+00 1.2300e+01 2.7000e+00 5.5058e+01 3.1320e+00 1.0000e-02 8.0000e+00 1.3000e+01 1.3000e+00 4.3435e+01 1.9640e+00 4.9000e-02 7.7000e+00 7.2000e+00 2.2000e+00 4.4442e+01 2.6970e+00 2.9000e-02 7.2000e+00 1.0200e+01 2.3000e+00 2.1611e+01 2.9020e+00 1.5000e-02 7.9000e+00 1.0300e+01 1.9000e+00 4.7144e+01
4.9760e+00 1.8200e-01 8.1000e+00 1.1000e+01 5.0000e+00 5.5986e+01 3.1260e+00 1.7000e-02 7.9000e+00 1.4500e+01 1.6000e+00 4.5135e+01 2.6970e+00 2.9000e-02 7.2000e+00 1.0200e+01 2.3000e+00 2.1611e+01 2.9020e+00 1.5000e-02 7.9000e+00 1.0300e+01 1.9000e+00 4.7144e+01 3.9300e+00 4.3000e-02 7.6000e+00 1.2500e+01 3.7000e+00 2.8411e+01
4.7200e+00 4.8000e-02 8.0000e+00 9.3000e+00 3.2000e+00 5.8565e+01 3.0810e+00 3.5000e-02 7.8000e+00 1.0500e+01 2.5000e+00 5.5686e+01 2.9020e+00 1.5000e-02 7.9000e+00 1.0300e+01 1.9000e+00 4.7144e+01 3.9300e+00 4.3000e-02 7.6000e+00 1.2500e+01 3.7000e+00 2.8411e+01 3.7400e+00 7.1000e-02 7.5000e+00 8.1000e+00 3.8000e+00 4.3696e+01
2.6210e+00 4.3000e-02 8.0000e+00 7.7000e+00 3.7000e+00 5.9433e+01 2.0880e+00 4.2000e-02 7.7000e+00 4.5000e+00 3.7000e+00 5.3760e+01 3.9300e+00 4.3000e-02 7.6000e+00 1.2500e+01 3.7000e+00 2.8411e+01 3.7400e+00 7.1000e-02 7.5000e+00 8.1000e+00 3.8000e+00 4.3696e+01 2.3790e+00 1.7000e-02 7.7000e+00 8.1000e+00 3.1000e+00 6.0513e+01
1.7860e+00 5.2000e-02 8.1000e+00 6.6000e+00 3.6000e+00 4.8339e+01 2.3750e+00 8.5000e-02 7.4000e+00 4.4000e+00 3.2000e+00 5.1478e+01 3.7400e+00 7.1000e-02 7.5000e+00 8.1000e+00 3.8000e+00 4.3696e+01 2.3790e+00 1.7000e-02 7.7000e+00 8.1000e+00 3.1000e+00 6.0513e+01 2.7160e+00 1.1900e-01 7.5000e+00 3.0000e+00 1.2500e+01 5.4474e+01
1.2960e+00 8.8000e-02 8.0000e+00 4.7000e+00 8.0000e-01 5.3478e+01 1.8350e+00 7.7000e-02 7.6000e+00 4.5000e+00 3.5000e+00 6.0878e+01 2.3790e+00 1.7000e-02 7.7000e+00 8.1000e+00 3.1000e+00 6.0513e+01 2.7160e+00 1.1900e-01 7.5000e+00 3.0000e+00 1.2500e+01 5.4474e+01 2.3220e+00 5.6000e-02 7.8000e+00 5.5000e+00 3.8000e+00 6.6565e+01
1.3400e+00 3.1000e-02 7.9000e+00 5.2000e+00 1.5000e+00 6.2749e+01 1.9130e+00 7.2000e-02 8.2000e+00 8.1000e+00 6.9000e+00 6.4063e+01 2.7160e+00 1.1900e-01 7.5000e+00 3.0000e+00 1.2500e+01 5.4474e+01 2.3220e+00 5.6000e-02 7.8000e+00 5.5000e+00 3.8000e+00 6.6565e+01 2.7220e+00 6.3000e-02 7.4000e+00 6.0000e+00 2.3000e+00 5.9988e+01
2.3730e+00 9.5000e-02 7.5000e+00 4.4000e+00 2.1000e+00 5.3188e+01 1.9310e+00 1.2100e-01 7.7000e+00 5.3000e+00 2.9000e+00 6.5617e+01 2.3220e+00 5.6000e-02 7.8000e+00 5.5000e+00 3.8000e+00 6.6565e+01 2.7220e+00 6.3000e-02 7.4000e+00 6.0000e+00 2.3000e+00 5.9988e+01 1.5260e+00 9.4000e-02 7.3000e+00 3.7000e+00 2.4000e+00 6.6076e+01
1.8170e+00 6.7000e-02 7.7000e+00 4.4000e+00 2.1000e+00 6.2255e+01 1.9160e+00 6.8000e-02 7.8000e+00 5.5000e+00 3.8000e+00 6.8009e+01 2.7220e+00 6.3000e-02 7.4000e+00 6.0000e+00 2.3000e+00 5.9988e+01 1.5260e+00 9.4000e-02 7.3000e+00 3.7000e+00 2.4000e+00 6.6076e+01 1.6890e+00 7.1000e-02 7.5000e+00 3.3000e+00 1.4000e+00 5.8160e+01
1.9230e+00 4.2000e-02 7.7000e+00 5.2000e+00 2.6000e+00 5.3943e+01 1.5520e+00 3.7000e-02 7.2000e+00 7.2000e+00 1.4000e+00 4.4909e+01 1.5260e+00 9.4000e-02 7.3000e+00 3.7000e+00 2.4000e+00 6.6076e+01 1.6890e+00 7.1000e-02 7.5000e+00 3.3000e+00 1.4000e+00 5.8160e+01 2.1630e+00 1.2600e-01 7.5000e+00 2.1000e+00 1.2000e+00 3.6366e+01
2.2830e+00 5.5000e-02 7.7000e+00 1.3500e+01 1.2000e+00 3.6897e+01 1.9640e+00 4.9000e-02 7.7000e+00 7.2000e+00 2.2000e+00 4.4442e+01 1.6890e+00 7.1000e-02 7.5000e+00 3.3000e+00 1.4000e+00 5.8160e+01 2.1630e+00 1.2600e-01 7.5000e+00 2.1000e+00 1.2000e+00 3.6366e+01 2.6780e+00 6.9000e-02 7.4000e+00 5.7000e+00 1.5000e+00 3.3901e+01
3.0370e+00 3.0000e-02 7.9000e+00 1.1500e+01 9.0000e-01 4.7845e+01 2.6970e+00 2.9000e-02 7.2000e+00 1.0200e+01 2.3000e+00 2.1611e+01 2.1630e+00 1.2600e-01 7.5000e+00 2.1000e+00 1.2000e+00 3.6366e+01 2.6780e+00 6.9000e-02 7.4000e+00 5.7000e+00 1.5000e+00 3.3901e+01 2.5570e+00 4.6000e-02 7.7000e+00 1.1000e+01 1.4000e+00 4.9405e+01
3.1320e+00 1.0000e-02 8.0000e+00 1.3000e+01 1.3000e+00 4.3435e+01 2.9020e+00 1.5000e-02 7.9000e+00 1.0300e+01 1.9000e+00 4.7144e+01 2.6780e+00 6.9000e-02 7.4000e+00 5.7000e+00 1.5000e+00 3.3901e+01 2.5570e+00 4.6000e-02 7.7000e+00 1.1000e+01 1.4000e+00 4.9405e+01 2.6970e+00 4.8000e-02 7.8000e+00 1.1000e+01 7.0000e-01 4.6190e+01
3.1260e+00 1.7000e-02 7.9000e+00 1.4500e+01 1.6000e+00 4.5135e+01 3.9300e+00 4.3000e-02 7.6000e+00 1.2500e+01 3.7000e+00 2.8411e+01 2.5570e+00 4.6000e-02 7.7000e+00 1.1000e+01 1.4000e+00 4.9405e+01 2.6970e+00 4.8000e-02 7.8000e+00 1.1000e+01 7.0000e-01 4.6190e+01 2.9070e+00 1.1000e-02 7.7000e+00 1.2000e+01 3.1000e+00 5.6559e+01
3.0810e+00 3.5000e-02 7.8000e+00 1.0500e+01 2.5000e+00 5.5686e+01 3.7400e+00 7.1000e-02 7.5000e+00 8.1000e+00 3.8000e+00 4.3696e+01 2.6970e+00 4.8000e-02 7.8000e+00 1.1000e+01 7.0000e-01 4.6190e+01 2.9070e+00 1.1000e-02 7.7000e+00 1.2000e+01 3.1000e+00 5.6559e+01 2.8790e+00 1.3000e-02 8.4000e+00 1.2600e+01 3.1000e+00 6.0606e+01
2.0880e+00 4.2000e-02 7.7000e+00 4.5000e+00 3.7000e+00 5.3760e+01 2.3790e+00 1.7000e-02 7.7000e+00 8.1000e+00 3.1000e+00 6.0513e+01 2.9070e+00 1.1000e-02 7.7000e+00 1.2000e+01 3.1000e+00 5.6559e+01 2.8790e+00 1.3000e-02 8.4000e+00 1.2600e+01 3.1000e+00 6.0606e+01 2.1780e+00 2.5000e-02 7.5000e+00 7.2000e+00 3.4000e+00 5.5610e+01
2.3750e+00 8.5000e-02 7.4000e+00 4.4000e+00 3.2000e+00 5.1478e+01 2.7160e+00 1.1900e-01 7.5000e+00 3.0000e+00 1.2500e+01 5.4474e+01 2.8790e+00 1.3000e-02 8.4000e+00 1.2600e+01 3.1000e+00 6.0606e+01 2.1780e+00 2.5000e-02 7.5000e+00 7.2000e+00 3.4000e+00 5.5610e+01 2.6910e+00 2.3000e-02 7.4000e+00 5.0000e+00 4.3000e+00 5.4474e+01
1.8350e+00 7.7000e-02 7.6000e+00 4.5000e+00 3.5000e+00 6.0878e+01 2.3220e+00 5.6000e-02 7.8000e+00 5.5000e+00 3.8000e+00 6.6565e+01 2.1780e+00 2.5000e-02 7.5000e+00 7.2000e+00 3.4000e+00 5.5610e+01 2.6910e+00 2.3000e-02 7.4000e+00 5.0000e+00 4.3000e+00 5.4474e+01 1.2520e+00 1.7000e-02 7.7000e+00 7.4000e+00 1.9000e+00 5.0751e+01
1.9130e+00 7.2000e-02 8.2000e+00 8.1000e+00 6.9000e+00 6.4063e+01 2.7220e+00 6.3000e-02 7.4000e+00 6.0000e+00 2.3000e+00 5.9988e+01 2.6910e+00 2.3000e-02 7.4000e+00 5.0000e+00 4.3000e+00 5.4474e+01 1.2520e+00 1.7000e-02 7.7000e+00 7.4000e+00 1.9000e+00 5.0751e+01 3.3070e+00 1.6600e-01 7.4000e+00 3.0000e+00 1.9000e+00 4.6773e+01
1.9310e+00 1.2100e-01 7.7000e+00 5.3000e+00 2.9000e+00 6.5617e+01 1.5260e+00 9.4000e-02 7.3000e+00 3.7000e+00 2.4000e+00 6.6076e+01 1.2520e+00 1.7000e-02 7.7000e+00 7.4000e+00 1.9000e+00 5.0751e+01 3.3070e+00 1.6600e-01 7.4000e+00 3.0000e+00 1.9000e+00 4.6773e+01 2.7420e+00 6.3000e-02 7.5000e+00 5.4000e+00 1.0000e+00 4.1045e+01
1.9160e+00 6.8000e-02 7.8000e+00 5.5000e+00 3.8000e+00 6.8009e+01 1.6890e+00 7.1000e-02 7.5000e+00 3.3000e+00 1.4000e+00 5.8160e+01 3.3070e+00 1.6600e-01 7.4000e+00 3.0000e+00 1.9000e+00 4.6773e+01 2.7420e+00 6.3000e-02 7.5000e+00 5.4000e+00 1.0000e+00 4.1045e+01 2.0760e+00 3.1000e-02 7.2000e+00 5.5000e+00 2.8000e+00 6.0513e+01
1.5520e+00 3.7000e-02 7.2000e+00 7.2000e+00 1.4000e+00 4.4909e+01 2.1630e+00 1.2600e-01 7.5000e+00 2.1000e+00 1.2000e+00 3.6366e+01 2.7420e+00 6.3000e-02 7.5000e+00 5.4000e+00 1.0000e+00 4.1045e+01 2.0760e+00 3.1000e-02 7.2000e+00 5.5000e+00 2.8000e+00 6.0513e+01 2.3940e+00 2.0000e-02 7.2000e+00 4.6000e+00 1.6000e+00 4.6583e+01
1.9640e+00 4.9000e-02 7.7000e+00 7.2000e+00 2.2000e+00 4.4442e+01 2.6780e+00 6.9000e-02 7.4000e+00 5.7000e+00 1.5000e+00 3.3901e+01 2.0760e+00 3.1000e-02 7.2000e+00 5.5000e+00 2.8000e+00 6.0513e+01 2.3940e+00 2.0000e-02 7.2000e+00 4.6000e+00 1.6000e+00 4.6583e+01 2.2200e+00 1.1000e-02 7.4000e+00 8.2000e+00 3.8000e+00 4.7144e+01
2.6970e+00 2.9000e-02 7.2000e+00 1.0200e+01 2.3000e+00 2.1611e+01 2.5570e+00 4.6000e-02 7.7000e+00 1.1000e+01 1.4000e+00 4.9405e+01 2.3940e+00 2.0000e-02 7.2000e+00 4.6000e+00 1.6000e+00 4.6583e+01 2.2200e+00 1.1000e-02 7.4000e+00 8.2000e+00 3.8000e+00 4.7144e+01 3.1750e+00 2.6000e-02 7.8000e+00 1.2700e+01 2.1000e+00 5.0999e+01
2.9020e+00 1.5000e-02 7.9000e+00 1.0300e+01 1.9000e+00 4.7144e+01 2.6970e+00 4.8000e-02 7.8000e+00 1.1000e+01 7.0000e-01 4.6190e+01 2.2200e+00 1.1000e-02 7.4000e+00 8.2000e+00 3.8000e+00 4.7144e+01 3.1750e+00 2.6000e-02 7.8000e+00 1.2700e+01 2.1000e+00 5.0999e+01 3.5630e+00 4.6000e-02 7.6000e+00 1.3000e+01 2.4000e+00 4.0701e+01
3.9300e+00 4.3000e-02 7.6000e+00 1.2500e+01 3.7000e+00 2.8411e+01 2.9070e+00 1.1000e-02 7.7000e+00 1.2000e+01 3.1000e+00 5.6559e+01 3.1750e+00 2.6000e-02 7.8000e+00 1.2700e+01 2.1000e+00 5.0999e+01 3.5630e+00 4.6000e-02 7.6000e+00 1.3000e+01 2.4000e+00 4.0701e+01 3.0010e+00 1.0000e-02 7.5000e+00 1.3000e+01 1.8000e+00 4.5571e+01
3.7400e+00 7.1000e-02 7.5000e+00 8.1000e+00 3.8000e+00 4.3696e+01 2.8790e+00 1.3000e-02 8.4000e+00 1.2600e+01 3.1000e+00 6.0606e+01 3.5630e+00 4.6000e-02 7.6000e+00 1.3000e+01 2.4000e+00 4.0701e+01 3.0010e+00 1.0000e-02 7.5000e+00 1.3000e+01 1.8000e+00 4.5571e+01 2.7290e+00 3.3000e-02 8.0000e+00 9.9000e+00 3.8000e+00 6.3497e+01
2.3790e+00 1.7000e-02 7.7000e+00 8.1000e+00 3.1000e+00 6.0513e+01 2.1780e+00 2.5000e-02 7.5000e+00 7.2000e+00 3.4000e+00 5.5610e+01 3.0010e+00 1.0000e-02 7.5000e+00 1.3000e+01 1.8000e+00 4.5571e+01 2.7290e+00 3.3000e-02 8.0000e+00 9.9000e+00 3.8000e+00 6.3497e+01 3.0950e+00 5.7000e-02 7.5000e+00 1.0500e+01 6.6000e+00 5.4812e+01
2.7160e+00 1.1900e-01 7.5000e+00 3.0000e+00 1.2500e+01 5.4474e+01 2.6910e+00 2.3000e-02 7.4000e+00 5.0000e+00 4.3000e+00 5.4474e+01 2.7290e+00 3.3000e-02 8.0000e+00 9.9000e+00 3.8000e+00 6.3497e+01 3.0950e+00 5.7000e-02 7.5000e+00 1.0500e+01 6.6000e+00 5.4812e+01 2.7020e+00 4.4000e-02 7.3000e+00 4.2000e+00 2.6000e+00 5.2476e+01
2.3220e+00 5.6000e-02 7.8000e+00 5.5000e+00 3.8000e+00 6.6565e+01 1.2520e+00 1.7000e-02 7.7000e+00 7.4000e+00 1.9000e+00 5.0751e+01 3.0950e+00 5.7000e-02 7.5000e+00 1.0500e+01 6.6000e+00 5.4812e+01 2.7020e+00 4.4000e-02 7.3000e+00 4.2000e+00 2.6000e+00 5.2476e+01 2.2580e+00 4.2000e-02 7.4000e+00 5.3000e+00 1.4000e+00 6.3599e+01
2.7220e+00 6.3000e-02 7.4000e+00 6.0000e+00 2.3000e+00 5.9988e+01 3.3070e+00 1.6600e-01 7.4000e+00 3.0000e+00 1.9000e+00 4.6773e+01 2.7020e+00 4.4000e-02 7.3000e+00 4.2000e+00 2.6000e+00 5.2476e+01 2.2580e+00 4.2000e-02 7.4000e+00 5.3000e+00 1.4000e+00 6.3599e+01 3.3780e+00 1.7100e-01 7.1000e+00 3.9000e+00 2.3000e+00 4.8177e+01
1.5260e+00 9.4000e-02 7.3000e+00 3.7000e+00 2.4000e+00 6.6076e+01 2.7420e+00 6.3000e-02 7.5000e+00 5.4000e+00 1.0000e+00 4.1045e+01 2.2580e+00 4.2000e-02 7.4000e+00 5.3000e+00 1.4000e+00 6.3599e+01 3.3780e+00 1.7100e-01 7.1000e+00 3.9000e+00 2.3000e+00 4.8177e+01 1.3860e+00 7.9000e-02 7.5000e+00 4.7000e+00 1.7000e+00 5.9329e+01
1.6890e+00 7.1000e-02 7.5000e+00 3.3000e+00 1.4000e+00 5.8160e+01 2.0760e+00 3.1000e-02 7.2000e+00 5.5000e+00 2.8000e+00 6.0513e+01 3.3780e+00 1.7100e-01 7.1000e+00 3.9000e+00 2.3000e+00 4.8177e+01 1.3860e+00 7.9000e-02 7.5000e+00 4.7000e+00 1.7000e+00 5.9329e+01 2.8610e+00 7.5000e-02 7.8000e+00 6.7000e+00 1.2000e+00 4.8339e+01
2.1630e+00 1.2600e-01 7.5000e+00 2.1000e+00 1.2000e+00 3.6366e+01 2.3940e+00 2.0000e-02 7.2000e+00 4.6000e+00 1.6000e+00 4.6583e+01 1.3860e+00 7.9000e-02 7.5000e+00 4.7000e+00 1.7000e+00 5.9329e+01 2.8610e+00 7.5000e-02 7.8000e+00 6.7000e+00 1.2000e+00 4.8339e+01 3.2060e+00 8.7000e-02 7.7000e+00 5.9000e+00 2.3000e+00 4.8962e+01
2.6780e+00 6.9000e-02 7.4000e+00 5.7000e+00 1.5000e+00 3.3901e+01 2.2200e+00 1.1000e-02 7.4000e+00 8.2000e+00 3.8000e+00 4.7144e+01 2.8610e+00 7.5000e-02 7.8000e+00 6.7000e+00 1.2000e+00 4.8339e+01 3.2060e+00 8.7000e-02 7.7000e+00 5.9000e+00 2.3000e+00 4.8962e+01 2.7530e+00 3.9000e-02 7.6000e+00 9.5000e+00 1.4000e+00 4.1377e+01
2.5570e+00 4.6000e-02 7.7000e+00 1.1000e+01 1.4000e+00 4.9405e+01 3.1750e+00 2.6000e-02 7.8000e+00 1.2700e+01 2.1000e+00 5.0999e+01 3.2060e+00 8.7000e-02 7.7000e+00 5.9000e+00 2.3000e+00 4.8962e+01 2.7530e+00 3.9000e-02 7.6000e+00 9.5000e+00 1.4000e+00 4.1377e+01 2.9880e+00 2.7000e-02 7.4000e+00 1.1200e+01 1.4000e+00 4.7324e+01
2.9070e+00 1.1000e-02 7.7000e+00 1.2000e+01 3.1000e+00 5.6559e+01 3.0010e+00 1.0000e-02 7.5000e+00 1.3000e+01 1.8000e+00 4.5571e+01 2.9880e+00 2.7000e-02 7.4000e+00 1.1200e+01 1.4000e+00 4.7324e+01 4.4400e+00 5.1000e-02 7.8000e+00 1.0400e+01 1.9000e+00 4.9548e+01 3.1570e+00 1.0000e-02 8.0000e+00 1.3700e+01 6.0000e-01 5.6559e+01
2.8790e+00 1.3000e-02 8.4000e+00 1.2600e+01 3.1000e+00 6.0606e+01 2.7290e+00 3.3000e-02 8.0000e+00 9.9000e+00 3.8000e+00 6.3497e+01 4.4400e+00 5.1000e-02 7.8000e+00 1.0400e+01 1.9000e+00 4.9548e+01 3.1570e+00 1.0000e-02 8.0000e+00 1.3700e+01 6.0000e-01 5.6559e+01 2.9860e+00 1.3000e-02 8.0000e+00 1.2500e+01 3.2000e+00 5.7921e+01
2.1780e+00 2.5000e-02 7.5000e+00 7.2000e+00 3.4000e+00 5.5610e+01 3.0950e+00 5.7000e-02 7.5000e+00 1.0500e+01 6.6000e+00 5.4812e+01 3.1570e+00 1.0000e-02 8.0000e+00 1.3700e+01 6.0000e-01 5.6559e+01 2.9860e+00 1.3000e-02 8.0000e+00 1.2500e+01 3.2000e+00 5.7921e+01 2.6270e+00 2.2000e-02 8.2000e+00 1.1500e+01 3.5000e+00 5.5912e+01
2.6910e+00 2.3000e-02 7.4000e+00 5.0000e+00 4.3000e+00 5.4474e+01 2.7020e+00 4.4000e-02 7.3000e+00 4.2000e+00 2.6000e+00 5.2476e+01 2.9860e+00 1.3000e-02 8.0000e+00 1.2500e+01 3.2000e+00 5.7921e+01 2.6270e+00 2.2000e-02 8.2000e+00 1.1500e+01 3.5000e+00 5.5912e+01 2.2150e+00 3.6000e-02 7.8000e+00 8.0000e+00 2.2000e+00 5.8900e+01
1.2520e+00 1.7000e-02 7.7000e+00 7.4000e+00 1.9000e+00 5.0751e+01 2.2580e+00 4.2000e-02 7.4000e+00 5.3000e+00 1.4000e+00 6.3599e+01 2.6270e+00 2.2000e-02 8.2000e+00 1.1500e+01 3.5000e+00 5.5912e+01 2.2150e+00 3.6000e-02 7.8000e+00 8.0000e+00 2.2000e+00 5.8900e+01 1.3820e+00 5.5000e-02 7.8000e+00 5.7000e+00 2.1000e+00 4.9548e+01
3.3070e+00 1.6600e-01 7.4000e+00 3.0000e+00 1.9000e+00 4.6773e+01 3.3780e+00 1.7100e-01 7.1000e+00 3.9000e+00 2.3000e+00 4.8177e+01 2.2150e+00 3.6000e-02 7.8000e+00 8.0000e+00 2.2000e+00 5.8900e+01 1.3820e+00 5.5000e-02 7.8000e+00 5.7000e+00 2.1000e+00 4.9548e+01 1.1050e+00 2.2000e-02 7.9000e+00 7.7000e+00 4.7000e+00 7.3624e+01
2.7420e+00 6.3000e-02 7.5000e+00 5.4000e+00 1.0000e+00 4.1045e+01 1.3860e+00 7.9000e-02 7.5000e+00 4.7000e+00 1.7000e+00 5.9329e+01 1.3820e+00 5.5000e-02 7.8000e+00 5.7000e+00 2.1000e+00 4.9548e+01 1.1050e+00 2.2000e-02 7.9000e+00 7.7000e+00 4.7000e+00 7.3624e+01 2.7220e+00 1.1200e-01 8.0000e+00 4.5000e+00 2.0000e+00 5.1709e+01
2.0760e+00 3.1000e-02 7.2000e+00 5.5000e+00 2.8000e+00 6.0513e+01 2.8610e+00 7.5000e-02 7.8000e+00 6.7000e+00 1.2000e+00 4.8339e+01 1.1050e+00 2.2000e-02 7.9000e+00 7.7000e+00 4.7000e+00 7.3624e+01 2.7220e+00 1.1200e-01 8.0000e+00 4.5000e+00 2.0000e+00 5.1709e+01 1.9340e+00 5.9000e-02 7.7000e+00 4.3000e+00 2.8000e+00 4.7324e+01
2.3940e+00 2.0000e-02 7.2000e+00 4.6000e+00 1.6000e+00 4.6583e+01 3.2060e+00 8.7000e-02 7.7000e+00 5.9000e+00 2.3000e+00 4.8962e+01 2.7220e+00 1.1200e-01 8.0000e+00 4.5000e+00 2.0000e+00 5.1709e+01 1.9340e+00 5.9000e-02 7.7000e+00 4.3000e+00 2.8000e+00 4.7324e+01 2.9670e+00 9.4000e-02 7.4000e+00 2.8000e+00 1.6000e+00 4.8012e+01
2.2200e+00 1.1000e-02 7.4000e+00 8.2000e+00 3.8000e+00 4.7144e+01 2.7530e+00 3.9000e-02 7.6000e+00 9.5000e+00 1.4000e+00 4.1377e+01 1.9340e+00 5.9000e-02 7.7000e+00 4.3000e+00 2.8000e+00 4.7324e+01 2.9670e+00 9.4000e-02 7.4000e+00 2.8000e+00 1.6000e+00 4.8012e+01 2.4340e+00 1.3000e-02 7.4000e+00 6.9000e+00 1.2000e+00 2.9566e+01
3.1750e+00 2.6000e-02 7.8000e+00 1.2700e+01 2.1000e+00 5.0999e+01 2.9880e+00 2.7000e-02 7.4000e+00 1.1200e+01 1.4000e+00 4.7324e+01 2.9670e+00 9.4000e-02 7.4000e+00 2.8000e+00 1.6000e+00 4.8012e+01 2.4340e+00 1.3000e-02 7.4000e+00 6.9000e+00 1.2000e+00 2.9566e+01 2.9940e+00 3.6000e-02 7.7000e+00 1.0900e+01 1.3000e+00 2.9566e+01
3.5630e+00 4.6000e-02 7.6000e+00 1.3000e+01 2.4000e+00 4.0701e+01 4.4400e+00 5.1000e-02 7.8000e+00 1.0400e+01 1.9000e+00 4.9548e+01 2.4340e+00 1.3000e-02 7.4000e+00 6.9000e+00 1.2000e+00 2.9566e+01 2.9940e+00 3.6000e-02 7.7000e+00 1.0900e+01 1.3000e+00 2.9566e+01 3.2450e+00 2.7000e-02 7.5000e+00 1.2300e+01 1.7000e+00 3.3901e+01
3.0010e+00 1.0000e-02 7.5000e+00 1.3000e+01 1.8000e+00 4.5571e+01 3.1570e+00 1.0000e-02 8.0000e+00 1.3700e+01 6.0000e-01 5.6559e+01 2.9940e+00 3.6000e-02 7.7000e+00 1.0900e+01 1.3000e+00 2.9566e+01 3.2450e+00 2.7000e-02 7.5000e+00 1.2300e+01 1.7000e+00 3.3901e+01 2.9580e+00 1.0000e-02 7.9000e+00 1.0900e+01 1.2000e+00 5.8955e+01
2.7290e+00 3.3000e-02 8.0000e+00 9.9000e+00 3.8000e+00 6.3497e+01 2.9860e+00 1.3000e-02 8.0000e+00 1.2500e+01 3.2000e+00 5.7921e+01 3.2450e+00 2.7000e-02 7.5000e+00 1.2300e+01 1.7000e+00 3.3901e+01 2.9580e+00 1.0000e-02 7.9000e+00 1.0900e+01 1.2000e+00 5.8955e+01 3.2020e+00 2.1000e-02 7.2000e+00 1.0300e+01 2.0000e+00 5.5377e+01
3.0950e+00 5.7000e-02 7.5000e+00 1.0500e+01 6.6000e+00 5.4812e+01 2.6270e+00 2.2000e-02 8.2000e+00 1.1500e+01 3.5000e+00 5.5912e+01 2.9580e+00 1.0000e-02 7.9000e+00 1.0900e+01 1.2000e+00 5.8955e+01 3.2020e+00 2.1000e-02 7.2000e+00 1.0300e+01 2.0000e+00 5.5377e+01 2.4440e+00 1.2000e-02 7.6000e+00 9.4000e+00 2.2000e+00 5.5986e+01
2.6970e+00 4.8000e-02 7.8000e+00 1.1000e+01 7.0000e-01 4.6190e+01 3.5630e+00 4.6000e-02 7.6000e+00 1.3000e+01 2.4000e+00 4.0701e+01 2.7530e+00 3.9000e-02 7.6000e+00 9.5000e+00 1.4000e+00 4.1377e+01 2.9880e+00 2.7000e-02 7.4000e+00 1.1200e+01 1.4000e+00 4.7324e+01 4.4400e+00 5.1000e-02 7.8000e+00 1.0400e+01 1.9000e+00 4.9548e+01
