1.6998e+01 1.0380e+00 7.6000e+00 1.3300e+01 1.2200e+01 3.4578e+01 1.4282e+01 9.5000e-01 7.6000e+00 1.1700e+01 9.3000e+00 5.0876e+01 6.1280e+00 6.5700e-01 7.7000e+00 1.0800e+01 4.2000e+00 4.1377e+01 1.0908e+01 3.3500e-01 7.2000e+00 1.1300e+01 7.4000e+00 4.1045e+01 1.4266e+01 3.4500e-01 7.3000e+00 1.1700e+01 8.3000e+00 4.2890e+01
1.7366e+01 7.4800e-01 7.5000e+00 1.0100e+01 1.1400e+01 4.4909e+01 9.7090e+00 3.8600e-01 7.5000e+00 1.2400e+01 1.1100e+01 5.5377e+01 1.0908e+01 3.3500e-01 7.2000e+00 1.1300e+01 7.4000e+00 4.1045e+01 1.4266e+01 3.4500e-01 7.3000e+00 1.1700e+01 8.3000e+00 4.2890e+01 1.3685e+01 1.7500e-01 7.6000e+00 1.4000e+01 8.0000e+00 4.5571e+01
1.4576e+01 8.0400e-01 7.2000e+00 9.9000e+00 1.2600e+01 4.8656e+01 8.7150e+00 1.0700e+00 7.5000e+00 1.3100e+01 8.6000e+00 5.2788e+01 1.4266e+01 3.4500e-01 7.3000e+00 1.1700e+01 8.3000e+00 4.2890e+01 1.3685e+01 1.7500e-01 7.6000e+00 1.4000e+01 8.0000e+00 4.5571e+01 1.2184e+01 7.7000e-01 7.4000e+00 1.3300e+01 1.1500e+01 4.9405e+01
1.4764e+01 1.1460e+00 7.5000e+00 8.5000e+00 8.6000e+00 5.2890e+01 5.4240e+00 8.0500e-01 7.6000e+00 7.7000e+00 8.2000e+00 5.4729e+01 1.3685e+01 1.7500e-01 7.6000e+00 1.4000e+01 8.0000e+00 4.5571e+01 1.2184e+01 7.7000e-01 7.4000e+00 1.3300e+01 1.1500e+01 4.9405e+01 9.9600e+00 5.9500e-01 7.4000e+00 1.0300e+01 8.5000e+00 5.8622e+01
8.3430e+00 3.3900e-01 7.0000e+00 7.4000e+00 5.0000e+00 4.0344e+01 4.7580e+00 3.1600e-01 7.6000e+00 8.5000e+00 6.2000e+00 5.6205e+01 1.2184e+01 7.7000e-01 7.4000e+00 1.3300e+01 1.1500e+01 4.9405e+01 9.9600e+00 5.9500e-01 7.4000e+00 1.0300e+01 8.5000e+00 5.8622e+01 5.7600e+00 3.8700e-01 7.4000e+00 8.9000e+00 1.1900e+01 5.1709e+01
6.8910e+00 3.1900e-01 7.2000e+00 7.8000e+00 3.2000e+00 5.2890e+01 4.1720e+00 5.7400e-01 8.0000e+00 1.0200e+01 4.9000e+00 7.0831e+01 9.9600e+00 5.9500e-01 7.4000e+00 1.0300e+01 8.5000e+00 5.8622e+01 5.7600e+00 3.8700e-01 7.4000e+00 8.9000e+00 1.1900e+01 5.1709e+01 7.7370e+00 7.9200e-01 7.5000e+00 7.1000e+00 8.7000e+00 3.5211e+01
5.7830e+00 2.2300e-01 7.8000e+00 8.6000e+00 4.3000e+00 4.2011e+01 2.6930e+00 3.1300e-01 7.5000e+00 8.2000e+00 7.0000e-01 4.0344e+01 5.7600e+00 3.8700e-01 7.4000e+00 8.9000e+00 1.1900e+01 5.1709e+01 7.7370e+00 7.9200e-01 7.5000e+00 7.1000e+00 8.7000e+00 3.5211e+01 3.5760e+00 4.2700e-01 7.7000e+00 7.8000e+00 2.9000e+00 4.4678e+01
4.8490e+00 2.7400e-01 7.2000e+00 6.1000e+00 4.7000e+00 3.7400e+01 4.9790e+00 5.4000e-01 7.4000e+00 7.9000e+00 8.3000e+00 3.4578e+01 7.7370e+00 7.9200e-01 7.5000e+00 7.1000e+00 8.7000e+00 3.5211e+01 3.5760e+00 4.2700e-01 7.7000e+00 7.8000e+00 2.9000e+00 4.4678e+01 5.3280e+00 2.2600e-01 7.6000e+00 7.8000e+00 2.3000e+00 4.1699e+01
6.9610e+00 3.3500e-01 7.7000e+00 8.9000e+00 4.2000e+00 5.6059e+01 3.7540e+00 4.4700e-01 7.6000e+00 7.9000e+00 5.0000e+00 4.7845e+01 3.5760e+00 4.2700e-01 7.7000e+00 7.8000e+00 2.9000e+00 4.4678e+01 5.3280e+00 2.2600e-01 7.6000e+00 7.8000e+00 2.3000e+00 4.1699e+01 6.8400e+00 1.6300e-01 8.1000e+00 9.5000e+00 1.6000e+00 4.7144e+01
8.3000e+00 9.5200e-01 7.5000e+00 1.3800e+01 4.5000e+00 4.8499e+01 5.6840e+00 4.4200e-01 7.5000e+00 1.0100e+01 2.3000e+00 3.4578e+01 5.3280e+00 2.2600e-01 7.6000e+00 7.8000e+00 2.3000e+00 4.1699e+01 6.8400e+00 1.6300e-01 8.1000e+00 9.5000e+00 1.6000e+00 4.7144e+01 8.0000e+00 5.7100e-01 7.7000e+00 6.6000e+00 4.5000e+00 4.1045e+01
7.5430e+00 8.2800e-01 7.5000e+00 1.1800e+01 5.0000e+00 4.3696e+01 6.1280e+00 6.5700e-01 7.7000e+00 1.0800e+01 4.2000e+00 4.1377e+01 6.8400e+00 1.6300e-01 8.1000e+00 9.5000e+00 1.6000e+00 4.7144e+01 8.0000e+00 5.7100e-01 7.7000e+00 6.6000e+00 4.5000e+00 4.1045e+01 1.0728e+01 2.9800e-01 7.4000e+00 9.4000e+00 8.6000e+00 4.2605e+01
8.8160e+00 9.8300e-01 7.6000e+00 1.2100e+01 3.7000e+00 4.3951e+01 1.0908e+01 3.3500e-01 7.2000e+00 1.1300e+01 7.4000e+00 4.1045e+01 8.0000e+00 5.7100e-01 7.7000e+00 6.6000e+00 4.5000e+00 4.1045e+01 1.0728e+01 2.9800e-01 7.4000e+00 9.4000e+00 8.6000e+00 4.2605e+01 1.2048e+01 3.1700e-01 7.8000e+00 9.0000e+00 5.4000e+00 4.9112e+01
1.4282e+01 9.5000e-01 7.6000e+00 1.1700e+01 9.3000e+00 5.0876e+01 1.4266e+01 3.4500e-01 7.3000e+00 1.1700e+01 8.3000e+00 4.2890e+01 1.0728e+01 2.9800e-01 7.4000e+00 9.4000e+00 8.6000e+00 4.2605e+01 1.2048e+01 3.1700e-01 7.8000e+00 9.0000e+00 5.4000e+00 4.9112e+01 1.3776e+01 3.7900e-01 7.4000e+00 9.3000e+00 6.0000e+00 4.9112e+01
9.7090e+00 3.8600e-01 7.5000e+00 1.2400e+01 1.1100e+01 5.5377e+01 1.3685e+01 1.7500e-01 7.6000e+00 1.4000e+01 8.0000e+00 4.5571e+01 1.2048e+01 3.1700e-01 7.8000e+00 9.0000e+00 5.4000e+00 4.9112e+01 1.3776e+01 3.7900e-01 7.4000e+00 9.3000e+00 6.0000e+00 4.9112e+01 1.3248e+01 2.5000e-01 8.0000e+00 1.0300e+01 8.7000e+00 4.2605e+01
8.7150e+00 1.0700e+00 7.5000e+00 1.3100e+01 8.6000e+00 5.2788e+01 1.2184e+01 7.7000e-01 7.4000e+00 1.3300e+01 1.1500e+01 4.9405e+01 1.3776e+01 3.7900e-01 7.4000e+00 9.3000e+00 6.0000e+00 4.9112e+01 1.3248e+01 2.5000e-01 8.0000e+00 1.0300e+01 8.7000e+00 4.2605e+01 1.2434e+01 5.9000e-01 7.5000e+00 7.8000e+00 8.3000e+00 4.2312e+01
5.4240e+00 8.0500e-01 7.6000e+00 7.7000e+00 8.2000e+00 5.4729e+01 9.9600e+00 5.9500e-01 7.4000e+00 1.0300e+01 8.5000e+00 5.8622e+01 1.3248e+01 2.5000e-01 8.0000e+00 1.0300e+01 8.7000e+00 4.2605e+01 1.2434e+01 5.9000e-01 7.5000e+00 7.8000e+00 8.3000e+00 4.2312e+01 1.2580e+01 3.3600e-01 8.0000e+00 7.4000e+00 6.4000e+00 4.9548e+01
4.7580e+00 3.1600e-01 7.6000e+00 8.5000e+00 6.2000e+00 5.6205e+01 5.7600e+00 3.8700e-01 7.4000e+00 8.9000e+00 1.1900e+01 5.1709e+01 1.2434e+01 5.9000e-01 7.5000e+00 7.8000e+00 8.3000e+00 4.2312e+01 1.2580e+01 3.3600e-01 8.0000e+00 7.4000e+00 6.4000e+00 4.9548e+01 9.4540e+00 8.8200e-01 7.6000e+00 7.5000e+00 6.7000e+00 4.8177e+01
4.1720e+00 5.7400e-01 8.0000e+00 1.0200e+01 4.9000e+00 7.0831e+01 7.7370e+00 7.9200e-01 7.5000e+00 7.1000e+00 8.7000e+00 3.5211e+01 1.2580e+01 3.3600e-01 8.0000e+00 7.4000e+00 6.4000e+00 4.9548e+01 9.4540e+00 8.8200e-01 7.6000e+00 7.5000e+00 6.7000e+00 4.8177e+01 8.4220e+00 1.0250e+00 7.7000e+00 5.9000e+00 2.6000e+00 4.8962e+01
2.6930e+00 3.1300e-01 7.5000e+00 8.2000e+00 7.0000e-01 4.0344e+01 3.5760e+00 4.2700e-01 7.7000e+00 7.8000e+00 2.9000e+00 4.4678e+01 9.4540e+00 8.8200e-01 7.6000e+00 7.5000e+00 6.7000e+00 4.8177e+01 8.4220e+00 1.0250e+00 7.7000e+00 5.9000e+00 2.6000e+00 4.8962e+01 7.5070e+00 1.5700e-01 7.7000e+00 5.0000e+00 3.2000e+00 6.3998e+01
4.9790e+00 5.4000e-01 7.4000e+00 7.9000e+00 8.3000e+00 3.4578e+01 5.3280e+00 2.2600e-01 7.6000e+00 7.8000e+00 2.3000e+00 4.1699e+01 8.4220e+00 1.0250e+00 7.7000e+00 5.9000e+00 2.6000e+00 4.8962e+01 7.5070e+00 1.5700e-01 7.7000e+00 5.0000e+00 3.2000e+00 6.3998e+01 6.0920e+00 3.4000e-02 7.3000e+00 6.4000e+00 2.5000e+00 4.5571e+01
3.7540e+00 4.4700e-01 7.6000e+00 7.9000e+00 5.0000e+00 4.7845e+01 6.8400e+00 1.6300e-01 8.1000e+00 9.5000e+00 1.6000e+00 4.7144e+01 7.5070e+00 1.5700e-01 7.7000e+00 5.0000e+00 3.2000e+00 6.3998e+01 6.0920e+00 3.4000e-02 7.3000e+00 6.4000e+00 2.5000e+00 4.5571e+01 8.3010e+00 1.2200e-01 7.8000e+00 6.7000e+00 2.3000e+00 6.0086e+01
5.6840e+00 4.4200e-01 7.5000e+00 1.0100e+01 2.3000e+00 3.4578e+01 8.0000e+00 5.7100e-01 7.7000e+00 6.6000e+00 4.5000e+00 4.1045e+01 6.0920e+00 3.4000e-02 7.3000e+00 6.4000e+00 2.5000e+00 4.5571e+01 8.3010e+00 1.2200e-01 7.8000e+00 6.7000e+00 2.3000e+00 6.0086e+01 7.8630e+00 1.9100e-01 7.5000e+00 6.1000e+00 2.8000e+00 4.1045e+01
6.1280e+00 6.5700e-01 7.7000e+00 1.0800e+01 4.2000e+00 4.1377e+01 1.0728e+01 2.9800e-01 7.4000e+00 9.4000e+00 8.6000e+00 4.2605e+01 8.3010e+00 1.2200e-01 7.8000e+00 6.7000e+00 2.3000e+00 6.0086e+01 7.8630e+00 1.9100e-01 7.5000e+00 6.1000e+00 2.8000e+00 4.1045e+01 8.3890e+00 3.8100e-01 7.6000e+00 1.2400e+01 4.9000e+00 4.3166e+01
1.0908e+01 3.3500e-01 7.2000e+00 1.1300e+01 7.4000e+00 4.1045e+01 1.2048e+01 3.1700e-01 7.8000e+00 9.0000e+00 5.4000e+00 4.9112e+01 7.8630e+00 1.9100e-01 7.5000e+00 6.1000e+00 2.8000e+00 4.1045e+01 8.3890e+00 3.8100e-01 7.6000e+00 1.2400e+01 4.9000e+00 4.3166e+01 9.1880e+00 1.0100e-01 7.7000e+00 6.9000e+00 1.8000e+00 2.3800e+01
1.4266e+01 3.4500e-01 7.3000e+00 1.1700e+01 8.3000e+00 4.2890e+01 1.3776e+01 3.7900e-01 7.4000e+00 9.3000e+00 6.0000e+00 4.9112e+01 8.3890e+00 3.8100e-01 7.6000e+00 1.2400e+01 4.9000e+00 4.3166e+01 9.1880e+00 1.0100e-01 7.7000e+00 6.9000e+00 1.8000e+00 2.3800e+01 1.1870e+01 1.7200e-01 7.8000e+00 1.1400e+01 3.1000e+00 4.2605e+01
1.3685e+01 1.7500e-01 7.6000e+00 1.4000e+01 8.0000e+00 4.5571e+01 1.3248e+01 2.5000e-01 8.0000e+00 1.0300e+01 8.7000e+00 4.2605e+01 9.1880e+00 1.0100e-01 7.7000e+00 6.9000e+00 1.8000e+00 2.3800e+01 1.1870e+01 1.7200e-01 7.8000e+00 1.1400e+01 3.1000e+00 4.2605e+01 1.1253e+01 2.5100e-01 7.7000e+00 7.4000e+00 7.7000e+00 2.8411e+01
1.2184e+01 7.7000e-01 7.4000e+00 1.3300e+01 1.1500e+01 4.9405e+01 1.2434e+01 5.9000e-01 7.5000e+00 7.8000e+00 8.3000e+00 4.2312e+01 1.1870e+01 1.7200e-01 7.8000e+00 1.1400e+01 3.1000e+00 4.2605e+01 1.1253e+01 2.5100e-01 7.7000e+00 7.4000e+00 7.7000e+00 2.8411e+01 1.1001e+01 6.9000e-02 7.7000e+00 7.2000e+00 4.8000e+00 5.0366e+01
9.9600e+00 5.9500e-01 7.4000e+00 1.0300e+01 8.5000e+00 5.8622e+01 1.2580e+01 3.3600e-01 8.0000e+00 7.4000e+00 6.4000e+00 4.9548e+01 1.1253e+01 2.5100e-01 7.7000e+00 7.4000e+00 7.7000e+00 2.8411e+01 1.1001e+01 6.9000e-02 7.7000e+00 7.2000e+00 4.8000e+00 5.0366e+01 9.0250e+00 6.1000e-02 7.5000e+00 6.6000e+00 6.1000e+00 5.0366e+01
5.7600e+00 3.8700e-01 7.4000e+00 8.9000e+00 1.1900e+01 5.1709e+01 9.4540e+00 8.8200e-01 7.6000e+00 7.5000e+00 6.7000e+00 4.8177e+01 1.1001e+01 6.9000e-02 7.7000e+00 7.2000e+00 4.8000e+00 5.0366e+01 9.0250e+00 6.1000e-02 7.5000e+00 6.6000e+00 6.1000e+00 5.0366e+01 8.3870e+00 5.3000e-02 7.5000e+00 8.0000e+00 2.4000e+00 4.8177e+01
7.7370e+00 7.9200e-01 7.5000e+00 7.1000e+00 8.7000e+00 3.5211e+01 8.4220e+00 1.0250e+00 7.7000e+00 5.9000e+00 2.6000e+00 4.8962e+01 9.0250e+00 6.1000e-02 7.5000e+00 6.6000e+00 6.1000e+00 5.0366e+01 8.3870e+00 5.3000e-02 7.5000e+00 8.0000e+00 2.4000e+00 4.8177e+01 8.0720e+00 6.9000e-02 7.6000e+00 7.0000e+00 2.0000e+00 4.8962e+01
3.5760e+00 4.2700e-01 7.7000e+00 7.8000e+00 2.9000e+00 4.4678e+01 7.5070e+00 1.5700e-01 7.7000e+00 5.0000e+00 3.2000e+00 6.3998e+01 8.3870e+00 5.3000e-02 7.5000e+00 8.0000e+00 2.4000e+00 4.8177e+01 8.0720e+00 6.9000e-02 7.6000e+00 7.0000e+00 2.0000e+00 4.8962e+01 1.0175e+01 6.4000e-02 8.1000e+00 6.5000e+00 4.0000e+00 4.9260e+01
5.3280e+00 2.2600e-01 7.6000e+00 7.8000e+00 2.3000e+00 4.1699e+01 6.0920e+00 3.4000e-02 7.3000e+00 6.4000e+00 2.5000e+00 4.5571e+01 8.0720e+00 6.9000e-02 7.6000e+00 7.0000e+00 2.0000e+00 4.8962e+01 1.0175e+01 6.4000e-02 8.1000e+00 6.5000e+00 4.0000e+00 4.9260e+01 7.2960e+00 7.4000e-02 7.7000e+00 6.3000e+00 2.6000e+00 5.4474e+01
6.8400e+00 1.6300e-01 8.1000e+00 9.5000e+00 1.6000e+00 4.7144e+01 8.3010e+00 1.2200e-01 7.8000e+00 6.7000e+00 2.3000e+00 6.0086e+01 1.0175e+01 6.4000e-02 8.1000e+00 6.5000e+00 4.0000e+00 4.9260e+01 7.2960e+00 7.4000e-02 7.7000e+00 6.3000e+00 2.6000e+00 5.4474e+01 7.0300e+00 1.2100e-01 7.3000e+00 8.3000e+00 2.0000e+00 4.7144e+01
8.0000e+00 5.7100e-01 7.7000e+00 6.6000e+00 4.5000e+00 4.1045e+01 7.8630e+00 1.9100e-01 7.5000e+00 6.1000e+00 2.8000e+00 4.1045e+01 7.2960e+00 7.4000e-02 7.7000e+00 6.3000e+00 2.6000e+00 5.4474e+01 7.0300e+00 1.2100e-01 7.3000e+00 8.3000e+00 2.0000e+00 4.7144e+01 8.0540e+00 1.0300e-01 7.1000e+00 8.2000e+00 1.6000e+00 4.7845e+01
1.0728e+01 2.9800e-01 7.4000e+00 9.4000e+00 8.6000e+00 4.2605e+01 8.3890e+00 3.8100e-01 7.6000e+00 1.2400e+01 4.9000e+00 4.3166e+01 7.0300e+00 1.2100e-01 7.3000e+00 8.3000e+00 2.0000e+00 4.7144e+01 8.0540e+00 1.0300e-01 7.1000e+00 8.2000e+00 1.6000e+00 4.7845e+01 8.2870e+00 1.0200e-01 7.4000e+00 7.3000e+00 3.5000e+00 5.1242e+01
1.2048e+01 3.1700e-01 7.8000e+00 9.0000e+00 5.4000e+00 4.9112e+01 9.1880e+00 1.0100e-01 7.7000e+00 6.9000e+00 1.8000e+00 2.3800e+01 8.0540e+00 1.0300e-01 7.1000e+00 8.2000e+00 1.6000e+00 4.7845e+01 8.2870e+00 1.0200e-01 7.4000e+00 7.3000e+00 3.5000e+00 5.1242e+01 9.0320e+00 5.9000e-02 7.4000e+00 9.8000e+00 1.7000e+00 2.8411e+01
1.3776e+01 3.7900e-01 7.4000e+00 9.3000e+00 6.0000e+00 4.9112e+01 1.1870e+01 1.7200e-01 7.8000e+00 1.1400e+01 3.1000e+00 4.2605e+01 8.2870e+00 1.0200e-01 7.4000e+00 7.3000e+00 3.5000e+00 5.1242e+01 9.0320e+00 5.9000e-02 7.4000e+00 9.8000e+00 1.7000e+00 2.8411e+01 1.0656e+01 1.6200e-01 7.4000e+00 9.1000e+00 4.3000e+00 4.8810e+01
1.3248e+01 2.5000e-01 8.0000e+00 1.0300e+01 8.7000e+00 4.2605e+01 1.1253e+01 2.5100e-01 7.7000e+00 7.4000e+00 7.7000e+00 2.8411e+01 9.0320e+00 5.9000e-02 7.4000e+00 9.8000e+00 1.7000e+00 2.8411e+01 1.0656e+01 1.6200e-01 7.4000e+00 9.1000e+00 4.3000e+00 4.8810e+01 1.1745e+01 1.0700e-01 7.3000e+00 1.1400e+01 6.1000e+00 4.1045e+01
1.2434e+01 5.9000e-01 7.5000e+00 7.8000e+00 8.3000e+00 4.2312e+01 1.1001e+01 6.9000e-02 7.7000e+00 7.2000e+00 4.8000e+00 5.0366e+01 1.0656e+01 1.6200e-01 7.4000e+00 9.1000e+00 4.3000e+00 4.8810e+01 1.1745e+01 1.0700e-01 7.3000e+00 1.1400e+01 6.1000e+00 4.1045e+01 9.1010e+00 8.5000e-02 7.4000e+00 1.0300e+01 1.9000e+00 3.3174e+01
1.2580e+01 3.3600e-01 8.0000e+00 7.4000e+00 6.4000e+00 4.9548e+01 9.0250e+00 6.1000e-02 7.5000e+00 6.6000e+00 6.1000e+00 5.0366e+01 1.1745e+01 1.0700e-01 7.3000e+00 1.1400e+01 6.1000e+00 4.1045e+01 9.1010e+00 8.5000e-02 7.4000e+00 1.0300e+01 1.9000e+00 3.3174e+01 9.8680e+00 6.0000e-02 7.3000e+00 9.4000e+00 1.8000e+00 4.8012e+01
9.4540e+00 8.8200e-01 7.6000e+00 7.5000e+00 6.7000e+00 4.8177e+01 8.3870e+00 5.3000e-02 7.5000e+00 8.0000e+00 2.4000e+00 4.8177e+01 9.1010e+00 8.5000e-02 7.4000e+00 1.0300e+01 1.9000e+00 3.3174e+01 9.8680e+00 6.0000e-02 7.3000e+00 9.4000e+00 1.8000e+00 4.8012e+01 6.7150e+00 1.1900e-01 7.8000e+00 7.8000e+00 2.0000e+00 4.8177e+01
8.4220e+00 1.0250e+00 7.7000e+00 5.9000e+00 2.6000e+00 4.8962e+01 8.0720e+00 6.9000e-02 7.6000e+00 7.0000e+00 2.0000e+00 4.8962e+01 9.8680e+00 6.0000e-02 7.3000e+00 9.4000e+00 1.8000e+00 4.8012e+01 6.7150e+00 1.1900e-01 7.8000e+00 7.8000e+00 2.0000e+00 4.8177e+01 7.8660e+00 6.6000e-02 7.9000e+00 7.5000e+00 1.7000e+00 5.1121e+01
7.5070e+00 1.5700e-01 7.7000e+00 5.0000e+00 3.2000e+00 6.3998e+01 1.0175e+01 6.4000e-02 8.1000e+00 6.5000e+00 4.0000e+00 4.9260e+01 6.7150e+00 1.1900e-01 7.8000e+00 7.8000e+00 2.0000e+00 4.8177e+01 7.8660e+00 6.6000e-02 7.9000e+00 7.5000e+00 1.7000e+00 5.1121e+01 6.4050e+00 6.2000e-02 7.3000e+00 8.5000e+00 1.5000e+00 5.1242e+01
6.0920e+00 3.4000e-02 7.3000e+00 6.4000e+00 2.5000e+00 4.5571e+01 7.2960e+00 7.4000e-02 7.7000e+00 6.3000e+00 2.6000e+00 5.4474e+01 7.8660e+00 6.6000e-02 7.9000e+00 7.5000e+00 1.7000e+00 5.1121e+01 6.4050e+00 6.2000e-02 7.3000e+00 8.5000e+00 1.5000e+00 5.1242e+01 6.6450e+00 6.5000e-02 7.4000e+00 9.5000e+00 1.5000e+00 5.4895e+01
8.3010e+00 1.2200e-01 7.8000e+00 6.7000e+00 2.3000e+00 6.0086e+01 7.0300e+00 1.2100e-01 7.3000e+00 8.3000e+00 2.0000e+00 4.7144e+01 6.4050e+00 6.2000e-02 7.3000e+00 8.5000e+00 1.5000e+00 5.1242e+01 6.6450e+00 6.5000e-02 7.4000e+00 9.5000e+00 1.5000e+00 5.4895e+01 7.2860e+00 8.4000e-02 7.3000e+00 6.6000e+00 2.2000e+00 4.5782e+01
7.8630e+00 1.9100e-01 7.5000e+00 6.1000e+00 2.8000e+00 4.1045e+01 8.0540e+00 1.0300e-01 7.1000e+00 8.2000e+00 1.6000e+00 4.7845e+01 6.6450e+00 6.5000e-02 7.4000e+00 9.5000e+00 1.5000e+00 5.4895e+01 7.2860e+00 8.4000e-02 7.3000e+00 6.6000e+00 2.2000e+00 4.5782e+01 7.2940e+00 6.4000e-02 7.5000e+00 5.9000e+00 6.0000e-01 3.7400e+01
8.3890e+00 3.8100e-01 7.6000e+00 1.2400e+01 4.9000e+00 4.3166e+01 8.2870e+00 1.0200e-01 7.4000e+00 7.3000e+00 3.5000e+00 5.1242e+01 7.2860e+00 8.4000e-02 7.3000e+00 6.6000e+00 2.2000e+00 4.5782e+01 7.2940e+00 6.4000e-02 7.5000e+00 5.9000e+00 6.0000e-01 3.7400e+01 9.8450e+00 6.3000e-02 7.7000e+00 8.5000e+00 2.0000e+00 4.1377e+01
9.1880e+00 1.0100e-01 7.7000e+00 6.9000e+00 1.8000e+00 2.3800e+01 9.0320e+00 5.9000e-02 7.4000e+00 9.8000e+00 1.7000e+00 2.8411e+01 7.2940e+00 6.4000e-02 7.5000e+00 5.9000e+00 6.0000e-01 3.7400e+01 9.8450e+00 6.3000e-02 7.7000e+00 8.5000e+00 2.0000e+00 4.1377e+01 1.2072e+01 1.2700e-01 7.4000e+00 9.8000e+00 2.9000e+00 4.1377e+01
1.1870e+01 1.7200e-01 7.8000e+00 1.1400e+01 3.1000e+00 4.2605e+01 1.0656e+01 1.6200e-01 7.4000e+00 9.1000e+00 4.3000e+00 4.8810e+01 9.8450e+00 6.3000e-02 7.7000e+00 8.5000e+00 2.0000e+00 4.1377e+01 1.2072e+01 1.2700e-01 7.4000e+00 9.8000e+00 2.9000e+00 4.1377e+01 8.9810e+00 2.0700e-01 7.4000e+00 1.0000e+01 3.0000e+00 4.2312e+01
1.1253e+01 2.5100e-01 7.7000e+00 7.4000e+00 7.7000e+00 2.8411e+01 1.1745e+01 1.0700e-01 7.3000e+00 1.1400e+01 6.1000e+00 4.1045e+01 1.2072e+01 1.2700e-01 7.4000e+00 9.8000e+00 2.9000e+00 4.1377e+01 8.9810e+00 2.0700e-01 7.4000e+00 1.0000e+01 3.0000e+00 4.2312e+01 1.1036e+01 9.7000e-02 7.2000e+00 1.0600e+01 5.9000e+00 3.8771e+01
1.1001e+01 6.9000e-02 7.7000e+00 7.2000e+00 4.8000e+00 5.0366e+01 9.1010e+00 8.5000e-02 7.4000e+00 1.0300e+01 1.9000e+00 3.3174e+01 8.9810e+00 2.0700e-01 7.4000e+00 1.0000e+01 3.0000e+00 4.2312e+01 1.1036e+01 9.7000e-02 7.2000e+00 1.0600e+01 5.9000e+00 3.8771e+01 9.9030e+00 8.2000e-02 7.5000e+00 1.1200e+01 4.5000e+00 4.3696e+01
9.0250e+00 6.1000e-02 7.5000e+00 6.6000e+00 6.1000e+00 5.0366e+01 9.8680e+00 6.0000e-02 7.3000e+00 9.4000e+00 1.8000e+00 4.8012e+01 1.1036e+01 9.7000e-02 7.2000e+00 1.0600e+01 5.9000e+00 3.8771e+01 9.9030e+00 8.2000e-02 7.5000e+00 1.1200e+01 4.5000e+00 4.3696e+01 8.9450e+00 5.9000e-02 7.3000e+00 9.6000e+00 1.5000e+00 3.7400e+01
8.3870e+00 5.3000e-02 7.5000e+00 8.0000e+00 2.4000e+00 4.8177e+01 6.7150e+00 1.1900e-01 7.8000e+00 7.8000e+00 2.0000e+00 4.8177e+01 9.9030e+00 8.2000e-02 7.5000e+00 1.1200e+01 4.5000e+00 4.3696e+01 8.9450e+00 5.9000e-02 7.3000e+00 9.6000e+00 1.5000e+00 3.7400e+01 8.0740e+00 3.1000e-02 7.2000e+00 7.4000e+00 1.5000e+00 4.2312e+01
8.0720e+00 6.9000e-02 7.6000e+00 7.0000e+00 2.0000e+00 4.8962e+01 7.8660e+00 6.6000e-02 7.9000e+00 7.5000e+00 1.7000e+00 5.1121e+01 8.9450e+00 5.9000e-02 7.3000e+00 9.6000e+00 1.5000e+00 3.7400e+01 8.0740e+00 3.1000e-02 7.2000e+00 7.4000e+00 1.5000e+00 4.2312e+01 8.0860e+00 4.7000e-02 7.3000e+00 7.3000e+00 5.5000e+00 4.6583e+01
1.0175e+01 6.4000e-02 8.1000e+00 6.5000e+00 4.0000e+00 4.9260e+01 6.4050e+00 6.2000e-02 7.3000e+00 8.5000e+00 1.5000e+00 5.1242e+01 8.0740e+00 3.1000e-02 7.2000e+00 7.4000e+00 1.5000e+00 4.2312e+01 8.0860e+00 4.7000e-02 7.3000e+00 7.3000e+00 5.5000e+00 4.6583e+01 6.1110e+00 8.5000e-02 7.3000e+00 6.1000e+00 1.5000e+00 4.2312e+01
7.2960e+00 7.4000e-02 7.7000e+00 6.3000e+00 2.6000e+00 5.4474e+01 6.6450e+00 6.5000e-02 7.4000e+00 9.5000e+00 1.5000e+00 5.4895e+01 8.0860e+00 4.7000e-02 7.3000e+00 7.3000e+00 5.5000e+00 4.6583e+01 6.1110e+00 8.5000e-02 7.3000e+00 6.1000e+00 1.5000e+00 4.2312e+01 4.9660e+00 7.7000e-02 7.5000e+00 7.4000e+00 1.2000e+00 3.1535e+01
7.0300e+00 1.2100e-01 7.3000e+00 8.3000e+00 2.0000e+00 4.7144e+01 7.2860e+00 8.4000e-02 7.3000e+00 6.6000e+00 2.2000e+00 4.5782e+01 6.1110e+00 8.5000e-02 7.3000e+00 6.1000e+00 1.5000e+00 4.2312e+01 4.9660e+00 7.7000e-02 7.5000e+00 7.4000e+00 1.2000e+00 3.1535e+01 8.0930e+00 1.0900e-01 7.2000e+00 7.0000e+00 2.5000e+00 4.7845e+01
8.0540e+00 1.0300e-01 7.1000e+00 8.2000e+00 1.6000e+00 4.7845e+01 7.2940e+00 6.4000e-02 7.5000e+00 5.9000e+00 6.0000e-01 3.7400e+01 4.9660e+00 7.7000e-02 7.5000e+00 7.4000e+00 1.2000e+00 3.1535e+01 8.0930e+00 1.0900e-01 7.2000e+00 7.0000e+00 2.5000e+00 4.7845e+01 8.5140e+00 1.0200e-01 7.2000e+00 7.5000e+00 1.5000e+00 3.7878e+01
8.2870e+00 1.0200e-01 7.4000e+00 7.3000e+00 3.5000e+00 5.1242e+01 9.8450e+00 6.3000e-02 7.7000e+00 8.5000e+00 2.0000e+00 4.1377e+01 8.0930e+00 1.0900e-01 7.2000e+00 7.0000e+00 2.5000e+00 4.7845e+01 8.5140e+00 1.0200e-01 7.2000e+00 7.5000e+00 1.5000e+00 3.7878e+01 7.4480e+00 6.8000e-02 7.2000e+00 7.5000e+00 4.3000e+00 4.7144e+01
9.0320e+00 5.9000e-02 7.4000e+00 9.8000e+00 1.7000e+00 2.8411e+01 1.2072e+01 1.2700e-01 7.4000e+00 9.8000e+00 2.9000e+00 4.1377e+01 8.5140e+00 1.0200e-01 7.2000e+00 7.5000e+00 1.5000e+00 3.7878e+01 7.4480e+00 6.8000e-02 7.2000e+00 7.5000e+00 4.3000e+00 4.7144e+01 9.8200e+00 6.8000e-02 7.5000e+00 1.1600e+01 4.2000e+00 3.5805e+01
1.0656e+01 1.6200e-01 7.4000e+00 9.1000e+00 4.3000e+00 4.8810e+01 8.9810e+00 2.0700e-01 7.4000e+00 1.0000e+01 3.0000e+00 4.2312e+01 7.4480e+00 6.8000e-02 7.2000e+00 7.5000e+00 4.3000e+00 4.7144e+01 9.8200e+00 6.8000e-02 7.5000e+00 1.1600e+01 4.2000e+00 3.5805e+01 1.2868e+01 8.3000e-02 7.1000e+00 1.1400e+01 5.5000e+00 3.7400e+01
1.1745e+01 1.0700e-01 7.3000e+00 1.1400e+01 6.1000e+00 4.1045e+01 1.1036e+01 9.7000e-02 7.2000e+00 1.0600e+01 5.9000e+00 3.8771e+01 9.8200e+00 6.8000e-02 7.5000e+00 1.1600e+01 4.2000e+00 3.5805e+01 1.2868e+01 8.3000e-02 7.1000e+00 1.1400e+01 5.5000e+00 3.7400e+01 1.2556e+01 6.4000e-02 7.2000e+00 1.1900e+01 5.5000e+00 4.6389e+01
9.1010e+00 8.5000e-02 7.4000e+00 1.0300e+01 1.9000e+00 3.3174e+01 9.9030e+00 8.2000e-02 7.5000e+00 1.1200e+01 4.5000e+00 4.3696e+01 1.2868e+01 8.3000e-02 7.1000e+00 1.1400e+01 5.5000e+00 3.7400e+01 1.2556e+01 6.4000e-02 7.2000e+00 1.1900e+01 5.5000e+00 4.6389e+01 1.1149e+01 5.2000e-02 7.4000e+00 8.4000e+00 1.2500e+01 4.4200e+01
9.8680e+00 6.0000e-02 7.3000e+00 9.4000e+00 1.8000e+00 4.8012e+01 8.9450e+00 5.9000e-02 7.3000e+00 9.6000e+00 1.5000e+00 3.7400e+01 1.2556e+01 6.4000e-02 7.2000e+00 1.1900e+01 5.5000e+00 4.6389e+01 1.1149e+01 5.2000e-02 7.4000e+00 8.4000e+00 1.2500e+01 4.4200e+01 9.7920e+00 7.4000e-02 7.1000e+00 1.0600e+01 7.6000e+00 4.2312e+01
6.7150e+00 1.1900e-01 7.8000e+00 7.8000e+00 2.0000e+00 4.8177e+01 8.0740e+00 3.1000e-02 7.2000e+00 7.4000e+00 1.5000e+00 4.2312e+01 1.1149e+01 5.2000e-02 7.4000e+00 8.4000e+00 1.2500e+01 4.4200e+01 9.7920e+00 7.4000e-02 7.1000e+00 1.0600e+01 7.6000e+00 4.2312e+01 9.2800e+00 7.1000e-02 7.3000e+00 6.8000e+00 3.4000e+00 4.4200e+01
7.8660e+00 6.6000e-02 7.9000e+00 7.5000e+00 1.7000e+00 5.1121e+01 8.0860e+00 4.7000e-02 7.3000e+00 7.3000e+00 5.5000e+00 4.6583e+01 9.7920e+00 7.4000e-02 7.1000e+00 1.0600e+01 7.6000e+00 4.2312e+01 9.2800e+00 7.1000e-02 7.3000e+00 6.8000e+00 3.4000e+00 4.4200e+01 8.6550e+00 9.2000e-02 7.1000e+00 6.1000e+00 5.6000e+00 5.0624e+01
6.4050e+00 6.2000e-02 7.3000e+00 8.5000e+00 1.5000e+00 5.1242e+01 6.1110e+00 8.5000e-02 7.3000e+00 6.1000e+00 1.5000e+00 4.2312e+01 9.2800e+00 7.1000e-02 7.3000e+00 6.8000e+00 3.4000e+00 4.4200e+01 8.6550e+00 9.2000e-02 7.1000e+00 6.1000e+00 5.6000e+00 5.0624e+01 5.8830e+00 5.4000e-02 7.1000e+00 6.8000e+00 2.5000e+00 5.1934e+01
6.6450e+00 6.5000e-02 7.4000e+00 9.5000e+00 1.5000e+00 5.4895e+01 4.9660e+00 7.7000e-02 7.5000e+00 7.4000e+00 1.2000e+00 3.1535e+01 8.6550e+00 9.2000e-02 7.1000e+00 6.1000e+00 5.6000e+00 5.0624e+01 5.8830e+00 5.4000e-02 7.1000e+00 6.8000e+00 2.5000e+00 5.1934e+01 8.7150e+00 8.4000e-02 7.1000e+00 7.2000e+00 1.9000e+00 5.9988e+01
7.2860e+00 8.4000e-02 7.3000e+00 6.6000e+00 2.2000e+00 4.5782e+01 8.0930e+00 1.0900e-01 7.2000e+00 7.0000e+00 2.5000e+00 4.7845e+01 5.8830e+00 5.4000e-02 7.1000e+00 6.8000e+00 2.5000e+00 5.1934e+01 8.7150e+00 8.4000e-02 7.1000e+00 7.2000e+00 1.9000e+00 5.9988e+01 6.0090e+00 9.5000e-02 7.3000e+00 7.1000e+00 1.4000e+00 4.3166e+01
7.2940e+00 6.4000e-02 7.5000e+00 5.9000e+00 6.0000e-01 3.7400e+01 8.5140e+00 1.0200e-01 7.2000e+00 7.5000e+00 1.5000e+00 3.7878e+01 8.7150e+00 8.4000e-02 7.1000e+00 7.2000e+00 1.9000e+00 5.9988e+01 6.0090e+00 9.5000e-02 7.3000e+00 7.1000e+00 1.4000e+00 4.3166e+01 6.6310e+00 7.0000e-02 7.6000e+00 8.6000e+00 2.0000e+00 3.5211e+01
9.8450e+00 6.3000e-02 7.7000e+00 8.5000e+00 2.0000e+00 4.1377e+01 7.4480e+00 6.8000e-02 7.2000e+00 7.5000e+00 4.3000e+00 4.7144e+01 6.0090e+00 9.5000e-02 7.3000e+00 7.1000e+00 1.4000e+00 4.3166e+01 6.6310e+00 7.0000e-02 7.6000e+00 8.6000e+00 2.0000e+00 3.5211e+01 8.6010e+00 7.2000e-02 7.3000e+00 8.4000e+00 1.3000e+00 4.5571e+01
1.2072e+01 1.2700e-01 7.4000e+00 9.8000e+00 2.9000e+00 4.1377e+01 9.8200e+00 6.8000e-02 7.5000e+00 1.1600e+01 4.2000e+00 3.5805e+01 6.6310e+00 7.0000e-02 7.6000e+00 8.6000e+00 2.0000e+00 3.5211e+01 8.6010e+00 7.2000e-02 7.3000e+00 8.4000e+00 1.3000e+00 4.5571e+01 9.0200e+00 4.1000e-02 7.1000e+00 9.1000e+00 3.3000e+00 4.1377e+01
1.1036e+01 9.7000e-02 7.2000e+00 1.0600e+01 5.9000e+00 3.8771e+01 1.2556e+01 6.4000e-02 7.2000e+00 1.1900e+01 5.5000e+00 4.6389e+01 9.0200e+00 4.1000e-02 7.1000e+00 9.1000e+00 3.3000e+00 4.1377e+01 4.4400e+00 5.1000e-02 7.8000e+00 1.0400e+01 1.9000e+00 4.9548e+01 1.4273e+01 7.1000e-02 7.3000e+00 9.6000e+00 6.5000e+00 4.5782e+01
9.9030e+00 8.2000e-02 7.5000e+00 1.1200e+01 4.5000e+00 4.3696e+01 1.1149e+01 5.2000e-02 7.4000e+00 8.4000e+00 1.2500e+01 4.4200e+01 4.4400e+00 5.1000e-02 7.8000e+00 1.0400e+01 1.9000e+00 4.9548e+01 1.4273e+01 7.1000e-02 7.3000e+00 9.6000e+00 6.5000e+00 4.5782e+01 1.1966e+01 4.9000e-02 7.2000e+00 1.0400e+01 8.0000e+00 4.3435e+01
8.9450e+00 5.9000e-02 7.3000e+00 9.6000e+00 1.5000e+00 3.7400e+01 9.7920e+00 7.4000e-02 7.1000e+00 1.0600e+01 7.6000e+00 4.2312e+01 1.4273e+01 7.1000e-02 7.3000e+00 9.6000e+00 6.5000e+00 4.5782e+01 1.1966e+01 4.9000e-02 7.2000e+00 1.0400e+01 8.0000e+00 4.3435e+01 1.1434e+01 4.2000e-02 7.3000e+00 9.8000e+00 5.1000e+00 4.9405e+01
8.0740e+00 3.1000e-02 7.2000e+00 7.4000e+00 1.5000e+00 4.2312e+01 9.2800e+00 7.1000e-02 7.3000e+00 6.8000e+00 3.4000e+00 4.4200e+01 1.1966e+01 4.9000e-02 7.2000e+00 1.0400e+01 8.0000e+00 4.3435e+01 1.1434e+01 4.2000e-02 7.3000e+00 9.8000e+00 5.1000e+00 4.9405e+01 9.5770e+00 5.6000e-02 7.6000e+00 8.2000e+00 4.5000e+00 4.6960e+01
8.0860e+00 4.7000e-02 7.3000e+00 7.3000e+00 5.5000e+00 4.6583e+01 8.6550e+00 9.2000e-02 7.1000e+00 6.1000e+00 5.6000e+00 5.0624e+01 1.1434e+01 4.2000e-02 7.3000e+00 9.8000e+00 5.1000e+00 4.9405e+01 9.5770e+00 5.6000e-02 7.6000e+00 8.2000e+00 4.5000e+00 4.6960e+01 7.8890e+00 4.6000e-02 7.3000e+00 7.6000e+00 3.0000e+00 4.7500e+01
6.1110e+00 8.5000e-02 7.3000e+00 6.1000e+00 1.5000e+00 4.2312e+01 5.8830e+00 5.4000e-02 7.1000e+00 6.8000e+00 2.5000e+00 5.1934e+01 9.5770e+00 5.6000e-02 7.6000e+00 8.2000e+00 4.5000e+00 4.6960e+01 7.8890e+00 4.6000e-02 7.3000e+00 7.6000e+00 3.0000e+00 4.7500e+01 7.5860e+00 6.2000e-02 7.7000e+00 8.1000e+00 1.7000e+00 4.5988e+01
4.9660e+00 7.7000e-02 7.5000e+00 7.4000e+00 1.2000e+00 3.1535e+01 8.7150e+00 8.4000e-02 7.1000e+00 7.2000e+00 1.9000e+00 5.9988e+01 7.8890e+00 4.6000e-02 7.3000e+00 7.6000e+00 3.0000e+00 4.7500e+01 7.5860e+00 6.2000e-02 7.7000e+00 8.1000e+00 1.7000e+00 4.5988e+01 6.2520e+00 5.4000e-02 7.7000e+00 6.6000e+00 1.9000e+00 4.5355e+01
8.0930e+00 1.0900e-01 7.2000e+00 7.0000e+00 2.5000e+00 4.7845e+01 6.0090e+00 9.5000e-02 7.3000e+00 7.1000e+00 1.4000e+00 4.3166e+01 7.5860e+00 6.2000e-02 7.7000e+00 8.1000e+00 1.7000e+00 4.5988e+01 6.2520e+00 5.4000e-02 7.7000e+00 6.6000e+00 1.9000e+00 4.5355e+01 8.0430e+00 8.3000e-02 7.7000e+00 8.8000e+00 1.3000e+00 2.9566e+01
8.5140e+00 1.0200e-01 7.2000e+00 7.5000e+00 1.5000e+00 3.7878e+01 6.6310e+00 7.0000e-02 7.6000e+00 8.6000e+00 2.0000e+00 3.5211e+01 6.2520e+00 5.4000e-02 7.7000e+00 6.6000e+00 1.9000e+00 4.5355e+01 8.0430e+00 8.3000e-02 7.7000e+00 8.8000e+00 1.3000e+00 2.9566e+01 7.4730e+00 6.3000e-02 7.5000e+00 6.3000e+00 1.3000e+00 2.7101e+01
7.4480e+00 6.8000e-02 7.2000e+00 7.5000e+00 4.3000e+00 4.7144e+01 8.6010e+00 7.2000e-02 7.3000e+00 8.4000e+00 1.3000e+00 4.5571e+01 8.0430e+00 8.3000e-02 7.7000e+00 8.8000e+00 1.3000e+00 2.9566e+01 7.4730e+00 6.3000e-02 7.5000e+00 6.3000e+00 1.3000e+00 2.7101e+01 8.1370e+00 6.3000e-02 7.2000e+00 8.5000e+00 1.1000e+00 2.7101e+01
9.8200e+00 6.8000e-02 7.5000e+00 1.1600e+01 4.2000e+00 3.5805e+01 9.0200e+00 4.1000e-02 7.1000e+00 9.1000e+00 3.3000e+00 4.1377e+01 7.4730e+00 6.3000e-02 7.5000e+00 6.3000e+00 1.3000e+00 2.7101e+01 8.1370e+00 6.3000e-02 7.2000e+00 8.5000e+00 1.1000e+00 2.7101e+01 8.9770e+00 3.6000e-02 7.5000e+00 1.1700e+01 1.8000e+00 3.4578e+01
1.2868e+01 8.3000e-02 7.1000e+00 1.1400e+01 5.5000e+00 3.7400e+01 4.4400e+00 5.1000e-02 7.8000e+00 1.0400e+01 1.9000e+00 4.9548e+01 8.1370e+00 6.3000e-02 7.2000e+00 8.5000e+00 1.1000e+00 2.7101e+01 8.9770e+00 3.6000e-02 7.5000e+00 1.1700e+01 1.8000e+00 3.4578e+01 8.7300e+00 4.2000e-02 7.4000e+00 1.1200e+01 2.0000e+00 2.8411e+01
1.2556e+01 6.4000e-02 7.2000e+00 1.1900e+01 5.5000e+00 4.6389e+01 1.4273e+01 7.1000e-02 7.3000e+00 9.6000e+00 6.5000e+00 4.5782e+01 8.9770e+00 3.6000e-02 7.5000e+00 1.1700e+01 1.8000e+00 3.4578e+01 8.7300e+00 4.2000e-02 7.4000e+00 1.1200e+01 2.0000e+00 2.8411e+01 1.2723e+01 6.1000e-02 7.2000e+00 8.3000e+00 3.5000e+00 3.7878e+01
1.1149e+01 5.2000e-02 7.4000e+00 8.4000e+00 1.2500e+01 4.4200e+01 1.1966e+01 4.9000e-02 7.2000e+00 1.0400e+01 8.0000e+00 4.3435e+01 8.7300e+00 4.2000e-02 7.4000e+00 1.1200e+01 2.0000e+00 2.8411e+01 1.2723e+01 6.1000e-02 7.2000e+00 8.3000e+00 3.5000e+00 3.7878e+01 1.0472e+01 4.6000e-02 6.8000e+00 9.1000e+00 4.8000e+00 3.7400e+01
9.7920e+00 7.4000e-02 7.1000e+00 1.0600e+01 7.6000e+00 4.2312e+01 1.1434e+01 4.2000e-02 7.3000e+00 9.8000e+00 5.1000e+00 4.9405e+01 1.2723e+01 6.1000e-02 7.2000e+00 8.3000e+00 3.5000e+00 3.7878e+01 1.0472e+01 4.6000e-02 6.8000e+00 9.1000e+00 4.8000e+00 3.7400e+01 9.7900e+00 5.1000e-02 7.4000e+00 8.8000e+00 2.5000e+00 3.8771e+01
8.9810e+00 2.0700e-01 7.4000e+00 1.0000e+01 3.0000e+00 4.2312e+01 1.2868e+01 8.3000e-02 7.1000e+00 1.1400e+01 5.5000e+00 3.7400e+01 8.6010e+00 7.2000e-02 7.3000e+00 8.4000e+00 1.3000e+00 4.5571e+01 9.0200e+00 4.1000e-02 7.1000e+00 9.1000e+00 3.3000e+00 4.1377e+01 4.4400e+00 5.1000e-02 7.8000e+00 1.0400e+01 1.9000e+00 4.9548e+01
