4.4400e+00 5.1000e-02 7.8000e+00 1.0400e+01 1.9000e+00 4.9548e+01 4.4740e+00 1.1700e-01 7.0000e+00 1.3900e+01 2.3000e+00 6.0230e+01 2.2090e+00 6.7000e-02 7.8000e+00 1.1600e+01 1.2000e+00 5.6833e+01 2.0450e+00 3.4000e-02 7.2000e+00 1.3300e+01 8.0000e-01 4.4909e+01 2.6010e+00 4.5000e-02 7.6000e+00 1.4000e+01 2.5000e+00 4.9966e+01
3.6940e+00 7.7000e-02 9.1000e+00 1.4100e+01 2.7000e+00 6.3900e+01 3.2000e+00 4.4000e-02 8.3000e+00 1.5300e+01 2.9000e+00 6.6788e+01 2.0450e+00 3.4000e-02 7.2000e+00 1.3300e+01 8.0000e-01 4.4909e+01 2.6010e+00 4.5000e-02 7.6000e+00 1.4000e+01 2.5000e+00 4.9966e+01 3.4190e+00 2.8000e-02 7.8000e+00 1.7800e+01 1.2000e+00 5.3667e+01
4.7190e+00 1.9400e-01 7.6000e+00 1.3700e+01 7.4000e+00 6.6665e+01 2.2660e+00 2.0000e-02 8.4000e+00 1.4000e+01 2.5000e+00 6.0420e+01 2.6010e+00 4.5000e-02 7.6000e+00 1.4000e+01 2.5000e+00 4.9966e+01 3.4190e+00 2.8000e-02 7.8000e+00 1.7800e+01 1.2000e+00 5.3667e+01 2.5940e+00 8.0000e-03 7.6000e+00 1.3400e+01 1.6000e+00 6.1612e+01
2.8630e+00 6.8000e-02 8.6000e+00 7.6000e+00 3.0000e+00 5.6205e+01 2.0330e+00 2.0000e-02 7.8000e+00 1.2300e+01 2.0000e+00 6.1486e+01 3.4190e+00 2.8000e-02 7.8000e+00 1.7800e+01 1.2000e+00 5.3667e+01 2.5940e+00 8.0000e-03 7.6000e+00 1.3400e+01 1.6000e+00 6.1612e+01 2.7380e+00 1.4000e-02 7.6000e+00 1.2200e+01 2.3000e+00 5.9939e+01
3.6930e+00 5.5000e-02 7.0000e+00 9.8000e+00 1.8000e+00 5.2581e+01 1.6140e+00 4.6000e-02 8.4000e+00 1.0100e+01 1.2000e+00 5.4123e+01 2.5940e+00 8.0000e-03 7.6000e+00 1.3400e+01 1.6000e+00 6.1612e+01 2.7380e+00 1.4000e-02 7.6000e+00 1.2200e+01 2.3000e+00 5.9939e+01 2.2270e+00 1.7000e-02 8.0000e+00 1.0300e+01 2.2000e+00 6.0560e+01
2.8290e+00 1.0300e-01 8.1000e+00 1.1200e+01 1.1000e+00 5.7738e+01 1.6170e+00 9.4000e-02 8.6000e+00 1.0100e+01 1.6000e+00 6.2371e+01 2.7380e+00 1.4000e-02 7.6000e+00 1.2200e+01 2.3000e+00 5.9939e+01 2.2270e+00 1.7000e-02 8.0000e+00 1.0300e+01 2.2000e+00 6.0560e+01 1.6520e+00 9.0000e-03 7.0000e+00 9.6000e+00 1.0000e+00 4.4442e+01
3.0440e+00 1.2300e-01 8.6000e+00 1.4100e+01 1.9000e+00 6.6311e+01 2.0000e+00 5.8000e-02 8.3000e+00 1.1800e+01 1.4000e+00 5.4300e+01 4.4400e+00 5.1000e-02 7.8000e+00 1.0400e+01 1.9000e+00 4.9548e+01 4.4400e+00 5.1000e-02 7.8000e+00 1.0400e+01 1.9000e+00 4.9548e+01 3.0280e+00 4.0000e-02 7.8000e+00 1.0800e+01 1.7000e+00 6.1695e+01
3.1470e+00 8.9000e-02 8.1000e+00 1.0700e+01 1.1000e+00 6.0968e+01 2.2090e+00 6.7000e-02 7.8000e+00 1.1600e+01 1.2000e+00 5.6833e+01 4.4400e+00 5.1000e-02 7.8000e+00 1.0400e+01 1.9000e+00 4.9548e+01 3.0280e+00 4.0000e-02 7.8000e+00 1.0800e+01 1.7000e+00 6.1695e+01 2.3290e+00 1.8000e-02 7.6000e+00 1.1100e+01 1.1000e+00 5.5610e+01
2.9830e+00 1.4200e-01 8.1000e+00 1.3100e+01 1.0000e+00 4.6960e+01 2.0450e+00 3.4000e-02 7.2000e+00 1.3300e+01 8.0000e-01 4.4909e+01 3.0280e+00 4.0000e-02 7.8000e+00 1.0800e+01 1.7000e+00 6.1695e+01 2.3290e+00 1.8000e-02 7.6000e+00 1.1100e+01 1.1000e+00 5.5610e+01 3.4110e+00 2.8000e-02 7.0000e+00 1.3000e+01 1.4000e+00 4.5571e+01
4.4740e+00 1.1700e-01 7.0000e+00 1.3900e+01 2.3000e+00 6.0230e+01 2.6010e+00 4.5000e-02 7.6000e+00 1.4000e+01 2.5000e+00 4.9966e+01 2.3290e+00 1.8000e-02 7.6000e+00 1.1100e+01 1.1000e+00 5.5610e+01 3.4110e+00 2.8000e-02 7.0000e+00 1.3000e+01 1.4000e+00 4.5571e+01 3.8270e+00 6.0000e-03 8.1000e+00 1.4800e+01 1.5000e+00 5.6348e+01
3.2000e+00 4.4000e-02 8.3000e+00 1.5300e+01 2.9000e+00 6.6788e+01 3.4190e+00 2.8000e-02 7.8000e+00 1.7800e+01 1.2000e+00 5.3667e+01 3.4110e+00 2.8000e-02 7.0000e+00 1.3000e+01 1.4000e+00 4.5571e+01 3.8270e+00 6.0000e-03 8.1000e+00 1.4800e+01 1.5000e+00 5.6348e+01 3.0310e+00 2.7000e-02 7.8000e+00 1.4900e+01 1.2000e+00 5.7613e+01
2.2660e+00 2.0000e-02 8.4000e+00 1.4000e+01 2.5000e+00 6.0420e+01 2.5940e+00 8.0000e-03 7.6000e+00 1.3400e+01 1.6000e+00 6.1612e+01 3.8270e+00 6.0000e-03 8.1000e+00 1.4800e+01 1.5000e+00 5.6348e+01 3.0310e+00 2.7000e-02 7.8000e+00 1.4900e+01 1.2000e+00 5.7613e+01 2.9230e+00 1.9000e-02 7.7000e+00 1.2900e+01 1.6000e+00 5.6489e+01
2.0330e+00 2.0000e-02 7.8000e+00 1.2300e+01 2.0000e+00 6.1486e+01 2.7380e+00 1.4000e-02 7.6000e+00 1.2200e+01 2.3000e+00 5.9939e+01 3.0310e+00 2.7000e-02 7.8000e+00 1.4900e+01 1.2000e+00 5.7613e+01 2.9230e+00 1.9000e-02 7.7000e+00 1.2900e+01 1.6000e+00 5.6489e+01 2.7000e+00 2.0000e-02 7.9000e+00 1.1100e+01 1.9000e+00 5.5686e+01
1.6140e+00 4.6000e-02 8.4000e+00 1.0100e+01 1.2000e+00 5.4123e+01 2.2270e+00 1.7000e-02 8.0000e+00 1.0300e+01 2.2000e+00 6.0560e+01 2.9230e+00 1.9000e-02 7.7000e+00 1.2900e+01 1.6000e+00 5.6489e+01 2.7000e+00 2.0000e-02 7.9000e+00 1.1100e+01 1.9000e+00 5.5686e+01 2.2640e+00 4.3000e-02 7.8000e+00 9.3000e+00 1.3000e+00 5.2581e+01
1.6170e+00 9.4000e-02 8.6000e+00 1.0100e+01 1.6000e+00 6.2371e+01 1.6520e+00 9.0000e-03 7.0000e+00 9.6000e+00 1.0000e+00 4.4442e+01 2.7000e+00 2.0000e-02 7.9000e+00 1.1100e+01 1.9000e+00 5.5686e+01 2.2640e+00 4.3000e-02 7.8000e+00 9.3000e+00 1.3000e+00 5.2581e+01 2.0310e+00 4.6000e-02 7.4000e+00 7.5000e+00 1.9000e+00 4.1045e+01
1.6210e+00 7.8000e-02 7.7000e+00 9.8000e+00 6.0000e-01 4.8656e+01 4.4400e+00 5.1000e-02 7.8000e+00 1.0400e+01 1.9000e+00 4.9548e+01 2.2640e+00 4.3000e-02 7.8000e+00 9.3000e+00 1.3000e+00 5.2581e+01 2.0310e+00 4.6000e-02 7.4000e+00 7.5000e+00 1.9000e+00 4.1045e+01 2.3350e+00 9.7000e-02 8.1000e+00 8.6000e+00 1.1000e+00 4.7845e+01
2.3680e+00 4.6000e-02 7.9000e+00 9.9000e+00 9.0000e-01 4.5571e+01 4.4400e+00 5.1000e-02 7.8000e+00 1.0400e+01 1.9000e+00 4.9548e+01 2.0310e+00 4.6000e-02 7.4000e+00 7.5000e+00 1.9000e+00 4.1045e+01 2.3350e+00 9.7000e-02 8.1000e+00 8.6000e+00 1.1000e+00 4.7845e+01 2.3420e+00 1.4600e-01 8.2000e+00 7.5000e+00 1.4000e+00 5.8278e+01
2.3150e+00 1.0100e-01 8.3000e+00 9.9000e+00 1.4000e+00 4.7324e+01 4.4400e+00 5.1000e-02 7.8000e+00 1.0400e+01 1.9000e+00 4.9548e+01 2.3350e+00 9.7000e-02 8.1000e+00 8.6000e+00 1.1000e+00 4.7845e+01 2.3420e+00 1.4600e-01 8.2000e+00 7.5000e+00 1.4000e+00 5.8278e+01 2.6030e+00 9.0000e-03 7.9000e+00 9.3000e+00 1.7000e+00 5.5762e+01
2.0000e+00 5.8000e-02 8.3000e+00 1.1800e+01 1.4000e+00 5.4300e+01 3.0280e+00 4.0000e-02 7.8000e+00 1.0800e+01 1.7000e+00 6.1695e+01 2.3420e+00 1.4600e-01 8.2000e+00 7.5000e+00 1.4000e+00 5.8278e+01 2.6030e+00 9.0000e-03 7.9000e+00 9.3000e+00 1.7000e+00 5.5762e+01 2.5140e+00 1.4000e-02 8.7000e+00 9.9000e+00 1.2000e+00 5.6559e+01
2.2090e+00 6.7000e-02 7.8000e+00 1.1600e+01 1.2000e+00 5.6833e+01 2.3290e+00 1.8000e-02 7.6000e+00 1.1100e+01 1.1000e+00 5.5610e+01 2.6030e+00 9.0000e-03 7.9000e+00 9.3000e+00 1.7000e+00 5.5762e+01 2.5140e+00 1.4000e-02 8.7000e+00 9.9000e+00 1.2000e+00 5.6559e+01 3.0250e+00 4.7000e-02 6.1000e+00 1.0100e+01 9.0000e-01 5.0101e+01
2.0450e+00 3.4000e-02 7.2000e+00 1.3300e+01 8.0000e-01 4.4909e+01 3.4110e+00 2.8000e-02 7.0000e+00 1.3000e+01 1.4000e+00 4.5571e+01 2.5140e+00 1.4000e-02 8.7000e+00 9.9000e+00 1.2000e+00 5.6559e+01 3.0250e+00 4.7000e-02 6.1000e+00 1.0100e+01 9.0000e-01 5.0101e+01 3.8840e+00 1.5000e-02 7.3000e+00 1.5500e+01 1.3000e+00 4.9966e+01
2.6010e+00 4.5000e-02 7.6000e+00 1.4000e+01 2.5000e+00 4.9966e+01 3.8270e+00 6.0000e-03 8.1000e+00 1.4800e+01 1.5000e+00 5.6348e+01 3.0250e+00 4.7000e-02 6.1000e+00 1.0100e+01 9.0000e-01 5.0101e+01 3.8840e+00 1.5000e-02 7.3000e+00 1.5500e+01 1.3000e+00 4.9966e+01 3.1360e+00 9.0000e-03 8.0000e+00 1.3500e+01 1.0000e+00 5.3383e+01
3.4190e+00 2.8000e-02 7.8000e+00 1.7800e+01 1.2000e+00 5.3667e+01 3.0310e+00 2.7000e-02 7.8000e+00 1.4900e+01 1.2000e+00 5.7613e+01 3.8840e+00 1.5000e-02 7.3000e+00 1.5500e+01 1.3000e+00 4.9966e+01 3.1360e+00 9.0000e-03 8.0000e+00 1.3500e+01 1.0000e+00 5.3383e+01 3.3840e+00 9.0000e-03 7.5000e+00 1.4400e+01 1.9000e+00 5.7100e+01
2.5940e+00 8.0000e-03 7.6000e+00 1.3400e+01 1.6000e+00 6.1612e+01 2.9230e+00 1.9000e-02 7.7000e+00 1.2900e+01 1.6000e+00 5.6489e+01 3.1360e+00 9.0000e-03 8.0000e+00 1.3500e+01 1.0000e+00 5.3383e+01 3.3840e+00 9.0000e-03 7.5000e+00 1.4400e+01 1.9000e+00 5.7100e+01 3.4200e+00 1.0000e-02 7.8000e+00 1.2800e+01 2.4000e+00 5.8955e+01
2.7380e+00 1.4000e-02 7.6000e+00 1.2200e+01 2.3000e+00 5.9939e+01 2.7000e+00 2.0000e-02 7.9000e+00 1.1100e+01 1.9000e+00 5.5686e+01 3.3840e+00 9.0000e-03 7.5000e+00 1.4400e+01 1.9000e+00 5.7100e+01 3.4200e+00 1.0000e-02 7.8000e+00 1.2800e+01 2.4000e+00 5.8955e+01 3.0310e+00 2.1000e-02 8.1000e+00 1.0800e+01 1.9000e+00 5.6205e+01
2.2270e+00 1.7000e-02 8.0000e+00 1.0300e+01 2.2000e+00 6.0560e+01 2.2640e+00 4.3000e-02 7.8000e+00 9.3000e+00 1.3000e+00 5.2581e+01 3.4200e+00 1.0000e-02 7.8000e+00 1.2800e+01 2.4000e+00 5.8955e+01 3.0310e+00 2.1000e-02 8.1000e+00 1.0800e+01 1.9000e+00 5.6205e+01 2.7270e+00 4.1000e-02 7.5000e+00 9.2000e+00 2.5000e+00 5.2685e+01
1.6520e+00 9.0000e-03 7.0000e+00 9.6000e+00 1.0000e+00 4.4442e+01 2.0310e+00 4.6000e-02 7.4000e+00 7.5000e+00 1.9000e+00 4.1045e+01 3.0310e+00 2.1000e-02 8.1000e+00 1.0800e+01 1.9000e+00 5.6205e+01 2.7270e+00 4.1000e-02 7.5000e+00 9.2000e+00 2.5000e+00 5.2685e+01 2.4470e+00 3.6000e-02 7.5000e+00 8.2000e+00 9.0000e-01 4.9966e+01
4.4400e+00 5.1000e-02 7.8000e+00 1.0400e+01 1.9000e+00 4.9548e+01 2.3350e+00 9.7000e-02 8.1000e+00 8.6000e+00 1.1000e+00 4.7845e+01 2.7270e+00 4.1000e-02 7.5000e+00 9.2000e+00 2.5000e+00 5.2685e+01 2.4470e+00 3.6000e-02 7.5000e+00 8.2000e+00 9.0000e-01 4.9966e+01 3.0010e+00 8.9000e-02 7.1000e+00 7.2000e+00 2.6000e+00 5.1934e+01
4.4400e+00 5.1000e-02 7.8000e+00 1.0400e+01 1.9000e+00 4.9548e+01 2.3420e+00 1.4600e-01 8.2000e+00 7.5000e+00 1.4000e+00 5.8278e+01 2.4470e+00 3.6000e-02 7.5000e+00 8.2000e+00 9.0000e-01 4.9966e+01 3.0010e+00 8.9000e-02 7.1000e+00 7.2000e+00 2.6000e+00 5.1934e+01 3.2530e+00 2.3000e-02 8.4000e+00 9.0000e+00 2.2000e+00 6.5782e+01
4.4400e+00 5.1000e-02 7.8000e+00 1.0400e+01 1.9000e+00 4.9548e+01 2.6030e+00 9.0000e-03 7.9000e+00 9.3000e+00 1.7000e+00 5.5762e+01 3.0010e+00 8.9000e-02 7.1000e+00 7.2000e+00 2.6000e+00 5.1934e+01 3.2530e+00 2.3000e-02 8.4000e+00 9.0000e+00 2.2000e+00 6.5782e+01 3.2800e+00 3.7000e-02 8.0000e+00 8.2000e+00 2.7000e+00 6.4256e+01
3.0280e+00 4.0000e-02 7.8000e+00 1.0800e+01 1.7000e+00 6.1695e+01 2.5140e+00 1.4000e-02 8.7000e+00 9.9000e+00 1.2000e+00 5.6559e+01 3.2530e+00 2.3000e-02 8.4000e+00 9.0000e+00 2.2000e+00 6.5782e+01 3.2800e+00 3.7000e-02 8.0000e+00 8.2000e+00 2.7000e+00 6.4256e+01 4.9330e+00 1.5500e-01 7.9000e+00 7.7000e+00 1.6000e+00 5.4559e+01
2.3290e+00 1.8000e-02 7.6000e+00 1.1100e+01 1.1000e+00 5.5610e+01 3.0250e+00 4.7000e-02 6.1000e+00 1.0100e+01 9.0000e-01 5.0101e+01 3.2800e+00 3.7000e-02 8.0000e+00 8.2000e+00 2.7000e+00 6.4256e+01 4.9330e+00 1.5500e-01 7.9000e+00 7.7000e+00 1.6000e+00 5.4559e+01 5.0670e+00 1.3800e-01 7.0000e+00 8.6000e+00 2.4000e+00 4.3951e+01
3.4110e+00 2.8000e-02 7.0000e+00 1.3000e+01 1.4000e+00 4.5571e+01 3.8840e+00 1.5000e-02 7.3000e+00 1.5500e+01 1.3000e+00 4.9966e+01 4.9330e+00 1.5500e-01 7.9000e+00 7.7000e+00 1.6000e+00 5.4559e+01 5.0670e+00 1.3800e-01 7.0000e+00 8.6000e+00 2.4000e+00 4.3951e+01 4.6250e+00 2.4000e-02 7.7000e+00 1.0800e+01 1.3000e+00 5.4300e+01
3.8270e+00 6.0000e-03 8.1000e+00 1.4800e+01 1.5000e+00 5.6348e+01 3.1360e+00 9.0000e-03 8.0000e+00 1.3500e+01 1.0000e+00 5.3383e+01 5.0670e+00 1.3800e-01 7.0000e+00 8.6000e+00 2.4000e+00 4.3951e+01 4.6250e+00 2.4000e-02 7.7000e+00 1.0800e+01 1.3000e+00 5.4300e+01 9.2180e+00 7.4000e-02 8.0000e+00 1.6100e+01 6.4000e+00 7.7114e+01
3.0310e+00 2.7000e-02 7.8000e+00 1.4900e+01 1.2000e+00 5.7613e+01 3.3840e+00 9.0000e-03 7.5000e+00 1.4400e+01 1.9000e+00 5.7100e+01 4.6250e+00 2.4000e-02 7.7000e+00 1.0800e+01 1.3000e+00 5.4300e+01 9.2180e+00 7.4000e-02 8.0000e+00 1.6100e+01 6.4000e+00 7.7114e+01 5.7370e+00 2.3000e-02 7.7000e+00 1.3300e+01 2.7000e+00 4.8012e+01
2.9230e+00 1.9000e-02 7.7000e+00 1.2900e+01 1.6000e+00 5.6489e+01 3.4200e+00 1.0000e-02 7.8000e+00 1.2800e+01 2.4000e+00 5.8955e+01 9.2180e+00 7.4000e-02 8.0000e+00 1.6100e+01 6.4000e+00 7.7114e+01 5.7370e+00 2.3000e-02 7.7000e+00 1.3300e+01 2.7000e+00 4.8012e+01 3.4740e+00 7.0000e-03 7.7000e+00 1.3200e+01 2.1000e+00 5.2990e+01
2.7000e+00 2.0000e-02 7.9000e+00 1.1100e+01 1.9000e+00 5.5686e+01 3.0310e+00 2.1000e-02 8.1000e+00 1.0800e+01 1.9000e+00 5.6205e+01 5.7370e+00 2.3000e-02 7.7000e+00 1.3300e+01 2.7000e+00 4.8012e+01 3.4740e+00 7.0000e-03 7.7000e+00 1.3200e+01 2.1000e+00 5.2990e+01 3.0380e+00 1.5000e-02 7.7000e+00 1.1000e+01 2.3000e+00 4.7845e+01
2.2640e+00 4.3000e-02 7.8000e+00 9.3000e+00 1.3000e+00 5.2581e+01 2.7270e+00 4.1000e-02 7.5000e+00 9.2000e+00 2.5000e+00 5.2685e+01 3.4740e+00 7.0000e-03 7.7000e+00 1.3200e+01 2.1000e+00 5.2990e+01 3.0380e+00 1.5000e-02 7.7000e+00 1.1000e+01 2.3000e+00 4.7845e+01 2.3270e+00 1.7000e-02 8.1000e+00 9.6000e+00 1.0000e+00 5.5912e+01
2.0310e+00 4.6000e-02 7.4000e+00 7.5000e+00 1.9000e+00 4.1045e+01 2.4470e+00 3.6000e-02 7.5000e+00 8.2000e+00 9.0000e-01 4.9966e+01 3.0380e+00 1.5000e-02 7.7000e+00 1.1000e+01 2.3000e+00 4.7845e+01 2.3270e+00 1.7000e-02 8.1000e+00 9.6000e+00 1.0000e+00 5.5912e+01 3.1500e+00 2.3000e-02 7.7000e+00 8.5000e+00 1.3000e+00 4.6773e+01
2.3350e+00 9.7000e-02 8.1000e+00 8.6000e+00 1.1000e+00 4.7845e+01 3.0010e+00 8.9000e-02 7.1000e+00 7.2000e+00 2.6000e+00 5.1934e+01 2.3270e+00 1.7000e-02 8.1000e+00 9.6000e+00 1.0000e+00 5.5912e+01 3.1500e+00 2.3000e-02 7.7000e+00 8.5000e+00 1.3000e+00 4.6773e+01 2.5770e+00 2.0000e-02 8.0000e+00 1.0500e+01 1.0000e+00 5.5912e+01
2.3420e+00 1.4600e-01 8.2000e+00 7.5000e+00 1.4000e+00 5.8278e+01 3.2530e+00 2.3000e-02 8.4000e+00 9.0000e+00 2.2000e+00 6.5782e+01 3.1500e+00 2.3000e-02 7.7000e+00 8.5000e+00 1.3000e+00 4.6773e+01 2.5770e+00 2.0000e-02 8.0000e+00 1.0500e+01 1.0000e+00 5.5912e+01 2.3990e+00 1.6000e-02 8.1000e+00 6.7000e+00 8.0000e-01 5.1478e+01
2.6030e+00 9.0000e-03 7.9000e+00 9.3000e+00 1.7000e+00 5.5762e+01 3.2800e+00 3.7000e-02 8.0000e+00 8.2000e+00 2.7000e+00 6.4256e+01 2.5770e+00 2.0000e-02 8.0000e+00 1.0500e+01 1.0000e+00 5.5912e+01 2.3990e+00 1.6000e-02 8.1000e+00 6.7000e+00 8.0000e-01 5.1478e+01 2.8500e+00 3.7000e-02 8.1000e+00 6.9000e+00 1.0000e+00 5.5058e+01
2.5140e+00 1.4000e-02 8.7000e+00 9.9000e+00 1.2000e+00 5.6559e+01 4.9330e+00 1.5500e-01 7.9000e+00 7.7000e+00 1.6000e+00 5.4559e+01 2.3990e+00 1.6000e-02 8.1000e+00 6.7000e+00 8.0000e-01 5.1478e+01 2.8500e+00 3.7000e-02 8.1000e+00 6.9000e+00 1.0000e+00 5.5058e+01 2.8440e+00 2.2000e-02 8.2000e+00 8.1000e+00 8.0000e-01 5.4212e+01
3.0250e+00 4.7000e-02 6.1000e+00 1.0100e+01 9.0000e-01 5.0101e+01 5.0670e+00 1.3800e-01 7.0000e+00 8.6000e+00 2.4000e+00 4.3951e+01 2.8500e+00 3.7000e-02 8.1000e+00 6.9000e+00 1.0000e+00 5.5058e+01 2.8440e+00 2.2000e-02 8.2000e+00 8.1000e+00 8.0000e-01 5.4212e+01 3.2910e+00 3.4000e-02 8.3000e+00 9.3000e+00 7.0000e-01 5.3188e+01
3.8840e+00 1.5000e-02 7.3000e+00 1.5500e+01 1.3000e+00 4.9966e+01 4.6250e+00 2.4000e-02 7.7000e+00 1.0800e+01 1.3000e+00 5.4300e+01 2.8440e+00 2.2000e-02 8.2000e+00 8.1000e+00 8.0000e-01 5.4212e+01 3.2910e+00 3.4000e-02 8.3000e+00 9.3000e+00 7.0000e-01 5.3188e+01 4.4840e+00 5.8000e-02 9.1000e+00 1.0900e+01 1.1000e+00 4.4200e+01
3.1360e+00 9.0000e-03 8.0000e+00 1.3500e+01 1.0000e+00 5.3383e+01 9.2180e+00 7.4000e-02 8.0000e+00 1.6100e+01 6.4000e+00 7.7114e+01 3.2910e+00 3.4000e-02 8.3000e+00 9.3000e+00 7.0000e-01 5.3188e+01 4.4840e+00 5.8000e-02 9.1000e+00 1.0900e+01 1.1000e+00 4.4200e+01 3.7830e+00 2.8000e-02 7.1000e+00 1.3100e+01 1.0000e+00 4.1045e+01
3.3840e+00 9.0000e-03 7.5000e+00 1.4400e+01 1.9000e+00 5.7100e+01 5.7370e+00 2.3000e-02 7.7000e+00 1.3300e+01 2.7000e+00 4.8012e+01 4.4840e+00 5.8000e-02 9.1000e+00 1.0900e+01 1.1000e+00 4.4200e+01 3.7830e+00 2.8000e-02 7.1000e+00 1.3100e+01 1.0000e+00 4.1045e+01 4.8740e+00 3.0000e-02 7.2000e+00 1.2500e+01 1.9000e+00 4.2890e+01
3.4200e+00 1.0000e-02 7.8000e+00 1.2800e+01 2.4000e+00 5.8955e+01 3.4740e+00 7.0000e-03 7.7000e+00 1.3200e+01 2.1000e+00 5.2990e+01 3.7830e+00 2.8000e-02 7.1000e+00 1.3100e+01 1.0000e+00 4.1045e+01 4.8740e+00 3.0000e-02 7.2000e+00 1.2500e+01 1.9000e+00 4.2890e+01 3.6590e+00 3.0000e-02 8.1000e+00 1.2800e+01 2.2000e+00 6.0743e+01
3.0310e+00 2.1000e-02 8.1000e+00 1.0800e+01 1.9000e+00 5.6205e+01 3.0380e+00 1.5000e-02 7.7000e+00 1.1000e+01 2.3000e+00 4.7845e+01 4.8740e+00 3.0000e-02 7.2000e+00 1.2500e+01 1.9000e+00 4.2890e+01 3.6590e+00 3.0000e-02 8.1000e+00 1.2800e+01 2.2000e+00 6.0743e+01 3.2130e+00 1.8000e-02 7.8000e+00 1.0100e+01 2.7000e+00 5.9063e+01
2.7270e+00 4.1000e-02 7.5000e+00 9.2000e+00 2.5000e+00 5.2685e+01 2.3270e+00 1.7000e-02 8.1000e+00 9.6000e+00 1.0000e+00 5.5912e+01 3.6590e+00 3.0000e-02 8.1000e+00 1.2800e+01 2.2000e+00 6.0743e+01 3.2130e+00 1.8000e-02 7.8000e+00 1.0100e+01 2.7000e+00 5.9063e+01 2.8350e+00 1.4000e-02 8.0000e+00 8.6000e+00 7.0000e-01 4.8177e+01
2.4470e+00 3.6000e-02 7.5000e+00 8.2000e+00 9.0000e-01 4.9966e+01 3.1500e+00 2.3000e-02 7.7000e+00 8.5000e+00 1.3000e+00 4.6773e+01 3.2130e+00 1.8000e-02 7.8000e+00 1.0100e+01 2.7000e+00 5.9063e+01 2.8350e+00 1.4000e-02 8.0000e+00 8.6000e+00 7.0000e-01 4.8177e+01 2.1370e+00 2.3000e-02 7.6000e+00 7.7000e+00 1.0000e+00 5.5456e+01
3.0010e+00 8.9000e-02 7.1000e+00 7.2000e+00 2.6000e+00 5.1934e+01 2.5770e+00 2.0000e-02 8.0000e+00 1.0500e+01 1.0000e+00 5.5912e+01 2.8350e+00 1.4000e-02 8.0000e+00 8.6000e+00 7.0000e-01 4.8177e+01 2.1370e+00 2.3000e-02 7.6000e+00 7.7000e+00 1.0000e+00 5.5456e+01 2.3430e+00 1.0900e-01 7.9000e+00 9.4000e+00 9.0000e-01 5.5219e+01
3.2530e+00 2.3000e-02 8.4000e+00 9.0000e+00 2.2000e+00 6.5782e+01 2.3990e+00 1.6000e-02 8.1000e+00 6.7000e+00 8.0000e-01 5.1478e+01 2.1370e+00 2.3000e-02 7.6000e+00 7.7000e+00 1.0000e+00 5.5456e+01 2.3430e+00 1.0900e-01 7.9000e+00 9.4000e+00 9.0000e-01 5.5219e+01 3.2030e+00 3.5000e-02 7.8000e+00 8.0000e+00 1.5000e+00 5.8845e+01
3.2800e+00 3.7000e-02 8.0000e+00 8.2000e+00 2.7000e+00 6.4256e+01 2.8500e+00 3.7000e-02 8.1000e+00 6.9000e+00 1.0000e+00 5.5058e+01 2.3430e+00 1.0900e-01 7.9000e+00 9.4000e+00 9.0000e-01 5.5219e+01 3.2030e+00 3.5000e-02 7.8000e+00 8.0000e+00 1.5000e+00 5.8845e+01 2.4270e+00 7.0000e-03 8.3000e+00 9.7000e+00 1.4000e+00 6.2486e+01
4.9330e+00 1.5500e-01 7.9000e+00 7.7000e+00 1.6000e+00 5.4559e+01 2.8440e+00 2.2000e-02 8.2000e+00 8.1000e+00 8.0000e-01 5.4212e+01 3.2030e+00 3.5000e-02 7.8000e+00 8.0000e+00 1.5000e+00 5.8845e+01 2.4270e+00 7.0000e-03 8.3000e+00 9.7000e+00 1.4000e+00 6.2486e+01 3.0530e+00 1.9000e-02 8.0000e+00 8.9000e+00 7.0000e-01 5.4977e+01
5.0670e+00 1.3800e-01 7.0000e+00 8.6000e+00 2.4000e+00 4.3951e+01 3.2910e+00 3.4000e-02 8.3000e+00 9.3000e+00 7.0000e-01 5.3188e+01 2.4270e+00 7.0000e-03 8.3000e+00 9.7000e+00 1.4000e+00 6.2486e+01 3.0530e+00 1.9000e-02 8.0000e+00 8.9000e+00 7.0000e-01 5.4977e+01 2.6310e+00 2.1000e-02 8.1000e+00 1.0400e+01 8.0000e-01 5.2370e+01
4.6250e+00 2.4000e-02 7.7000e+00 1.0800e+01 1.3000e+00 5.4300e+01 4.4840e+00 5.8000e-02 9.1000e+00 1.0900e+01 1.1000e+00 4.4200e+01 3.0530e+00 1.9000e-02 8.0000e+00 8.9000e+00 7.0000e-01 5.4977e+01 2.6310e+00 2.1000e-02 8.1000e+00 1.0400e+01 8.0000e-01 5.2370e+01 3.6820e+00 2.0000e-02 7.6000e+00 1.5400e+01 1.0000e+00 5.3090e+01
9.2180e+00 7.4000e-02 8.0000e+00 1.6100e+01 6.4000e+00 7.7114e+01 3.7830e+00 2.8000e-02 7.1000e+00 1.3100e+01 1.0000e+00 4.1045e+01 2.6310e+00 2.1000e-02 8.1000e+00 1.0400e+01 8.0000e-01 5.2370e+01 3.6820e+00 2.0000e-02 7.6000e+00 1.5400e+01 1.0000e+00 5.3090e+01 3.5010e+00 2.0000e-02 8.4000e+00 1.3800e+01 5.0000e-01 5.0235e+01
3.4740e+00 7.0000e-03 7.7000e+00 1.3200e+01 2.1000e+00 5.2990e+01 3.6590e+00 3.0000e-02 8.1000e+00 1.2800e+01 2.2000e+00 6.0743e+01 3.5010e+00 2.0000e-02 8.4000e+00 1.3800e+01 5.0000e-01 5.0235e+01 4.4400e+00 5.1000e-02 7.8000e+00 1.0400e+01 1.9000e+00 4.9548e+01 4.5300e+00 1.6000e-02 7.8000e+00 1.3100e+01 1.8000e+00 5.9381e+01
3.0380e+00 1.5000e-02 7.7000e+00 1.1000e+01 2.3000e+00 4.7845e+01 3.2130e+00 1.8000e-02 7.8000e+00 1.0100e+01 2.7000e+00 5.9063e+01 4.4400e+00 5.1000e-02 7.8000e+00 1.0400e+01 1.9000e+00 4.9548e+01 4.5300e+00 1.6000e-02 7.8000e+00 1.3100e+01 1.8000e+00 5.9381e+01 3.5250e+00 1.5000e-02 7.5000e+00 1.0900e+01 2.2000e+00 5.6559e+01
2.3270e+00 1.7000e-02 8.1000e+00 9.6000e+00 1.0000e+00 5.5912e+01 2.8350e+00 1.4000e-02 8.0000e+00 8.6000e+00 7.0000e-01 4.8177e+01 4.5300e+00 1.6000e-02 7.8000e+00 1.3100e+01 1.8000e+00 5.9381e+01 3.5250e+00 1.5000e-02 7.5000e+00 1.0900e+01 2.2000e+00 5.6559e+01 2.7930e+00 1.6000e-02 7.9000e+00 1.1500e+01 1.8000e+00 5.9890e+01
3.1500e+00 2.3000e-02 7.7000e+00 8.5000e+00 1.3000e+00 4.6773e+01 2.1370e+00 2.3000e-02 7.6000e+00 7.7000e+00 1.0000e+00 5.5456e+01 3.5250e+00 1.5000e-02 7.5000e+00 1.0900e+01 2.2000e+00 5.6559e+01 2.7930e+00 1.6000e-02 7.9000e+00 1.1500e+01 1.8000e+00 5.9890e+01 2.2550e+00 1.3000e-02 7.9000e+00 9.3000e+00 8.0000e-01 5.6766e+01
2.5770e+00 2.0000e-02 8.0000e+00 1.0500e+01 1.0000e+00 5.5912e+01 2.3430e+00 1.0900e-01 7.9000e+00 9.4000e+00 9.0000e-01 5.5219e+01 2.7930e+00 1.6000e-02 7.9000e+00 1.1500e+01 1.8000e+00 5.9890e+01 2.2550e+00 1.3000e-02 7.9000e+00 9.3000e+00 8.0000e-01 5.6766e+01 2.4940e+00 2.3000e-02 7.2000e+00 9.3000e+00 8.0000e-01 5.6628e+01
2.3990e+00 1.6000e-02 8.1000e+00 6.7000e+00 8.0000e-01 5.1478e+01 3.2030e+00 3.5000e-02 7.8000e+00 8.0000e+00 1.5000e+00 5.8845e+01 2.2550e+00 1.3000e-02 7.9000e+00 9.3000e+00 8.0000e-01 5.6766e+01 2.4940e+00 2.3000e-02 7.2000e+00 9.3000e+00 8.0000e-01 5.6628e+01 4.3640e+00 5.2000e-02 7.5000e+00 5.5000e+00 1.9000e+00 5.7100e+01
2.8500e+00 3.7000e-02 8.1000e+00 6.9000e+00 1.0000e+00 5.5058e+01 2.4270e+00 7.0000e-03 8.3000e+00 9.7000e+00 1.4000e+00 6.2486e+01 2.4940e+00 2.3000e-02 7.2000e+00 9.3000e+00 8.0000e-01 5.6628e+01 4.3640e+00 5.2000e-02 7.5000e+00 5.5000e+00 1.9000e+00 5.7100e+01 3.8660e+00 4.5000e-02 7.5000e+00 9.1000e+00 1.0000e+00 5.2476e+01
2.8440e+00 2.2000e-02 8.2000e+00 8.1000e+00 8.0000e-01 5.4212e+01 3.0530e+00 1.9000e-02 8.0000e+00 8.9000e+00 7.0000e-01 5.4977e+01 4.3640e+00 5.2000e-02 7.5000e+00 5.5000e+00 1.9000e+00 5.7100e+01 3.8660e+00 4.5000e-02 7.5000e+00 9.1000e+00 1.0000e+00 5.2476e+01 3.5960e+00 4.1000e-02 7.8000e+00 1.0200e+01 1.1000e+00 5.8278e+01
3.2910e+00 3.4000e-02 8.3000e+00 9.3000e+00 7.0000e-01 5.3188e+01 2.6310e+00 2.1000e-02 8.1000e+00 1.0400e+01 8.0000e-01 5.2370e+01 3.8660e+00 4.5000e-02 7.5000e+00 9.1000e+00 1.0000e+00 5.2476e+01 3.5960e+00 4.1000e-02 7.8000e+00 1.0200e+01 1.1000e+00 5.8278e+01 2.9540e+00 1.7000e-02 8.5000e+00 1.1400e+01 5.0000e-01 5.3383e+01
4.4840e+00 5.8000e-02 9.1000e+00 1.0900e+01 1.1000e+00 4.4200e+01 3.6820e+00 2.0000e-02 7.6000e+00 1.5400e+01 1.0000e+00 5.3090e+01 3.5960e+00 4.1000e-02 7.8000e+00 1.0200e+01 1.1000e+00 5.8278e+01 2.9540e+00 1.7000e-02 8.5000e+00 1.1400e+01 5.0000e-01 5.3383e+01 2.3760e+00 8.0000e-03 8.0000e+00 1.2800e+01 5.0000e-01 5.0999e+01
4.8740e+00 3.0000e-02 7.2000e+00 1.2500e+01 1.9000e+00 4.2890e+01 4.4400e+00 5.1000e-02 7.8000e+00 1.0400e+01 1.9000e+00 4.9548e+01 2.3760e+00 8.0000e-03 8.0000e+00 1.2800e+01 5.0000e-01 5.0999e+01 4.4400e+00 5.1000e-02 7.8000e+00 1.0400e+01 1.9000e+00 4.9548e+01 3.2760e+00 1.1000e-02 8.5000e+00 1.3700e+01 1.2000e+00 5.4895e+01
3.6590e+00 3.0000e-02 8.1000e+00 1.2800e+01 2.2000e+00 6.0743e+01 4.5300e+00 1.6000e-02 7.8000e+00 1.3100e+01 1.8000e+00 5.9381e+01 4.4400e+00 5.1000e-02 7.8000e+00 1.0400e+01 1.9000e+00 4.9548e+01 3.2760e+00 1.1000e-02 8.5000e+00 1.3700e+01 1.2000e+00 5.4895e+01 4.2040e+00 1.2000e-02 8.0000e+00 1.1700e+01 3.1000e+00 5.8219e+01
3.2130e+00 1.8000e-02 7.8000e+00 1.0100e+01 2.7000e+00 5.9063e+01 3.5250e+00 1.5000e-02 7.5000e+00 1.0900e+01 2.2000e+00 5.6559e+01 3.2760e+00 1.1000e-02 8.5000e+00 1.3700e+01 1.2000e+00 5.4895e+01 4.2040e+00 1.2000e-02 8.0000e+00 1.1700e+01 3.1000e+00 5.8219e+01 3.8500e+00 3.4000e-02 7.8000e+00 9.9000e+00 2.9000e+00 6.0086e+01
2.8350e+00 1.4000e-02 8.0000e+00 8.6000e+00 7.0000e-01 4.8177e+01 2.7930e+00 1.6000e-02 7.9000e+00 1.1500e+01 1.8000e+00 5.9890e+01 4.2040e+00 1.2000e-02 8.0000e+00 1.1700e+01 3.1000e+00 5.8219e+01 3.8500e+00 3.4000e-02 7.8000e+00 9.9000e+00 2.9000e+00 6.0086e+01 2.3900e+00 1.0000e-02 8.3000e+00 9.2000e+00 1.1000e+00 4.6960e+01
2.1370e+00 2.3000e-02 7.6000e+00 7.7000e+00 1.0000e+00 5.5456e+01 2.2550e+00 1.3000e-02 7.9000e+00 9.3000e+00 8.0000e-01 5.6766e+01 3.8500e+00 3.4000e-02 7.8000e+00 9.9000e+00 2.9000e+00 6.0086e+01 2.3900e+00 1.0000e-02 8.3000e+00 9.2000e+00 1.1000e+00 4.6960e+01 3.0190e+00 2.0000e-02 7.7000e+00 7.9000e+00 8.0000e-01 5.7100e+01
2.3430e+00 1.0900e-01 7.9000e+00 9.4000e+00 9.0000e-01 5.5219e+01 2.4940e+00 2.3000e-02 7.2000e+00 9.3000e+00 8.0000e-01 5.6628e+01 2.3900e+00 1.0000e-02 8.3000e+00 9.2000e+00 1.1000e+00 4.6960e+01 3.0190e+00 2.0000e-02 7.7000e+00 7.9000e+00 8.0000e-01 5.7100e+01 2.3590e+00 2.9000e-02 7.5000e+00 7.0000e+00 1.7000e+00 6.1777e+01
3.2030e+00 3.5000e-02 7.8000e+00 8.0000e+00 1.5000e+00 5.8845e+01 4.3640e+00 5.2000e-02 7.5000e+00 5.5000e+00 1.9000e+00 5.7100e+01 3.0190e+00 2.0000e-02 7.7000e+00 7.9000e+00 8.0000e-01 5.7100e+01 2.3590e+00 2.9000e-02 7.5000e+00 7.0000e+00 1.7000e+00 6.1777e+01 1.9910e+00 2.4000e-02 8.7000e+00 8.0000e+00 9.0000e-01 5.7424e+01
2.4270e+00 7.0000e-03 8.3000e+00 9.7000e+00 1.4000e+00 6.2486e+01 3.8660e+00 4.5000e-02 7.5000e+00 9.1000e+00 1.0000e+00 5.2476e+01 2.3590e+00 2.9000e-02 7.5000e+00 7.0000e+00 1.7000e+00 6.1777e+01 1.9910e+00 2.4000e-02 8.7000e+00 8.0000e+00 9.0000e-01 5.7424e+01 2.2110e+00 4.3000e-02 8.4000e+00 8.2000e+00 1.0000e+00 5.2990e+01
3.0530e+00 1.9000e-02 8.0000e+00 8.9000e+00 7.0000e-01 5.4977e+01 3.5960e+00 4.1000e-02 7.8000e+00 1.0200e+01 1.1000e+00 5.8278e+01 1.9910e+00 2.4000e-02 8.7000e+00 8.0000e+00 9.0000e-01 5.7424e+01 2.2110e+00 4.3000e-02 8.4000e+00 8.2000e+00 1.0000e+00 5.2990e+01 3.0530e+00 1.3000e-02 7.7000e+00 9.1000e+00 9.0000e-01 5.9433e+01
2.6310e+00 2.1000e-02 8.1000e+00 1.0400e+01 8.0000e-01 5.2370e+01 2.9540e+00 1.7000e-02 8.5000e+00 1.1400e+01 5.0000e-01 5.3383e+01 2.2110e+00 4.3000e-02 8.4000e+00 8.2000e+00 1.0000e+00 5.2990e+01 3.0530e+00 1.3000e-02 7.7000e+00 9.1000e+00 9.0000e-01 5.9433e+01 2.7130e+00 1.5000e-02 7.5000e+00 9.0000e+00 6.0000e-01 5.2155e+01
3.6820e+00 2.0000e-02 7.6000e+00 1.5400e+01 1.0000e+00 5.3090e+01 2.3760e+00 8.0000e-03 8.0000e+00 1.2800e+01 5.0000e-01 5.0999e+01 3.0530e+00 1.3000e-02 7.7000e+00 9.1000e+00 9.0000e-01 5.9433e+01 2.7130e+00 1.5000e-02 7.5000e+00 9.0000e+00 6.0000e-01 5.2155e+01 2.9530e+00 2.4000e-02 7.7000e+00 1.2500e+01 1.0000e+00 4.5355e+01
3.5010e+00 2.0000e-02 8.4000e+00 1.3800e+01 5.0000e-01 5.0235e+01 4.4400e+00 5.1000e-02 7.8000e+00 1.0400e+01 1.9000e+00 4.9548e+01 2.7130e+00 1.5000e-02 7.5000e+00 9.0000e+00 6.0000e-01 5.2155e+01 2.9530e+00 2.4000e-02 7.7000e+00 1.2500e+01 1.0000e+00 4.5355e+01 3.2500e+00 2.6000e-02 8.7000e+00 1.3100e+01 1.0000e+00 5.0366e+01
4.4400e+00 5.1000e-02 7.8000e+00 1.0400e+01 1.9000e+00 4.9548e+01 3.2760e+00 1.1000e-02 8.5000e+00 1.3700e+01 1.2000e+00 5.4895e+01 2.9530e+00 2.4000e-02 7.7000e+00 1.2500e+01 1.0000e+00 4.5355e+01 3.2500e+00 2.6000e-02 8.7000e+00 1.3100e+01 1.0000e+00 5.0366e+01 3.4700e+00 1.2000e-02 8.7000e+00 1.3700e+01 2.0000e+00 5.8900e+01
4.5300e+00 1.6000e-02 7.8000e+00 1.3100e+01 1.8000e+00 5.9381e+01 4.2040e+00 1.2000e-02 8.0000e+00 1.1700e+01 3.1000e+00 5.8219e+01 3.2500e+00 2.6000e-02 8.7000e+00 1.3100e+01 1.0000e+00 5.0366e+01 3.4700e+00 1.2000e-02 8.7000e+00 1.3700e+01 2.0000e+00 5.8900e+01 3.5380e+00 1.5000e-02 7.9000e+00 1.1600e+01 3.6000e+00 6.2059e+01
3.5250e+00 1.5000e-02 7.5000e+00 1.0900e+01 2.2000e+00 5.6559e+01 3.8500e+00 3.4000e-02 7.8000e+00 9.9000e+00 2.9000e+00 6.0086e+01 3.4700e+00 1.2000e-02 8.7000e+00 1.3700e+01 2.0000e+00 5.8900e+01 3.5380e+00 1.5000e-02 7.9000e+00 1.1600e+01 3.6000e+00 6.2059e+01 3.4680e+00 2.9000e-02 8.3000e+00 1.0200e+01 1.7000e+00 5.8394e+01
2.3450e+00 8.8000e-02 9.3000e+00 1.1500e+01 5.0000e-01 5.2045e+01 1.6210e+00 7.8000e-02 7.7000e+00 9.8000e+00 6.0000e-01 4.8656e+01 2.2270e+00 1.7000e-02 8.0000e+00 1.0300e+01 2.2000e+00 6.0560e+01 1.6520e+00 9.0000e-03 7.0000e+00 9.6000e+00 1.0000e+00 4.4442e+01 4.4400e+00 5.1000e-02 7.8000e+00 1.0400e+01 1.9000e+00 4.9548e+01
2.3690e+00 1.1200e-01 8.4000e+00 1.1600e+01 5.0000e-01 4.2011e+01 2.3680e+00 4.6000e-02 7.9000e+00 9.9000e+00 9.0000e-01 4.5571e+01 1.6520e+00 9.0000e-03 7.0000e+00 9.6000e+00 1.0000e+00 4.4442e+01 4.4400e+00 5.1000e-02 7.8000e+00 1.0400e+01 1.9000e+00 4.9548e+01 4.4400e+00 5.1000e-02 7.8000e+00 1.0400e+01 1.9000e+00 4.9548e+01
2.7710e+00 8.1000e-02 7.9000e+00 7.8000e+00 1.5000e+00 6.2371e+01 2.3150e+00 1.0100e-01 8.3000e+00 9.9000e+00 1.4000e+00 4.7324e+01 4.4400e+00 5.1000e-02 7.8000e+00 1.0400e+01 1.9000e+00 4.9548e+01 4.4400e+00 5.1000e-02 7.8000e+00 1.0400e+01 1.9000e+00 4.9548e+01 4.4400e+00 5.1000e-02 7.8000e+00 1.0400e+01 1.9000e+00 4.9548e+01
5.7370e+00 2.3000e-02 7.7000e+00 1.3300e+01 2.7000e+00 4.8012e+01 4.8740e+00 3.0000e-02 7.2000e+00 1.2500e+01 1.9000e+00 4.2890e+01 3.6820e+00 2.0000e-02 7.6000e+00 1.5400e+01 1.0000e+00 5.3090e+01 3.5010e+00 2.0000e-02 8.4000e+00 1.3800e+01 5.0000e-01 5.0235e+01 4.4400e+00 5.1000e-02 7.8000e+00 1.0400e+01 1.9000e+00 4.9548e+01
3.7830e+00 2.8000e-02 7.1000e+00 1.3100e+01 1.0000e+00 4.1045e+01 3.5010e+00 2.0000e-02 8.4000e+00 1.3800e+01 5.0000e-01 5.0235e+01 2.9540e+00 1.7000e-02 8.5000e+00 1.1400e+01 5.0000e-01 5.3383e+01 2.3760e+00 8.0000e-03 8.0000e+00 1.2800e+01 5.0000e-01 5.0999e+01 4.4400e+00 5.1000e-02 7.8000e+00 1.0400e+01 1.9000e+00 4.9548e+01
