4.4400e+00 5.1000e-02 7.8000e+00 1.0400e+01 1.9000e+00 4.9548e+01 4.4400e+00 5.1000e-02 7.8000e+00 1.0400e+01 1.9000e+00 4.9548e+01 2.9950e+00 2.9000e-02 8.3000e+00 1.3000e+01 1.0000e+00 3.9589e+01 5.5630e+00 3.4000e-02 8.6000e+00 1.4000e+01 1.0000e+00 4.2312e+01 3.6960e+00 2.4000e-02 8.3000e+00 1.6900e+01 1.1000e+00 4.0344e+01
4.4400e+00 5.1000e-02 7.8000e+00 1.0400e+01 1.9000e+00 4.9548e+01 4.4400e+00 5.1000e-02 7.8000e+00 1.0400e+01 1.9000e+00 4.9548e+01 5.5630e+00 3.4000e-02 8.6000e+00 1.4000e+01 1.0000e+00 4.2312e+01 3.6960e+00 2.4000e-02 8.3000e+00 1.6900e+01 1.1000e+00 4.0344e+01 3.9120e+00 1.4000e-02 8.7000e+00 1.5200e+01 1.8000e+00 3.0600e+01
4.4400e+00 5.1000e-02 7.8000e+00 1.0400e+01 1.9000e+00 4.9548e+01 4.4400e+00 5.1000e-02 7.8000e+00 1.0400e+01 1.9000e+00 4.9548e+01 3.6960e+00 2.4000e-02 8.3000e+00 1.6900e+01 1.1000e+00 4.0344e+01 3.9120e+00 1.4000e-02 8.7000e+00 1.5200e+01 1.8000e+00 3.0600e+01 3.2000e+00 1.4000e-02 8.5000e+00 1.4200e+01 2.2000e+00 3.1535e+01
4.4400e+00 5.1000e-02 7.8000e+00 1.0400e+01 1.9000e+00 4.9548e+01 4.4400e+00 5.1000e-02 7.8000e+00 1.0400e+01 1.9000e+00 4.9548e+01 3.9120e+00 1.4000e-02 8.7000e+00 1.5200e+01 1.8000e+00 3.0600e+01 3.2000e+00 1.4000e-02 8.5000e+00 1.4200e+01 2.2000e+00 3.1535e+01 2.8800e+00 1.0000e-02 8.5000e+00 8.6000e+00 2.2000e+00 4.6389e+01
4.4400e+00 5.1000e-02 7.8000e+00 1.0400e+01 1.9000e+00 4.9548e+01 2.6240e+00 0.0000e+00 9.3000e+00 1.6900e+01 2.6000e+00 5.1822e+01 3.2000e+00 1.4000e-02 8.5000e+00 1.4200e+01 2.2000e+00 3.1535e+01 2.8800e+00 1.0000e-02 8.5000e+00 8.6000e+00 2.2000e+00 4.6389e+01 6.9360e+00 3.8000e-02 9.4000e+00 8.2000e+00 1.5000e+00 4.8962e+01
4.4400e+00 5.1000e-02 7.8000e+00 1.0400e+01 1.9000e+00 4.9548e+01 4.4400e+00 5.1000e-02 7.8000e+00 1.0400e+01 1.9000e+00 4.9548e+01 2.8800e+00 1.0000e-02 8.5000e+00 8.6000e+00 2.2000e+00 4.6389e+01 6.9360e+00 3.8000e-02 9.4000e+00 8.2000e+00 1.5000e+00 4.8962e+01 6.0880e+00 5.8000e-02 7.8000e+00 9.5000e+00 1.7000e+00 4.5355e+01
3.9600e+00 1.9000e-02 8.0000e+00 1.2900e+01 1.7000e+00 5.4387e+01 3.9040e+00 9.1000e-02 8.0000e+00 6.5000e+00 1.3000e+00 4.6773e+01 6.9360e+00 3.8000e-02 9.4000e+00 8.2000e+00 1.5000e+00 4.8962e+01 6.0880e+00 5.8000e-02 7.8000e+00 9.5000e+00 1.7000e+00 4.5355e+01 3.1440e+00 6.7000e-02 8.0000e+00 9.5000e+00 8.0000e-01 4.5355e+01
3.8040e+00 5.8000e-02 7.8000e+00 8.3000e+00 1.5000e+00 4.9548e+01 1.5120e+00 1.4000e-02 8.8000e+00 1.3100e+01 4.6000e+00 6.6958e+01 6.0880e+00 5.8000e-02 7.8000e+00 9.5000e+00 1.7000e+00 4.5355e+01 3.1440e+00 6.7000e-02 8.0000e+00 9.5000e+00 8.0000e-01 4.5355e+01 3.3120e+00 4.3000e-02 8.8000e+00 1.1600e+01 4.7000e+00 5.7231e+01
3.5760e+00 3.4000e-02 8.3000e+00 1.3200e+01 1.8000e+00 5.5533e+01 3.1920e+00 1.9000e-02 8.0000e+00 9.3000e+00 8.0000e-01 4.5135e+01 3.1440e+00 6.7000e-02 8.0000e+00 9.5000e+00 8.0000e-01 4.5355e+01 3.3120e+00 4.3000e-02 8.8000e+00 1.1600e+01 4.7000e+00 5.7231e+01 7.1120e+00 4.3000e-02 8.6000e+00 1.2300e+01 1.3000e+00 5.1478e+01
3.0840e+00 7.2000e-02 7.9000e+00 9.5000e+00 3.7000e+00 4.1045e+01 2.7170e+00 1.4000e-02 8.5000e+00 1.3500e+01 2.4000e+00 4.5782e+01 3.3120e+00 4.3000e-02 8.8000e+00 1.1600e+01 4.7000e+00 5.7231e+01 7.1120e+00 4.3000e-02 8.6000e+00 1.2300e+01 1.3000e+00 5.1478e+01 7.7040e+00 5.3000e-02 8.2000e+00 1.0900e+01 1.4000e+00 4.7674e+01
0.0000e+00 0.0000e+00 0.0000e+00 0.0000e+00 0.0000e+00 4.9548e+01 2.9950e+00 2.9000e-02 8.3000e+00 1.3000e+01 1.0000e+00 3.9589e+01 7.1120e+00 4.3000e-02 8.6000e+00 1.2300e+01 1.3000e+00 5.1478e+01 7.7040e+00 5.3000e-02 8.2000e+00 1.0900e+01 1.4000e+00 4.7674e+01 8.2200e+00 2.9000e-02 7.6000e+00 1.2800e+01 2.2000e+00 3.7878e+01
3.2320e+00 1.9000e-02 8.1000e+00 1.3100e+01 2.7000e+00 2.9566e+01 5.5630e+00 3.4000e-02 8.6000e+00 1.4000e+01 1.0000e+00 4.2312e+01 7.7040e+00 5.3000e-02 8.2000e+00 1.0900e+01 1.4000e+00 4.7674e+01 8.2200e+00 2.9000e-02 7.6000e+00 1.2800e+01 2.2000e+00 3.7878e+01 9.1080e+00 1.7300e-01 8.0000e+00 1.3000e+01 2.3000e+00 4.1699e+01
4.4400e+00 5.1000e-02 7.8000e+00 1.0400e+01 1.9000e+00 4.9548e+01 3.6960e+00 2.4000e-02 8.3000e+00 1.6900e+01 1.1000e+00 4.0344e+01 8.2200e+00 2.9000e-02 7.6000e+00 1.2800e+01 2.2000e+00 3.7878e+01 9.1080e+00 1.7300e-01 8.0000e+00 1.3000e+01 2.3000e+00 4.1699e+01 8.5200e+00 1.1500e-01 8.2000e+00 1.4300e+01 3.4000e+00 5.0235e+01
4.4400e+00 5.1000e-02 7.8000e+00 1.0400e+01 1.9000e+00 4.9548e+01 3.9120e+00 1.4000e-02 8.7000e+00 1.5200e+01 1.8000e+00 3.0600e+01 9.1080e+00 1.7300e-01 8.0000e+00 1.3000e+01 2.3000e+00 4.1699e+01 8.5200e+00 1.1500e-01 8.2000e+00 1.4300e+01 3.4000e+00 5.0235e+01 8.5440e+00 2.9000e-02 8.3000e+00 1.3900e+01 1.3000e+00 1.4811e+01
4.4400e+00 5.1000e-02 7.8000e+00 1.0400e+01 1.9000e+00 4.9548e+01 3.2000e+00 1.4000e-02 8.5000e+00 1.4200e+01 2.2000e+00 3.1535e+01 8.5200e+00 1.1500e-01 8.2000e+00 1.4300e+01 3.4000e+00 5.0235e+01 8.5440e+00 2.9000e-02 8.3000e+00 1.3900e+01 1.3000e+00 1.4811e+01 7.6560e+00 3.4000e-02 8.3000e+00 1.2100e+01 1.2000e+00 4.8962e+01
4.4400e+00 5.1000e-02 7.8000e+00 1.0400e+01 1.9000e+00 4.9548e+01 2.8800e+00 1.0000e-02 8.5000e+00 8.6000e+00 2.2000e+00 4.6389e+01 8.5440e+00 2.9000e-02 8.3000e+00 1.3900e+01 1.3000e+00 1.4811e+01 7.6560e+00 3.4000e-02 8.3000e+00 1.2100e+01 1.2000e+00 4.8962e+01 6.7200e+00 2.4000e-02 8.7000e+00 1.3600e+01 2.2000e+00 5.2476e+01
2.6240e+00 0.0000e+00 9.3000e+00 1.6900e+01 2.6000e+00 5.1822e+01 6.9360e+00 3.8000e-02 9.4000e+00 8.2000e+00 1.5000e+00 4.8962e+01 7.6560e+00 3.4000e-02 8.3000e+00 1.2100e+01 1.2000e+00 4.8962e+01 6.7200e+00 2.4000e-02 8.7000e+00 1.3600e+01 2.2000e+00 5.2476e+01 6.5730e+00 2.6000e-02 9.0000e+00 1.4600e+01 1.7000e+00 5.1934e+01
4.4400e+00 5.1000e-02 7.8000e+00 1.0400e+01 1.9000e+00 4.9548e+01 6.0880e+00 5.8000e-02 7.8000e+00 9.5000e+00 1.7000e+00 4.5355e+01 6.7200e+00 2.4000e-02 8.7000e+00 1.3600e+01 2.2000e+00 5.2476e+01 6.5730e+00 2.6000e-02 9.0000e+00 1.4600e+01 1.7000e+00 5.1934e+01 5.9790e+00 3.4000e-02 9.2000e+00 1.4400e+01 1.3000e+00 5.8622e+01
3.9040e+00 9.1000e-02 8.0000e+00 6.5000e+00 1.3000e+00 4.6773e+01 3.1440e+00 6.7000e-02 8.0000e+00 9.5000e+00 8.0000e-01 4.5355e+01 6.5730e+00 2.6000e-02 9.0000e+00 1.4600e+01 1.7000e+00 5.1934e+01 5.9790e+00 3.4000e-02 9.2000e+00 1.4400e+01 1.3000e+00 5.8622e+01 5.2790e+00 1.9000e-02 9.0000e+00 1.3100e+01 1.5000e+00 6.5534e+01
1.5120e+00 1.4000e-02 8.8000e+00 1.3100e+01 4.6000e+00 6.6958e+01 3.3120e+00 4.3000e-02 8.8000e+00 1.1600e+01 4.7000e+00 5.7231e+01 5.9790e+00 3.4000e-02 9.2000e+00 1.4400e+01 1.3000e+00 5.8622e+01 5.2790e+00 1.9000e-02 9.0000e+00 1.3100e+01 1.5000e+00 6.5534e+01 4.7840e+00 5.0000e-02 8.5000e+00 1.0500e+01 1.0000e+00 4.9548e+01
3.1920e+00 1.9000e-02 8.0000e+00 9.3000e+00 8.0000e-01 4.5135e+01 7.1120e+00 4.3000e-02 8.6000e+00 1.2300e+01 1.3000e+00 5.1478e+01 5.2790e+00 1.9000e-02 9.0000e+00 1.3100e+01 1.5000e+00 6.5534e+01 4.7840e+00 5.0000e-02 8.5000e+00 1.0500e+01 1.0000e+00 4.9548e+01 5.7570e+00 7.5000e-02 8.6000e+00 5.6000e+00 1.6000e+00 5.7676e+01
2.7170e+00 1.4000e-02 8.5000e+00 1.3500e+01 2.4000e+00 4.5782e+01 7.7040e+00 5.3000e-02 8.2000e+00 1.0900e+01 1.4000e+00 4.7674e+01 4.7840e+00 5.0000e-02 8.5000e+00 1.0500e+01 1.0000e+00 4.9548e+01 5.7570e+00 7.5000e-02 8.6000e+00 5.6000e+00 1.6000e+00 5.7676e+01 7.7340e+00 1.1500e-01 8.5000e+00 1.0800e+01 7.0000e-01 5.0366e+01
2.9950e+00 2.9000e-02 8.3000e+00 1.3000e+01 1.0000e+00 3.9589e+01 8.2200e+00 2.9000e-02 7.6000e+00 1.2800e+01 2.2000e+00 3.7878e+01 5.7570e+00 7.5000e-02 8.6000e+00 5.6000e+00 1.6000e+00 5.7676e+01 7.7340e+00 1.1500e-01 8.5000e+00 1.0800e+01 7.0000e-01 5.0366e+01 6.4340e+00 1.8000e-02 8.2000e+00 1.6700e+01 1.0000e+00 8.0116e+00
5.5630e+00 3.4000e-02 8.6000e+00 1.4000e+01 1.0000e+00 4.2312e+01 9.1080e+00 1.7300e-01 8.0000e+00 1.3000e+01 2.3000e+00 4.1699e+01 7.7340e+00 1.1500e-01 8.5000e+00 1.0800e+01 7.0000e-01 5.0366e+01 6.4340e+00 1.8000e-02 8.2000e+00 1.6700e+01 1.0000e+00 8.0116e+00 8.2910e+00 1.4000e-02 8.1000e+00 1.1200e+01 1.2000e+00 4.8499e+01
3.6960e+00 2.4000e-02 8.3000e+00 1.6900e+01 1.1000e+00 4.0344e+01 8.5200e+00 1.1500e-01 8.2000e+00 1.4300e+01 3.4000e+00 5.0235e+01 6.4340e+00 1.8000e-02 8.2000e+00 1.6700e+01 1.0000e+00 8.0116e+00 8.2910e+00 1.4000e-02 8.1000e+00 1.1200e+01 1.2000e+00 4.8499e+01 8.9320e+00 9.0000e-03 8.3000e+00 1.1000e+01 9.0000e-01 3.3174e+01
3.9120e+00 1.4000e-02 8.7000e+00 1.5200e+01 1.8000e+00 3.0600e+01 8.5440e+00 2.9000e-02 8.3000e+00 1.3900e+01 1.3000e+00 1.4811e+01 8.2910e+00 1.4000e-02 8.1000e+00 1.1200e+01 1.2000e+00 4.8499e+01 8.9320e+00 9.0000e-03 8.3000e+00 1.1000e+01 9.0000e-01 3.3174e+01 7.3130e+00 1.1000e-02 8.2000e+00 1.3800e+01 1.9000e+00 4.7674e+01
3.2000e+00 1.4000e-02 8.5000e+00 1.4200e+01 2.2000e+00 3.1535e+01 7.6560e+00 3.4000e-02 8.3000e+00 1.2100e+01 1.2000e+00 4.8962e+01 8.9320e+00 9.0000e-03 8.3000e+00 1.1000e+01 9.0000e-01 3.3174e+01 7.3130e+00 1.1000e-02 8.2000e+00 1.3800e+01 1.9000e+00 4.7674e+01 7.8780e+00 1.1000e-02 8.3000e+00 1.1900e+01 1.1000e+00 4.9405e+01
2.8800e+00 1.0000e-02 8.5000e+00 8.6000e+00 2.2000e+00 4.6389e+01 6.7200e+00 2.4000e-02 8.7000e+00 1.3600e+01 2.2000e+00 5.2476e+01 7.3130e+00 1.1000e-02 8.2000e+00 1.3800e+01 1.9000e+00 4.7674e+01 7.8780e+00 1.1000e-02 8.3000e+00 1.1900e+01 1.1000e+00 4.9405e+01 7.3040e+00 7.0000e-03 8.1000e+00 1.0700e+01 2.3000e+00 6.2410e+01
6.9360e+00 3.8000e-02 9.4000e+00 8.2000e+00 1.5000e+00 4.8962e+01 6.5730e+00 2.6000e-02 9.0000e+00 1.4600e+01 1.7000e+00 5.1934e+01 7.8780e+00 1.1000e-02 8.3000e+00 1.1900e+01 1.1000e+00 4.9405e+01 7.3040e+00 7.0000e-03 8.1000e+00 1.0700e+01 2.3000e+00 6.2410e+01 4.5400e+00 2.0000e-02 8.5000e+00 1.2500e+01 2.4000e+00 5.2476e+01
6.0880e+00 5.8000e-02 7.8000e+00 9.5000e+00 1.7000e+00 4.5355e+01 5.9790e+00 3.4000e-02 9.2000e+00 1.4400e+01 1.3000e+00 5.8622e+01 7.3040e+00 7.0000e-03 8.1000e+00 1.0700e+01 2.3000e+00 6.2410e+01 4.5400e+00 2.0000e-02 8.5000e+00 1.2500e+01 2.4000e+00 5.2476e+01 5.1660e+00 1.1000e-02 8.1000e+00 1.0400e+01 1.0000e+00 5.8622e+01
3.1440e+00 6.7000e-02 8.0000e+00 9.5000e+00 8.0000e-01 4.5355e+01 5.2790e+00 1.9000e-02 9.0000e+00 1.3100e+01 1.5000e+00 6.5534e+01 4.5400e+00 2.0000e-02 8.5000e+00 1.2500e+01 2.4000e+00 5.2476e+01 5.1660e+00 1.1000e-02 8.1000e+00 1.0400e+01 1.0000e+00 5.8622e+01 3.7460e+00 1.3000e-02 8.6000e+00 1.0500e+01 1.2000e+00 5.5912e+01
3.3120e+00 4.3000e-02 8.8000e+00 1.1600e+01 4.7000e+00 5.7231e+01 4.7840e+00 5.0000e-02 8.5000e+00 1.0500e+01 1.0000e+00 4.9548e+01 5.1660e+00 1.1000e-02 8.1000e+00 1.0400e+01 1.0000e+00 5.8622e+01 3.7460e+00 1.3000e-02 8.6000e+00 1.0500e+01 1.2000e+00 5.5912e+01 4.2480e+00 4.6000e-02 8.3000e+00 1.0700e+01 1.3000e+00 5.5686e+01
7.1120e+00 4.3000e-02 8.6000e+00 1.2300e+01 1.3000e+00 5.1478e+01 5.7570e+00 7.5000e-02 8.6000e+00 5.6000e+00 1.6000e+00 5.7676e+01 3.7460e+00 1.3000e-02 8.6000e+00 1.0500e+01 1.2000e+00 5.5912e+01 4.2480e+00 4.6000e-02 8.3000e+00 1.0700e+01 1.3000e+00 5.5686e+01 4.1990e+00 5.4000e-02 8.2000e+00 9.9000e+00 1.7000e+00 4.8339e+01
7.7040e+00 5.3000e-02 8.2000e+00 1.0900e+01 1.4000e+00 4.7674e+01 7.7340e+00 1.1500e-01 8.5000e+00 1.0800e+01 7.0000e-01 5.0366e+01 4.2480e+00 4.6000e-02 8.3000e+00 1.0700e+01 1.3000e+00 5.5686e+01 4.1990e+00 5.4000e-02 8.2000e+00 9.9000e+00 1.7000e+00 4.8339e+01 5.8500e+00 9.0000e-03 7.8000e+00 1.0600e+01 9.0000e-01 5.0496e+01
8.2200e+00 2.9000e-02 7.6000e+00 1.2800e+01 2.2000e+00 3.7878e+01 6.4340e+00 1.8000e-02 8.2000e+00 1.6700e+01 1.0000e+00 8.0116e+00 4.1990e+00 5.4000e-02 8.2000e+00 9.9000e+00 1.7000e+00 4.8339e+01 5.8500e+00 9.0000e-03 7.8000e+00 1.0600e+01 9.0000e-01 5.0496e+01 6.4240e+00 1.5000e-02 8.0000e+00 1.1200e+01 1.1000e+00 5.2263e+01
9.1080e+00 1.7300e-01 8.0000e+00 1.3000e+01 2.3000e+00 4.1699e+01 8.2910e+00 1.4000e-02 8.1000e+00 1.1200e+01 1.2000e+00 4.8499e+01 5.8500e+00 9.0000e-03 7.8000e+00 1.0600e+01 9.0000e-01 5.0496e+01 6.4240e+00 1.5000e-02 8.0000e+00 1.1200e+01 1.1000e+00 5.2263e+01 6.2860e+00 3.5000e-02 7.5000e+00 1.3100e+01 1.9000e+00 3.3901e+01
8.5200e+00 1.1500e-01 8.2000e+00 1.4300e+01 3.4000e+00 5.0235e+01 8.9320e+00 9.0000e-03 8.3000e+00 1.1000e+01 9.0000e-01 3.3174e+01 6.4240e+00 1.5000e-02 8.0000e+00 1.1200e+01 1.1000e+00 5.2263e+01 6.2860e+00 3.5000e-02 7.5000e+00 1.3100e+01 1.9000e+00 3.3901e+01 7.5070e+00 9.0000e-03 8.1000e+00 1.2500e+01 1.3000e+00 4.5135e+01
8.5440e+00 2.9000e-02 8.3000e+00 1.3900e+01 1.3000e+00 1.4811e+01 7.3130e+00 1.1000e-02 8.2000e+00 1.3800e+01 1.9000e+00 4.7674e+01 6.2860e+00 3.5000e-02 7.5000e+00 1.3100e+01 1.9000e+00 3.3901e+01 7.5070e+00 9.0000e-03 8.1000e+00 1.2500e+01 1.3000e+00 4.5135e+01 8.1820e+00 2.1000e-02 7.7000e+00 1.4100e+01 1.4000e+00 4.9548e+01
7.6560e+00 3.4000e-02 8.3000e+00 1.2100e+01 1.2000e+00 4.8962e+01 7.8780e+00 1.1000e-02 8.3000e+00 1.1900e+01 1.1000e+00 4.9405e+01 7.5070e+00 9.0000e-03 8.1000e+00 1.2500e+01 1.3000e+00 4.5135e+01 8.1820e+00 2.1000e-02 7.7000e+00 1.4100e+01 1.4000e+00 4.9548e+01 6.7690e+00 3.1000e-02 7.8000e+00 1.2600e+01 9.0000e-01 2.3800e+01
6.7200e+00 2.4000e-02 8.7000e+00 1.3600e+01 2.2000e+00 5.2476e+01 7.3040e+00 7.0000e-03 8.1000e+00 1.0700e+01 2.3000e+00 6.2410e+01 8.1820e+00 2.1000e-02 7.7000e+00 1.4100e+01 1.4000e+00 4.9548e+01 6.7690e+00 3.1000e-02 7.8000e+00 1.2600e+01 9.0000e-01 2.3800e+01 6.3290e+00 1.5000e-02 8.8000e+00 1.2800e+01 1.2000e+00 6.1612e+01
6.5730e+00 2.6000e-02 9.0000e+00 1.4600e+01 1.7000e+00 5.1934e+01 4.5400e+00 2.0000e-02 8.5000e+00 1.2500e+01 2.4000e+00 5.2476e+01 6.7690e+00 3.1000e-02 7.8000e+00 1.2600e+01 9.0000e-01 2.3800e+01 6.3290e+00 1.5000e-02 8.8000e+00 1.2800e+01 1.2000e+00 6.1612e+01 4.3050e+00 2.9000e-02 7.8000e+00 1.0200e+01 1.1000e+00 4.9112e+01
5.9790e+00 3.4000e-02 9.2000e+00 1.4400e+01 1.3000e+00 5.8622e+01 5.1660e+00 1.1000e-02 8.1000e+00 1.0400e+01 1.0000e+00 5.8622e+01 6.3290e+00 1.5000e-02 8.8000e+00 1.2800e+01 1.2000e+00 6.1612e+01 4.3050e+00 2.9000e-02 7.8000e+00 1.0200e+01 1.1000e+00 4.9112e+01 5.3930e+00 2.3000e-02 8.6000e+00 1.0500e+01 7.0000e-01 5.4812e+01
5.2790e+00 1.9000e-02 9.0000e+00 1.3100e+01 1.5000e+00 6.5534e+01 3.7460e+00 1.3000e-02 8.6000e+00 1.0500e+01 1.2000e+00 5.5912e+01 4.3050e+00 2.9000e-02 7.8000e+00 1.0200e+01 1.1000e+00 4.9112e+01 5.3930e+00 2.3000e-02 8.6000e+00 1.0500e+01 7.0000e-01 5.4812e+01 4.2700e+00 4.5000e-02 8.2000e+00 1.4700e+01 1.8000e+00 5.0999e+01
4.7840e+00 5.0000e-02 8.5000e+00 1.0500e+01 1.0000e+00 4.9548e+01 4.2480e+00 4.6000e-02 8.3000e+00 1.0700e+01 1.3000e+00 5.5686e+01 5.3930e+00 2.3000e-02 8.6000e+00 1.0500e+01 7.0000e-01 5.4812e+01 4.2700e+00 4.5000e-02 8.2000e+00 1.4700e+01 1.8000e+00 5.0999e+01 2.8970e+00 4.9000e-02 8.6000e+00 1.3800e+01 1.3000e+00 4.8339e+01
5.7570e+00 7.5000e-02 8.6000e+00 5.6000e+00 1.6000e+00 5.7676e+01 4.1990e+00 5.4000e-02 8.2000e+00 9.9000e+00 1.7000e+00 4.8339e+01 4.2700e+00 4.5000e-02 8.2000e+00 1.4700e+01 1.8000e+00 5.0999e+01 2.8970e+00 4.9000e-02 8.6000e+00 1.3800e+01 1.3000e+00 4.8339e+01 2.8680e+00 4.0000e-03 8.4000e+00 1.1300e+01 1.1000e+00 5.9840e+01
7.7340e+00 1.1500e-01 8.5000e+00 1.0800e+01 7.0000e-01 5.0366e+01 5.8500e+00 9.0000e-03 7.8000e+00 1.0600e+01 9.0000e-01 5.0496e+01 2.8970e+00 4.9000e-02 8.6000e+00 1.3800e+01 1.3000e+00 4.8339e+01 2.8680e+00 4.0000e-03 8.4000e+00 1.1300e+01 1.1000e+00 5.9840e+01 3.1400e+00 2.6000e-02 7.5000e+00 7.7000e+00 1.6000e+00 3.7878e+01
6.4340e+00 1.8000e-02 8.2000e+00 1.6700e+01 1.0000e+00 8.0116e+00 6.4240e+00 1.5000e-02 8.0000e+00 1.1200e+01 1.1000e+00 5.2263e+01 2.8680e+00 4.0000e-03 8.4000e+00 1.1300e+01 1.1000e+00 5.9840e+01 3.1400e+00 2.6000e-02 7.5000e+00 7.7000e+00 1.6000e+00 3.7878e+01 6.5540e+00 3.3000e-02 7.9000e+00 1.2400e+01 1.1000e+00 4.5782e+01
8.2910e+00 1.4000e-02 8.1000e+00 1.1200e+01 1.2000e+00 4.8499e+01 6.2860e+00 3.5000e-02 7.5000e+00 1.3100e+01 1.9000e+00 3.3901e+01 3.1400e+00 2.6000e-02 7.5000e+00 7.7000e+00 1.6000e+00 3.7878e+01 6.5540e+00 3.3000e-02 7.9000e+00 1.2400e+01 1.1000e+00 4.5782e+01 9.1710e+00 9.0000e-03 7.8000e+00 1.4400e+01 9.0000e-01 4.6960e+01
8.9320e+00 9.0000e-03 8.3000e+00 1.1000e+01 9.0000e-01 3.3174e+01 7.5070e+00 9.0000e-03 8.1000e+00 1.2500e+01 1.3000e+00 4.5135e+01 6.5540e+00 3.3000e-02 7.9000e+00 1.2400e+01 1.1000e+00 4.5782e+01 9.1710e+00 9.0000e-03 7.8000e+00 1.4400e+01 9.0000e-01 4.6960e+01 7.2600e+00 1.0000e-02 7.8000e+00 1.1900e+01 3.0000e-01 3.0600e+01
7.3130e+00 1.1000e-02 8.2000e+00 1.3800e+01 1.9000e+00 4.7674e+01 8.1820e+00 2.1000e-02 7.7000e+00 1.4100e+01 1.4000e+00 4.9548e+01 9.1710e+00 9.0000e-03 7.8000e+00 1.4400e+01 9.0000e-01 4.6960e+01 7.2600e+00 1.0000e-02 7.8000e+00 1.1900e+01 3.0000e-01 3.0600e+01 8.3110e+00 1.1000e-02 7.8000e+00 1.5400e+01 1.6000e+00 4.1699e+01
7.8780e+00 1.1000e-02 8.3000e+00 1.1900e+01 1.1000e+00 4.9405e+01 6.7690e+00 3.1000e-02 7.8000e+00 1.2600e+01 9.0000e-01 2.3800e+01 7.2600e+00 1.0000e-02 7.8000e+00 1.1900e+01 3.0000e-01 3.0600e+01 8.3110e+00 1.1000e-02 7.8000e+00 1.5400e+01 1.6000e+00 4.1699e+01 8.8330e+00 1.0000e-02 8.3000e+00 1.3000e+01 1.5000e+00 4.5782e+01
7.3040e+00 7.0000e-03 8.1000e+00 1.0700e+01 2.3000e+00 6.2410e+01 6.3290e+00 1.5000e-02 8.8000e+00 1.2800e+01 1.2000e+00 6.1612e+01 8.3110e+00 1.1000e-02 7.8000e+00 1.5400e+01 1.6000e+00 4.1699e+01 8.8330e+00 1.0000e-02 8.3000e+00 1.3000e+01 1.5000e+00 4.5782e+01 6.0770e+00 1.2000e-02 8.7000e+00 1.3400e+01 2.7000e+00 5.5377e+01
4.5400e+00 2.0000e-02 8.5000e+00 1.2500e+01 2.4000e+00 5.2476e+01 4.3050e+00 2.9000e-02 7.8000e+00 1.0200e+01 1.1000e+00 4.9112e+01 8.8330e+00 1.0000e-02 8.3000e+00 1.3000e+01 1.5000e+00 4.5782e+01 6.0770e+00 1.2000e-02 8.7000e+00 1.3400e+01 2.7000e+00 5.5377e+01 6.3830e+00 9.0000e-03 8.8000e+00 1.3300e+01 7.0000e-01 5.2370e+01
5.1660e+00 1.1000e-02 8.1000e+00 1.0400e+01 1.0000e+00 5.8622e+01 5.3930e+00 2.3000e-02 8.6000e+00 1.0500e+01 7.0000e-01 5.4812e+01 6.0770e+00 1.2000e-02 8.7000e+00 1.3400e+01 2.7000e+00 5.5377e+01 6.3830e+00 9.0000e-03 8.8000e+00 1.3300e+01 7.0000e-01 5.2370e+01 4.1070e+00 2.0000e-02 8.5000e+00 1.1800e+01 5.7000e+00 6.0513e+01
3.7460e+00 1.3000e-02 8.6000e+00 1.0500e+01 1.2000e+00 5.5912e+01 4.2700e+00 4.5000e-02 8.2000e+00 1.4700e+01 1.8000e+00 5.0999e+01 6.3830e+00 9.0000e-03 8.8000e+00 1.3300e+01 7.0000e-01 5.2370e+01 4.1070e+00 2.0000e-02 8.5000e+00 1.1800e+01 5.7000e+00 6.0513e+01 4.7530e+00 2.7000e-02 8.1000e+00 9.7000e+00 5.0000e-01 3.5805e+01
4.2480e+00 4.6000e-02 8.3000e+00 1.0700e+01 1.3000e+00 5.5686e+01 2.8970e+00 4.9000e-02 8.6000e+00 1.3800e+01 1.3000e+00 4.8339e+01 4.1070e+00 2.0000e-02 8.5000e+00 1.1800e+01 5.7000e+00 6.0513e+01 4.7530e+00 2.7000e-02 8.1000e+00 9.7000e+00 5.0000e-01 3.5805e+01 3.9860e+00 4.7000e-02 7.7000e+00 9.2000e+00 7.0000e-01 3.4578e+01
4.1990e+00 5.4000e-02 8.2000e+00 9.9000e+00 1.7000e+00 4.8339e+01 2.8680e+00 4.0000e-03 8.4000e+00 1.1300e+01 1.1000e+00 5.9840e+01 4.7530e+00 2.7000e-02 8.1000e+00 9.7000e+00 5.0000e-01 3.5805e+01 3.9860e+00 4.7000e-02 7.7000e+00 9.2000e+00 7.0000e-01 3.4578e+01 6.0440e+00 2.5000e-02 8.5000e+00 1.0900e+01 1.3000e+00 4.9689e+01
5.8500e+00 9.0000e-03 7.8000e+00 1.0600e+01 9.0000e-01 5.0496e+01 3.1400e+00 2.6000e-02 7.5000e+00 7.7000e+00 1.6000e+00 3.7878e+01 3.9860e+00 4.7000e-02 7.7000e+00 9.2000e+00 7.0000e-01 3.4578e+01 6.0440e+00 2.5000e-02 8.5000e+00 1.0900e+01 1.3000e+00 4.9689e+01 6.6200e+00 8.0000e-03 8.2000e+00 1.1300e+01 1.3000e+00 4.9112e+01
6.4240e+00 1.5000e-02 8.0000e+00 1.1200e+01 1.1000e+00 5.2263e+01 6.5540e+00 3.3000e-02 7.9000e+00 1.2400e+01 1.1000e+00 4.5782e+01 6.0440e+00 2.5000e-02 8.5000e+00 1.0900e+01 1.3000e+00 4.9689e+01 6.6200e+00 8.0000e-03 8.2000e+00 1.1300e+01 1.3000e+00 4.9112e+01 6.5140e+00 6.0000e-03 8.0000e+00 1.1600e+01 3.6000e+00 5.6348e+01
6.2860e+00 3.5000e-02 7.5000e+00 1.3100e+01 1.9000e+00 3.3901e+01 9.1710e+00 9.0000e-03 7.8000e+00 1.4400e+01 9.0000e-01 4.6960e+01 6.6200e+00 8.0000e-03 8.2000e+00 1.1300e+01 1.3000e+00 4.9112e+01 6.5140e+00 6.0000e-03 8.0000e+00 1.1600e+01 3.6000e+00 5.6348e+01 7.5560e+00 2.3000e-02 7.6000e+00 1.6100e+01 1.3000e+00 3.2389e+01
7.5070e+00 9.0000e-03 8.1000e+00 1.2500e+01 1.3000e+00 4.5135e+01 7.2600e+00 1.0000e-02 7.8000e+00 1.1900e+01 3.0000e-01 3.0600e+01 6.5140e+00 6.0000e-03 8.0000e+00 1.1600e+01 3.6000e+00 5.6348e+01 7.5560e+00 2.3000e-02 7.6000e+00 1.6100e+01 1.3000e+00 3.2389e+01 7.8190e+00 2.4000e-02 7.6000e+00 1.5600e+01 2.0000e+00 2.5589e+01
8.1820e+00 2.1000e-02 7.7000e+00 1.4100e+01 1.4000e+00 4.9548e+01 8.3110e+00 1.1000e-02 7.8000e+00 1.5400e+01 1.6000e+00 4.1699e+01 7.5560e+00 2.3000e-02 7.6000e+00 1.6100e+01 1.3000e+00 3.2389e+01 7.8190e+00 2.4000e-02 7.6000e+00 1.5600e+01 2.0000e+00 2.5589e+01 7.2510e+00 6.0000e-03 7.3000e+00 1.1800e+01 1.6000e+00 4.9689e+01
6.7690e+00 3.1000e-02 7.8000e+00 1.2600e+01 9.0000e-01 2.3800e+01 8.8330e+00 1.0000e-02 8.3000e+00 1.3000e+01 1.5000e+00 4.5782e+01 7.8190e+00 2.4000e-02 7.6000e+00 1.5600e+01 2.0000e+00 2.5589e+01 7.2510e+00 6.0000e-03 7.3000e+00 1.1800e+01 1.6000e+00 4.9689e+01 5.9160e+00 1.2000e-02 8.8000e+00 1.4900e+01 2.7000e+00 5.0366e+01
6.3290e+00 1.5000e-02 8.8000e+00 1.2800e+01 1.2000e+00 6.1612e+01 6.0770e+00 1.2000e-02 8.7000e+00 1.3400e+01 2.7000e+00 5.5377e+01 7.2510e+00 6.0000e-03 7.3000e+00 1.1800e+01 1.6000e+00 4.9689e+01 5.9160e+00 1.2000e-02 8.8000e+00 1.4900e+01 2.7000e+00 5.0366e+01 5.1980e+00 2.7000e-02 8.6000e+00 1.0700e+01 3.8000e+00 5.9890e+01
4.3050e+00 2.9000e-02 7.8000e+00 1.0200e+01 1.1000e+00 4.9112e+01 6.3830e+00 9.0000e-03 8.8000e+00 1.3300e+01 7.0000e-01 5.2370e+01 5.9160e+00 1.2000e-02 8.8000e+00 1.4900e+01 2.7000e+00 5.0366e+01 5.1980e+00 2.7000e-02 8.6000e+00 1.0700e+01 3.8000e+00 5.9890e+01 4.9550e+00 5.2000e-02 8.4000e+00 1.1400e+01 3.3000e+00 5.7981e+01
5.3930e+00 2.3000e-02 8.6000e+00 1.0500e+01 7.0000e-01 5.4812e+01 4.1070e+00 2.0000e-02 8.5000e+00 1.1800e+01 5.7000e+00 6.0513e+01 5.1980e+00 2.7000e-02 8.6000e+00 1.0700e+01 3.8000e+00 5.9890e+01 4.9550e+00 5.2000e-02 8.4000e+00 1.1400e+01 3.3000e+00 5.7981e+01 5.4080e+00 2.9000e-02 8.9000e+00 1.3600e+01 1.0000e+00 5.0751e+01
4.2700e+00 4.5000e-02 8.2000e+00 1.4700e+01 1.8000e+00 5.0999e+01 4.7530e+00 2.7000e-02 8.1000e+00 9.7000e+00 5.0000e-01 3.5805e+01 4.9550e+00 5.2000e-02 8.4000e+00 1.1400e+01 3.3000e+00 5.7981e+01 5.4080e+00 2.9000e-02 8.9000e+00 1.3600e+01 1.0000e+00 5.0751e+01 3.3170e+00 4.2000e-02 7.9000e+00 1.0300e+01 8.0000e-01 4.0344e+01
2.8970e+00 4.9000e-02 8.6000e+00 1.3800e+01 1.3000e+00 4.8339e+01 3.9860e+00 4.7000e-02 7.7000e+00 9.2000e+00 7.0000e-01 3.4578e+01 5.4080e+00 2.9000e-02 8.9000e+00 1.3600e+01 1.0000e+00 5.0751e+01 3.3170e+00 4.2000e-02 7.9000e+00 1.0300e+01 8.0000e-01 4.0344e+01 5.2320e+00 1.3000e-02 8.9000e+00 1.3800e+01 4.0000e-01 5.4977e+01
2.8680e+00 4.0000e-03 8.4000e+00 1.1300e+01 1.1000e+00 5.9840e+01 6.0440e+00 2.5000e-02 8.5000e+00 1.0900e+01 1.3000e+00 4.9689e+01 3.3170e+00 4.2000e-02 7.9000e+00 1.0300e+01 8.0000e-01 4.0344e+01 5.2320e+00 1.3000e-02 8.9000e+00 1.3800e+01 4.0000e-01 5.4977e+01 4.5660e+00 4.2000e-02 7.7000e+00 9.1000e+00 7.0000e-01 3.0600e+01
3.1400e+00 2.6000e-02 7.5000e+00 7.7000e+00 1.6000e+00 3.7878e+01 6.6200e+00 8.0000e-03 8.2000e+00 1.1300e+01 1.3000e+00 4.9112e+01 5.2320e+00 1.3000e-02 8.9000e+00 1.3800e+01 4.0000e-01 5.4977e+01 4.5660e+00 4.2000e-02 7.7000e+00 9.1000e+00 7.0000e-01 3.0600e+01 4.9130e+00 3.8000e-02 7.7000e+00 1.1000e+01 1.4000e+00 3.9589e+01
6.5540e+00 3.3000e-02 7.9000e+00 1.2400e+01 1.1000e+00 4.5782e+01 6.5140e+00 6.0000e-03 8.0000e+00 1.1600e+01 3.6000e+00 5.6348e+01 4.5660e+00 4.2000e-02 7.7000e+00 9.1000e+00 7.0000e-01 3.0600e+01 4.9130e+00 3.8000e-02 7.7000e+00 1.1000e+01 1.4000e+00 3.9589e+01 6.7890e+00 7.4000e-02 8.0000e+00 1.3800e+01 1.3000e+00 4.5135e+01
9.1710e+00 9.0000e-03 7.8000e+00 1.4400e+01 9.0000e-01 4.6960e+01 7.5560e+00 2.3000e-02 7.6000e+00 1.6100e+01 1.3000e+00 3.2389e+01 4.9130e+00 3.8000e-02 7.7000e+00 1.1000e+01 1.4000e+00 3.9589e+01 6.7890e+00 7.4000e-02 8.0000e+00 1.3800e+01 1.3000e+00 4.5135e+01 6.0170e+00 1.8000e-02 7.7000e+00 1.4200e+01 1.0000e+00 4.3696e+01
8.3110e+00 1.1000e-02 7.8000e+00 1.5400e+01 1.6000e+00 4.1699e+01 7.2510e+00 6.0000e-03 7.3000e+00 1.1800e+01 1.6000e+00 4.9689e+01 6.0170e+00 1.8000e-02 7.7000e+00 1.4200e+01 1.0000e+00 4.3696e+01 4.4400e+00 5.1000e-02 7.8000e+00 1.0400e+01 1.9000e+00 4.9548e+01 8.0860e+00 1.7000e-02 7.9000e+00 1.6400e+01 1.0000e-01 3.4578e+01
8.8330e+00 1.0000e-02 8.3000e+00 1.3000e+01 1.5000e+00 4.5782e+01 5.9160e+00 1.2000e-02 8.8000e+00 1.4900e+01 2.7000e+00 5.0366e+01 4.4400e+00 5.1000e-02 7.8000e+00 1.0400e+01 1.9000e+00 4.9548e+01 8.0860e+00 1.7000e-02 7.9000e+00 1.6400e+01 1.0000e-01 3.4578e+01 7.7970e+00 1.1000e-02 8.5000e+00 1.4200e+01 1.6000e+00 5.4212e+01
6.0770e+00 1.2000e-02 8.7000e+00 1.3400e+01 2.7000e+00 5.5377e+01 5.1980e+00 2.7000e-02 8.6000e+00 1.0700e+01 3.8000e+00 5.9890e+01 8.0860e+00 1.7000e-02 7.9000e+00 1.6400e+01 1.0000e-01 3.4578e+01 7.7970e+00 1.1000e-02 8.5000e+00 1.4200e+01 1.6000e+00 5.4212e+01 6.5130e+00 1.8000e-02 8.6000e+00 1.4900e+01 2.3000e+00 5.8336e+01
6.3830e+00 9.0000e-03 8.8000e+00 1.3300e+01 7.0000e-01 5.2370e+01 4.9550e+00 5.2000e-02 8.4000e+00 1.1400e+01 3.3000e+00 5.7981e+01 7.7970e+00 1.1000e-02 8.5000e+00 1.4200e+01 1.6000e+00 5.4212e+01 6.5130e+00 1.8000e-02 8.6000e+00 1.4900e+01 2.3000e+00 5.8336e+01 4.8410e+00 1.7000e-02 8.6000e+00 1.4200e+01 1.9000e+00 6.4256e+01
4.1070e+00 2.0000e-02 8.5000e+00 1.1800e+01 5.7000e+00 6.0513e+01 5.4080e+00 2.9000e-02 8.9000e+00 1.3600e+01 1.0000e+00 5.0751e+01 6.5130e+00 1.8000e-02 8.6000e+00 1.4900e+01 2.3000e+00 5.8336e+01 4.8410e+00 1.7000e-02 8.6000e+00 1.4200e+01 1.9000e+00 6.4256e+01 3.4890e+00 2.7000e-02 8.6000e+00 1.2500e+01 1.3000e+00 5.8565e+01
4.7530e+00 2.7000e-02 8.1000e+00 9.7000e+00 5.0000e-01 3.5805e+01 3.3170e+00 4.2000e-02 7.9000e+00 1.0300e+01 8.0000e-01 4.0344e+01 4.8410e+00 1.7000e-02 8.6000e+00 1.4200e+01 1.9000e+00 6.4256e+01 3.4890e+00 2.7000e-02 8.6000e+00 1.2500e+01 1.3000e+00 5.8565e+01 4.1420e+00 2.7000e-02 8.5000e+00 1.3200e+01 1.2000e+00 5.8336e+01
3.9860e+00 4.7000e-02 7.7000e+00 9.2000e+00 7.0000e-01 3.4578e+01 5.2320e+00 1.3000e-02 8.9000e+00 1.3800e+01 4.0000e-01 5.4977e+01 3.4890e+00 2.7000e-02 8.6000e+00 1.2500e+01 1.3000e+00 5.8565e+01 4.1420e+00 2.7000e-02 8.5000e+00 1.3200e+01 1.2000e+00 5.8336e+01 5.1330e+00 2.3300e-01 7.9000e+00 7.5000e+00 2.0000e+00 2.7101e+01
6.0440e+00 2.5000e-02 8.5000e+00 1.0900e+01 1.3000e+00 4.9689e+01 4.5660e+00 4.2000e-02 7.7000e+00 9.1000e+00 7.0000e-01 3.0600e+01 4.1420e+00 2.7000e-02 8.5000e+00 1.3200e+01 1.2000e+00 5.8336e+01 5.1330e+00 2.3300e-01 7.9000e+00 7.5000e+00 2.0000e+00 2.7101e+01 3.8040e+00 3.6000e-02 8.5000e+00 1.1300e+01 8.0000e-01 3.9188e+01
6.6200e+00 8.0000e-03 8.2000e+00 1.1300e+01 1.3000e+00 4.9112e+01 4.9130e+00 3.8000e-02 7.7000e+00 1.1000e+01 1.4000e+00 3.9589e+01 5.1330e+00 2.3300e-01 7.9000e+00 7.5000e+00 2.0000e+00 2.7101e+01 3.8040e+00 3.6000e-02 8.5000e+00 1.1300e+01 8.0000e-01 3.9188e+01 4.9430e+00 3.2000e-02 8.1000e+00 1.0700e+01 8.0000e-01 5.3478e+01
6.5140e+00 6.0000e-03 8.0000e+00 1.1600e+01 3.6000e+00 5.6348e+01 6.7890e+00 7.4000e-02 8.0000e+00 1.3800e+01 1.3000e+00 4.5135e+01 3.8040e+00 3.6000e-02 8.5000e+00 1.1300e+01 8.0000e-01 3.9188e+01 4.9430e+00 3.2000e-02 8.1000e+00 1.0700e+01 8.0000e-01 5.3478e+01 5.3400e+00 1.0000e-02 7.9000e+00 1.3500e+01 2.0000e-01 2.3800e+01
7.5560e+00 2.3000e-02 7.6000e+00 1.6100e+01 1.3000e+00 3.2389e+01 6.0170e+00 1.8000e-02 7.7000e+00 1.4200e+01 1.0000e+00 4.3696e+01 4.9430e+00 3.2000e-02 8.1000e+00 1.0700e+01 8.0000e-01 5.3478e+01 5.3400e+00 1.0000e-02 7.9000e+00 1.3500e+01 2.0000e-01 2.3800e+01 6.1280e+00 1.3000e-02 8.0000e+00 1.6600e+01 7.0000e-01 2.3800e+01
7.8190e+00 2.4000e-02 7.6000e+00 1.5600e+01 2.0000e+00 2.5589e+01 4.4400e+00 5.1000e-02 7.8000e+00 1.0400e+01 1.9000e+00 4.9548e+01 5.3400e+00 1.0000e-02 7.9000e+00 1.3500e+01 2.0000e-01 2.3800e+01 6.1280e+00 1.3000e-02 8.0000e+00 1.6600e+01 7.0000e-01 2.3800e+01 5.8140e+00 1.7000e-02 7.8000e+00 1.4200e+01 1.3000e+00 2.3800e+01
7.2510e+00 6.0000e-03 7.3000e+00 1.1800e+01 1.6000e+00 4.9689e+01 8.0860e+00 1.7000e-02 7.9000e+00 1.6400e+01 1.0000e-01 3.4578e+01 6.1280e+00 1.3000e-02 8.0000e+00 1.6600e+01 7.0000e-01 2.3800e+01 5.8140e+00 1.7000e-02 7.8000e+00 1.4200e+01 1.3000e+00 2.3800e+01 6.2140e+00 9.0000e-03 8.7000e+00 1.2300e+01 7.0000e-01 4.1377e+01
5.9160e+00 1.2000e-02 8.8000e+00 1.4900e+01 2.7000e+00 5.0366e+01 7.7970e+00 1.1000e-02 8.5000e+00 1.4200e+01 1.6000e+00 5.4212e+01 5.8140e+00 1.7000e-02 7.8000e+00 1.4200e+01 1.3000e+00 2.3800e+01 6.2140e+00 9.0000e-03 8.7000e+00 1.2300e+01 7.0000e-01 4.1377e+01 5.0030e+00 7.0000e-03 8.0000e+00 1.2200e+01 1.3000e+00 3.3901e+01
5.1980e+00 2.7000e-02 8.6000e+00 1.0700e+01 3.8000e+00 5.9890e+01 6.5130e+00 1.8000e-02 8.6000e+00 1.4900e+01 2.3000e+00 5.8336e+01 6.2140e+00 9.0000e-03 8.7000e+00 1.2300e+01 7.0000e-01 4.1377e+01 5.0030e+00 7.0000e-03 8.0000e+00 1.2200e+01 1.3000e+00 3.3901e+01 5.4690e+00 2.5000e-02 7.9000e+00 1.1300e+01 1.8000e+00 3.2389e+01
7.2600e+00 1.0000e-02 7.8000e+00 1.1900e+01 3.0000e-01 3.0600e+01 7.8190e+00 2.4000e-02 7.6000e+00 1.5600e+01 2.0000e+00 2.5589e+01 6.7890e+00 7.4000e-02 8.0000e+00 1.3800e+01 1.3000e+00 4.5135e+01 6.0170e+00 1.8000e-02 7.7000e+00 1.4200e+01 1.0000e+00 4.3696e+01 4.4400e+00 5.1000e-02 7.8000e+00 1.0400e+01 1.9000e+00 4.9548e+01
