7.9080e+00 6.4300e-01 8.4000e+00 1.5400e+01 2.7000e+00 3.2389e+01 9.3480e+00 1.5400e-01 7.7000e+00 1.2400e+01 3.0000e+00 4.0701e+01 4.4800e+00 5.8000e-02 8.5000e+00 1.1800e+01 1.5000e+00 4.3166e+01 7.2720e+00 1.1000e-01 8.7000e+00 1.2600e+01 1.4000e+00 4.1045e+01 7.8720e+00 3.4600e-01 8.5000e+00 1.4200e+01 2.0000e+00 4.2312e+01
7.4640e+00 6.0000e-01 8.0000e+00 1.4300e+01 3.1000e+00 3.7400e+01 7.2960e+00 4.3200e-01 8.4000e+00 1.2100e+01 3.2000e+00 4.6190e+01 7.2720e+00 1.1000e-01 8.7000e+00 1.2600e+01 1.4000e+00 4.1045e+01 7.8720e+00 3.4600e-01 8.5000e+00 1.4200e+01 2.0000e+00 4.2312e+01 8.2800e+00 4.0300e-01 9.1000e+00 1.3200e+01 2.1000e+00 3.9589e+01
6.7800e+00 1.2500e-01 8.5000e+00 1.1400e+01 3.0000e+00 8.0116e+00 6.8160e+00 3.9800e-01 7.9000e+00 1.1400e+01 3.4000e+00 4.7144e+01 7.8720e+00 3.4600e-01 8.5000e+00 1.4200e+01 2.0000e+00 4.2312e+01 8.2800e+00 4.0300e-01 9.1000e+00 1.3200e+01 2.1000e+00 3.9589e+01 5.8200e+00 7.7000e-02 8.5000e+00 1.5800e+01 2.8000e+00 4.1699e+01
4.0570e+00 1.8900e-01 8.1000e+00 9.3000e+00 7.3000e+00 6.4128e+01 5.2800e+00 5.4200e-01 8.1000e+00 1.0300e+01 3.7000e+00 5.4123e+01 8.2800e+00 4.0300e-01 9.1000e+00 1.3200e+01 2.1000e+00 3.9589e+01 5.8200e+00 7.7000e-02 8.5000e+00 1.5800e+01 2.8000e+00 4.1699e+01 5.3880e+00 7.7000e-02 8.7000e+00 7.7000e+00 2.5000e+00 5.5139e+01
4.2930e+00 7.3000e-02 7.2000e+00 8.6000e+00 1.9000e+00 5.1121e+01 5.1840e+00 3.8400e-01 8.0000e+00 9.9000e+00 3.9000e+00 4.8339e+01 5.8200e+00 7.7000e-02 8.5000e+00 1.5800e+01 2.8000e+00 4.1699e+01 5.3880e+00 7.7000e-02 8.7000e+00 7.7000e+00 2.5000e+00 5.5139e+01 5.7720e+00 1.5800e-01 8.5000e+00 1.0400e+01 1.8000e+00 5.3760e+01
5.5680e+00 2.2600e-01 8.8000e+00 7.7000e+00 2.6000e+00 3.8771e+01 6.3520e+00 1.4900e-01 8.0000e+00 6.9000e+00 3.8000e+00 5.2045e+01 5.3880e+00 7.7000e-02 8.7000e+00 7.7000e+00 2.5000e+00 5.5139e+01 5.7720e+00 1.5800e-01 8.5000e+00 1.0400e+01 1.8000e+00 5.3760e+01 4.9920e+00 1.7800e-01 7.6000e+00 7.8000e+00 2.6000e+00 4.5988e+01
4.1880e+00 3.4000e-02 8.4000e+00 9.9000e+00 2.4000e+00 5.5219e+01 4.7760e+00 8.6400e-01 7.9000e+00 8.4000e+00 2.4000e+00 5.0751e+01 5.7720e+00 1.5800e-01 8.5000e+00 1.0400e+01 1.8000e+00 5.3760e+01 4.9920e+00 1.7800e-01 7.6000e+00 7.8000e+00 2.6000e+00 4.5988e+01 3.7760e+00 2.3000e-01 7.7000e+00 9.7000e+00 6.0000e-01 4.5135e+01
4.4640e+00 1.8700e-01 7.6000e+00 8.0000e+00 1.6000e+00 4.4678e+01 4.5760e+00 1.0100e-01 8.4000e+00 9.7000e+00 2.1000e+00 5.2788e+01 4.9920e+00 1.7800e-01 7.6000e+00 7.8000e+00 2.6000e+00 4.5988e+01 3.7760e+00 2.3000e-01 7.7000e+00 9.7000e+00 6.0000e-01 4.5135e+01 4.3680e+00 4.7000e-01 8.1000e+00 7.4000e+00 1.5000e+00 4.8177e+01
4.0200e+00 7.2000e-02 8.0000e+00 1.0300e+01 2.6000e+00 4.6773e+01 3.0880e+00 6.2000e-02 8.4000e+00 9.8000e+00 1.4000e+00 4.3166e+01 3.7760e+00 2.3000e-01 7.7000e+00 9.7000e+00 6.0000e-01 4.5135e+01 4.3680e+00 4.7000e-01 8.1000e+00 7.4000e+00 1.5000e+00 4.8177e+01 5.2400e+00 1.9700e-01 8.5000e+00 1.4000e+01 2.0000e-01 5.1822e+01
7.1400e+00 1.0130e+00 8.5000e+00 1.0000e+01 3.3000e+00 3.9974e+01 6.1040e+00 3.4100e-01 8.9000e+00 1.1000e+01 1.6000e+00 4.6773e+01 4.3680e+00 4.7000e-01 8.1000e+00 7.4000e+00 1.5000e+00 4.8177e+01 5.2400e+00 1.9700e-01 8.5000e+00 1.4000e+01 2.0000e-01 5.1822e+01 6.2880e+00 1.1500e-01 8.3000e+00 9.2000e+00 8.0000e-01 4.1699e+01
7.4640e+00 7.4640e+00 8.7000e+00 9.4000e+00 3.1000e+00 3.5805e+01 4.4800e+00 5.8000e-02 8.5000e+00 1.1800e+01 1.5000e+00 4.3166e+01 5.2400e+00 1.9700e-01 8.5000e+00 1.4000e+01 2.0000e-01 5.1822e+01 6.2880e+00 1.1500e-01 8.3000e+00 9.2000e+00 8.0000e-01 4.1699e+01 6.6800e+00 4.5100e-01 8.0000e+00 1.2300e+01 2.3000e+00 1.8789e+01
8.2500e+00 1.7800e-01 9.2000e+00 1.0300e+01 3.0000e+00 4.0701e+01 7.2720e+00 1.1000e-01 8.7000e+00 1.2600e+01 1.4000e+00 4.1045e+01 6.2880e+00 1.1500e-01 8.3000e+00 9.2000e+00 8.0000e-01 4.1699e+01 6.6800e+00 4.5100e-01 8.0000e+00 1.2300e+01 2.3000e+00 1.8789e+01 7.1360e+00 1.7300e-01 8.5000e+00 1.2000e+01 1.9000e+00 3.5805e+01
9.3480e+00 1.5400e-01 7.7000e+00 1.2400e+01 3.0000e+00 4.0701e+01 7.8720e+00 3.4600e-01 8.5000e+00 1.4200e+01 2.0000e+00 4.2312e+01 6.6800e+00 4.5100e-01 8.0000e+00 1.2300e+01 2.3000e+00 1.8789e+01 7.1360e+00 1.7300e-01 8.5000e+00 1.2000e+01 1.9000e+00 3.5805e+01 7.0440e+00 1.2500e-01 7.6000e+00 1.3400e+01 1.8000e+00 3.9974e+01
7.2960e+00 4.3200e-01 8.4000e+00 1.2100e+01 3.2000e+00 4.6190e+01 8.2800e+00 4.0300e-01 9.1000e+00 1.3200e+01 2.1000e+00 3.9589e+01 7.1360e+00 1.7300e-01 8.5000e+00 1.2000e+01 1.9000e+00 3.5805e+01 7.0440e+00 1.2500e-01 7.6000e+00 1.3400e+01 1.8000e+00 3.9974e+01 7.0680e+00 1.5800e-01 8.5000e+00 1.3400e+01 2.0000e+00 2.8411e+01
6.8160e+00 3.9800e-01 7.9000e+00 1.1400e+01 3.4000e+00 4.7144e+01 5.8200e+00 7.7000e-02 8.5000e+00 1.5800e+01 2.8000e+00 4.1699e+01 7.0440e+00 1.2500e-01 7.6000e+00 1.3400e+01 1.8000e+00 3.9974e+01 7.0680e+00 1.5800e-01 8.5000e+00 1.3400e+01 2.0000e+00 2.8411e+01 5.7480e+00 1.3400e-01 8.1000e+00 1.0700e+01 1.5000e+00 5.0235e+01
5.2800e+00 5.4200e-01 8.1000e+00 1.0300e+01 3.7000e+00 5.4123e+01 5.3880e+00 7.7000e-02 8.7000e+00 7.7000e+00 2.5000e+00 5.5139e+01 7.0680e+00 1.5800e-01 8.5000e+00 1.3400e+01 2.0000e+00 2.8411e+01 5.7480e+00 1.3400e-01 8.1000e+00 1.0700e+01 1.5000e+00 5.0235e+01 6.5140e+00 5.8000e-02 8.3000e+00 1.0600e+01 2.2000e+00 5.6766e+01
5.1840e+00 3.8400e-01 8.0000e+00 9.9000e+00 3.9000e+00 4.8339e+01 5.7720e+00 1.5800e-01 8.5000e+00 1.0400e+01 1.8000e+00 5.3760e+01 5.7480e+00 1.3400e-01 8.1000e+00 1.0700e+01 1.5000e+00 5.0235e+01 6.5140e+00 5.8000e-02 8.3000e+00 1.0600e+01 2.2000e+00 5.6766e+01 4.8330e+00 4.8000e-02 7.8000e+00 1.0500e+01 2.0000e+00 5.4034e+01
6.3520e+00 1.4900e-01 8.0000e+00 6.9000e+00 3.8000e+00 5.2045e+01 4.9920e+00 1.7800e-01 7.6000e+00 7.8000e+00 2.6000e+00 4.5988e+01 6.5140e+00 5.8000e-02 8.3000e+00 1.0600e+01 2.2000e+00 5.6766e+01 4.8330e+00 4.8000e-02 7.8000e+00 1.0500e+01 2.0000e+00 5.4034e+01 4.1890e+00 1.3300e-01 8.3000e+00 8.5000e+00 8.0000e-01 5.0751e+01
4.7760e+00 8.6400e-01 7.9000e+00 8.4000e+00 2.4000e+00 5.0751e+01 3.7760e+00 2.3000e-01 7.7000e+00 9.7000e+00 6.0000e-01 4.5135e+01 4.8330e+00 4.8000e-02 7.8000e+00 1.0500e+01 2.0000e+00 5.4034e+01 4.1890e+00 1.3300e-01 8.3000e+00 8.5000e+00 8.0000e-01 5.0751e+01 3.8530e+00 1.0300e-01 8.3000e+00 8.0000e+00 1.1000e+00 5.7676e+01
4.5760e+00 1.0100e-01 8.4000e+00 9.7000e+00 2.1000e+00 5.2788e+01 4.3680e+00 4.7000e-01 8.1000e+00 7.4000e+00 1.5000e+00 4.8177e+01 4.1890e+00 1.3300e-01 8.3000e+00 8.5000e+00 8.0000e-01 5.0751e+01 3.8530e+00 1.0300e-01 8.3000e+00 8.0000e+00 1.1000e+00 5.7676e+01 4.4690e+00 7.9000e-02 7.7000e+00 7.5000e+00 1.4000e+00 4.6773e+01
3.0880e+00 6.2000e-02 8.4000e+00 9.8000e+00 1.4000e+00 4.3166e+01 5.2400e+00 1.9700e-01 8.5000e+00 1.4000e+01 2.0000e-01 5.1822e+01 3.8530e+00 1.0300e-01 8.3000e+00 8.0000e+00 1.1000e+00 5.7676e+01 4.4690e+00 7.9000e-02 7.7000e+00 7.5000e+00 1.4000e+00 4.6773e+01 4.7790e+00 8.2000e-02 8.1000e+00 7.8000e+00 1.6000e+00 5.1360e+01
6.1040e+00 3.4100e-01 8.9000e+00 1.1000e+01 1.6000e+00 4.6773e+01 6.2880e+00 1.1500e-01 8.3000e+00 9.2000e+00 8.0000e-01 4.1699e+01 4.4690e+00 7.9000e-02 7.7000e+00 7.5000e+00 1.4000e+00 4.6773e+01 4.7790e+00 8.2000e-02 8.1000e+00 7.8000e+00 1.6000e+00 5.1360e+01 5.3600e+00 9.6000e-02 7.9000e+00 8.4000e+00 3.0000e-01 4.6190e+01
4.4800e+00 5.8000e-02 8.5000e+00 1.1800e+01 1.5000e+00 4.3166e+01 6.6800e+00 4.5100e-01 8.0000e+00 1.2300e+01 2.3000e+00 1.8789e+01 4.7790e+00 8.2000e-02 8.1000e+00 7.8000e+00 1.6000e+00 5.1360e+01 5.3600e+00 9.6000e-02 7.9000e+00 8.4000e+00 3.0000e-01 4.6190e+01 5.2000e+00 1.9500e-01 7.9000e+00 1.2400e+01 1.0000e+00 3.3901e+01
7.2720e+00 1.1000e-01 8.7000e+00 1.2600e+01 1.4000e+00 4.1045e+01 7.1360e+00 1.7300e-01 8.5000e+00 1.2000e+01 1.9000e+00 3.5805e+01 5.3600e+00 9.6000e-02 7.9000e+00 8.4000e+00 3.0000e-01 4.6190e+01 5.2000e+00 1.9500e-01 7.9000e+00 1.2400e+01 1.0000e+00 3.3901e+01 6.6110e+00 7.1000e-02 8.0000e+00 7.9000e+00 1.2000e+00 3.0600e+01
7.8720e+00 3.4600e-01 8.5000e+00 1.4200e+01 2.0000e+00 4.2312e+01 7.0440e+00 1.2500e-01 7.6000e+00 1.3400e+01 1.8000e+00 3.9974e+01 5.2000e+00 1.9500e-01 7.9000e+00 1.2400e+01 1.0000e+00 3.3901e+01 6.6110e+00 7.1000e-02 8.0000e+00 7.9000e+00 1.2000e+00 3.0600e+01 7.2370e+00 4.8000e-02 7.9000e+00 1.0400e+01 1.5000e+00 8.0116e+00
8.2800e+00 4.0300e-01 9.1000e+00 1.3200e+01 2.1000e+00 3.9589e+01 7.0680e+00 1.5800e-01 8.5000e+00 1.3400e+01 2.0000e+00 2.8411e+01 6.6110e+00 7.1000e-02 8.0000e+00 7.9000e+00 1.2000e+00 3.0600e+01 7.2370e+00 4.8000e-02 7.9000e+00 1.0400e+01 1.5000e+00 8.0116e+00 7.4780e+00 5.0000e-02 7.7000e+00 1.2400e+01 1.8000e+00 4.5782e+01
5.8200e+00 7.7000e-02 8.5000e+00 1.5800e+01 2.8000e+00 4.1699e+01 5.7480e+00 1.3400e-01 8.1000e+00 1.0700e+01 1.5000e+00 5.0235e+01 7.2370e+00 4.8000e-02 7.9000e+00 1.0400e+01 1.5000e+00 8.0116e+00 7.4780e+00 5.0000e-02 7.7000e+00 1.2400e+01 1.8000e+00 4.5782e+01 6.2800e+00 1.4000e-01 7.7000e+00 1.2300e+01 1.4000e+00 4.1377e+01
5.3880e+00 7.7000e-02 8.7000e+00 7.7000e+00 2.5000e+00 5.5139e+01 6.5140e+00 5.8000e-02 8.3000e+00 1.0600e+01 2.2000e+00 5.6766e+01 7.4780e+00 5.0000e-02 7.7000e+00 1.2400e+01 1.8000e+00 4.5782e+01 6.2800e+00 1.4000e-01 7.7000e+00 1.2300e+01 1.4000e+00 4.1377e+01 4.7790e+00 1.4500e-01 8.3000e+00 7.9000e+00 3.2000e+00 5.4559e+01
5.7720e+00 1.5800e-01 8.5000e+00 1.0400e+01 1.8000e+00 5.3760e+01 4.8330e+00 4.8000e-02 7.8000e+00 1.0500e+01 2.0000e+00 5.4034e+01 6.2800e+00 1.4000e-01 7.7000e+00 1.2300e+01 1.4000e+00 4.1377e+01 4.7790e+00 1.4500e-01 8.3000e+00 7.9000e+00 3.2000e+00 5.4559e+01 4.8210e+00 7.3000e-02 8.0000e+00 1.0700e+01 1.8000e+00 4.7144e+01
4.9920e+00 1.7800e-01 7.6000e+00 7.8000e+00 2.6000e+00 4.5988e+01 4.1890e+00 1.3300e-01 8.3000e+00 8.5000e+00 8.0000e-01 5.0751e+01 4.7790e+00 1.4500e-01 8.3000e+00 7.9000e+00 3.2000e+00 5.4559e+01 4.8210e+00 7.3000e-02 8.0000e+00 1.0700e+01 1.8000e+00 4.7144e+01 5.3650e+00 5.3000e-02 7.9000e+00 9.2000e+00 1.4000e+00 5.1934e+01
3.7760e+00 2.3000e-01 7.7000e+00 9.7000e+00 6.0000e-01 4.5135e+01 3.8530e+00 1.0300e-01 8.3000e+00 8.0000e+00 1.1000e+00 5.7676e+01 4.8210e+00 7.3000e-02 8.0000e+00 1.0700e+01 1.8000e+00 4.7144e+01 5.3650e+00 5.3000e-02 7.9000e+00 9.2000e+00 1.4000e+00 5.1934e+01 4.2920e+00 9.3000e-02 8.4000e+00 1.0500e+01 9.0000e-01 4.2890e+01
4.3680e+00 4.7000e-01 8.1000e+00 7.4000e+00 1.5000e+00 4.8177e+01 4.4690e+00 7.9000e-02 7.7000e+00 7.5000e+00 1.4000e+00 4.6773e+01 5.3650e+00 5.3000e-02 7.9000e+00 9.2000e+00 1.4000e+00 5.1934e+01 4.2920e+00 9.3000e-02 8.4000e+00 1.0500e+01 9.0000e-01 4.2890e+01 4.1150e+00 9.3000e-02 7.8000e+00 9.0000e+00 6.0000e-01 4.1699e+01
5.2400e+00 1.9700e-01 8.5000e+00 1.4000e+01 2.0000e-01 5.1822e+01 4.7790e+00 8.2000e-02 8.1000e+00 7.8000e+00 1.6000e+00 5.1360e+01 4.2920e+00 9.3000e-02 8.4000e+00 1.0500e+01 9.0000e-01 4.2890e+01 4.1150e+00 9.3000e-02 7.8000e+00 9.0000e+00 6.0000e-01 4.1699e+01 5.8180e+00 1.4900e-01 7.9000e+00 9.0000e+00 8.0000e-01 4.5135e+01
6.2880e+00 1.1500e-01 8.3000e+00 9.2000e+00 8.0000e-01 4.1699e+01 5.3600e+00 9.6000e-02 7.9000e+00 8.4000e+00 3.0000e-01 4.6190e+01 4.1150e+00 9.3000e-02 7.8000e+00 9.0000e+00 6.0000e-01 4.1699e+01 5.8180e+00 1.4900e-01 7.9000e+00 9.0000e+00 8.0000e-01 4.5135e+01 5.1990e+00 8.4000e-02 7.1000e+00 7.2000e+00 7.0000e-01 3.9589e+01
6.6800e+00 4.5100e-01 8.0000e+00 1.2300e+01 2.3000e+00 1.8789e+01 5.2000e+00 1.9500e-01 7.9000e+00 1.2400e+01 1.0000e+00 3.3901e+01 5.8180e+00 1.4900e-01 7.9000e+00 9.0000e+00 8.0000e-01 4.5135e+01 5.1990e+00 8.4000e-02 7.1000e+00 7.2000e+00 7.0000e-01 3.9589e+01 5.9160e+00 7.5000e-02 8.0000e+00 1.1500e+01 7.0000e-01 4.9548e+01
7.1360e+00 1.7300e-01 8.5000e+00 1.2000e+01 1.9000e+00 3.5805e+01 6.6110e+00 7.1000e-02 8.0000e+00 7.9000e+00 1.2000e+00 3.0600e+01 5.1990e+00 8.4000e-02 7.1000e+00 7.2000e+00 7.0000e-01 3.9589e+01 5.9160e+00 7.5000e-02 8.0000e+00 1.1500e+01 7.0000e-01 4.9548e+01 6.0070e+00 7.0000e-02 7.1000e+00 1.1600e+01 1.9000e+00 2.1611e+01
7.0440e+00 1.2500e-01 7.6000e+00 1.3400e+01 1.8000e+00 3.9974e+01 7.2370e+00 4.8000e-02 7.9000e+00 1.0400e+01 1.5000e+00 8.0116e+00 5.9160e+00 7.5000e-02 8.0000e+00 1.1500e+01 7.0000e-01 4.9548e+01 6.0070e+00 7.0000e-02 7.1000e+00 1.1600e+01 1.9000e+00 2.1611e+01 7.3880e+00 5.4000e-02 7.3000e+00 1.3600e+01 1.4000e+00 4.5355e+01
7.0680e+00 1.5800e-01 8.5000e+00 1.3400e+01 2.0000e+00 2.8411e+01 7.4780e+00 5.0000e-02 7.7000e+00 1.2400e+01 1.8000e+00 4.5782e+01 6.0070e+00 7.0000e-02 7.1000e+00 1.1600e+01 1.9000e+00 2.1611e+01 7.3880e+00 5.4000e-02 7.3000e+00 1.3600e+01 1.4000e+00 4.5355e+01 6.4150e+00 3.7000e-02 7.5000e+00 1.4300e+01 1.7000e+00 3.7400e+01
5.7480e+00 1.3400e-01 8.1000e+00 1.0700e+01 1.5000e+00 5.0235e+01 6.2800e+00 1.4000e-01 7.7000e+00 1.2300e+01 1.4000e+00 4.1377e+01 7.3880e+00 5.4000e-02 7.3000e+00 1.3600e+01 1.4000e+00 4.5355e+01 6.4150e+00 3.7000e-02 7.5000e+00 1.4300e+01 1.7000e+00 3.7400e+01 5.4180e+00 8.3000e-02 7.9000e+00 1.3800e+01 1.8000e+00 3.9188e+01
6.5140e+00 5.8000e-02 8.3000e+00 1.0600e+01 2.2000e+00 5.6766e+01 4.7790e+00 1.4500e-01 8.3000e+00 7.9000e+00 3.2000e+00 5.4559e+01 6.4150e+00 3.7000e-02 7.5000e+00 1.4300e+01 1.7000e+00 3.7400e+01 5.4180e+00 8.3000e-02 7.9000e+00 1.3800e+01 1.8000e+00 3.9188e+01 4.4400e+00 5.1000e-02 7.8000e+00 1.0600e+01 3.6000e+00 4.9548e+01
4.8330e+00 4.8000e-02 7.8000e+00 1.0500e+01 2.0000e+00 5.4034e+01 4.8210e+00 7.3000e-02 8.0000e+00 1.0700e+01 1.8000e+00 4.7144e+01 5.4180e+00 8.3000e-02 7.9000e+00 1.3800e+01 1.8000e+00 3.9188e+01 4.4400e+00 5.1000e-02 7.8000e+00 1.0600e+01 3.6000e+00 4.9548e+01 4.4400e+00 5.1000e-02 7.7000e+00 7.3000e+00 6.1000e+00 4.9548e+01
4.1890e+00 1.3300e-01 8.3000e+00 8.5000e+00 8.0000e-01 5.0751e+01 5.3650e+00 5.3000e-02 7.9000e+00 9.2000e+00 1.4000e+00 5.1934e+01 4.4400e+00 5.1000e-02 7.8000e+00 1.0600e+01 3.6000e+00 4.9548e+01 4.4400e+00 5.1000e-02 7.7000e+00 7.3000e+00 6.1000e+00 4.9548e+01 4.4400e+00 5.1000e-02 7.9000e+00 8.5000e+00 1.7000e+00 4.9548e+01
3.8530e+00 1.0300e-01 8.3000e+00 8.0000e+00 1.1000e+00 5.7676e+01 4.2920e+00 9.3000e-02 8.4000e+00 1.0500e+01 9.0000e-01 4.2890e+01 4.4400e+00 5.1000e-02 7.7000e+00 7.3000e+00 6.1000e+00 4.9548e+01 4.4400e+00 5.1000e-02 7.9000e+00 8.5000e+00 1.7000e+00 4.9548e+01 5.1850e+00 6.3000e-02 7.4000e+00 1.0300e+01 1.2000e+00 6.2562e+01
4.4690e+00 7.9000e-02 7.7000e+00 7.5000e+00 1.4000e+00 4.6773e+01 4.1150e+00 9.3000e-02 7.8000e+00 9.0000e+00 6.0000e-01 4.1699e+01 4.4400e+00 5.1000e-02 7.9000e+00 8.5000e+00 1.7000e+00 4.9548e+01 5.1850e+00 6.3000e-02 7.4000e+00 1.0300e+01 1.2000e+00 6.2562e+01 3.9880e+00 9.3000e-02 7.5000e+00 1.0000e+01 6.0000e-01 4.1377e+01
4.7790e+00 8.2000e-02 8.1000e+00 7.8000e+00 1.6000e+00 5.1360e+01 5.8180e+00 1.4900e-01 7.9000e+00 9.0000e+00 8.0000e-01 4.5135e+01 5.1850e+00 6.3000e-02 7.4000e+00 1.0300e+01 1.2000e+00 6.2562e+01 3.9880e+00 9.3000e-02 7.5000e+00 1.0000e+01 6.0000e-01 4.1377e+01 4.4400e+00 5.1000e-02 7.7000e+00 8.2000e+00 4.6000e+00 4.9548e+01
5.3600e+00 9.6000e-02 7.9000e+00 8.4000e+00 3.0000e-01 4.6190e+01 5.1990e+00 8.4000e-02 7.1000e+00 7.2000e+00 7.0000e-01 3.9589e+01 3.9880e+00 9.3000e-02 7.5000e+00 1.0000e+01 6.0000e-01 4.1377e+01 4.4400e+00 5.1000e-02 7.7000e+00 8.2000e+00 4.6000e+00 4.9548e+01 5.0830e+00 8.7000e-02 7.5000e+00 7.7000e+00 4.0000e-01 1.4811e+01
5.2000e+00 1.9500e-01 7.9000e+00 1.2400e+01 1.0000e+00 3.3901e+01 5.9160e+00 7.5000e-02 8.0000e+00 1.1500e+01 7.0000e-01 4.9548e+01 4.4400e+00 5.1000e-02 7.7000e+00 8.2000e+00 4.6000e+00 4.9548e+01 5.0830e+00 8.7000e-02 7.5000e+00 7.7000e+00 4.0000e-01 1.4811e+01 4.4400e+00 5.1000e-02 7.8000e+00 9.2000e+00 2.3000e+00 4.9548e+01
6.6110e+00 7.1000e-02 8.0000e+00 7.9000e+00 1.2000e+00 3.0600e+01 6.0070e+00 7.0000e-02 7.1000e+00 1.1600e+01 1.9000e+00 2.1611e+01 5.0830e+00 8.7000e-02 7.5000e+00 7.7000e+00 4.0000e-01 1.4811e+01 4.4400e+00 5.1000e-02 7.8000e+00 9.2000e+00 2.3000e+00 4.9548e+01 4.4400e+00 5.1000e-02 7.7000e+00 1.1200e+01 2.8000e+00 4.9548e+01
7.2370e+00 4.8000e-02 7.9000e+00 1.0400e+01 1.5000e+00 8.0116e+00 7.3880e+00 5.4000e-02 7.3000e+00 1.3600e+01 1.4000e+00 4.5355e+01 4.4400e+00 5.1000e-02 7.8000e+00 9.2000e+00 2.3000e+00 4.9548e+01 4.4400e+00 5.1000e-02 7.7000e+00 1.1200e+01 2.8000e+00 4.9548e+01 5.4670e+00 6.5000e-02 7.9000e+00 1.1400e+01 4.0000e-01 3.6897e+01
7.4780e+00 5.0000e-02 7.7000e+00 1.2400e+01 1.8000e+00 4.5782e+01 6.4150e+00 3.7000e-02 7.5000e+00 1.4300e+01 1.7000e+00 3.7400e+01 4.4400e+00 5.1000e-02 7.7000e+00 1.1200e+01 2.8000e+00 4.9548e+01 5.4670e+00 6.5000e-02 7.9000e+00 1.1400e+01 4.0000e-01 3.6897e+01 7.1320e+00 3.3000e-02 7.6000e+00 1.3800e+01 1.9000e+00 3.6366e+01
6.2800e+00 1.4000e-01 7.7000e+00 1.2300e+01 1.4000e+00 4.1377e+01 5.4180e+00 8.3000e-02 7.9000e+00 1.3800e+01 1.8000e+00 3.9188e+01 5.4670e+00 6.5000e-02 7.9000e+00 1.1400e+01 4.0000e-01 3.6897e+01 7.1320e+00 3.3000e-02 7.6000e+00 1.3800e+01 1.9000e+00 3.6366e+01 6.6950e+00 2.3000e-02 7.7000e+00 1.3000e+01 1.6000e+00 3.3174e+01
4.7790e+00 1.4500e-01 8.3000e+00 7.9000e+00 3.2000e+00 5.4559e+01 4.4400e+00 5.1000e-02 7.8000e+00 1.0600e+01 3.6000e+00 4.9548e+01 7.1320e+00 3.3000e-02 7.6000e+00 1.3800e+01 1.9000e+00 3.6366e+01 6.6950e+00 2.3000e-02 7.7000e+00 1.3000e+01 1.6000e+00 3.3174e+01 4.4400e+00 5.1000e-02 7.8000e+00 1.0300e+01 3.2000e+00 4.9548e+01
4.8210e+00 7.3000e-02 8.0000e+00 1.0700e+01 1.8000e+00 4.7144e+01 4.4400e+00 5.1000e-02 7.7000e+00 7.3000e+00 6.1000e+00 4.9548e+01 6.6950e+00 2.3000e-02 7.7000e+00 1.3000e+01 1.6000e+00 3.3174e+01 4.4400e+00 5.1000e-02 7.8000e+00 1.0300e+01 3.2000e+00 4.9548e+01 4.8680e+00 2.3000e-02 7.4000e+00 9.2000e+00 2.0000e+00 4.4200e+01
5.3650e+00 5.3000e-02 7.9000e+00 9.2000e+00 1.4000e+00 5.1934e+01 4.4400e+00 5.1000e-02 7.9000e+00 8.5000e+00 1.7000e+00 4.9548e+01 4.4400e+00 5.1000e-02 7.8000e+00 1.0300e+01 3.2000e+00 4.9548e+01 4.8680e+00 2.3000e-02 7.4000e+00 9.2000e+00 2.0000e+00 4.4200e+01 4.2490e+00 3.0000e-02 7.7000e+00 9.3000e+00 9.0000e-01 4.9405e+01
4.2920e+00 9.3000e-02 8.4000e+00 1.0500e+01 9.0000e-01 4.2890e+01 5.1850e+00 6.3000e-02 7.4000e+00 1.0300e+01 1.2000e+00 6.2562e+01 4.8680e+00 2.3000e-02 7.4000e+00 9.2000e+00 2.0000e+00 4.4200e+01 4.2490e+00 3.0000e-02 7.7000e+00 9.3000e+00 9.0000e-01 4.9405e+01 4.4400e+00 5.1000e-02 7.0000e+00 7.6000e+00 2.4000e+00 4.9548e+01
4.1150e+00 9.3000e-02 7.8000e+00 9.0000e+00 6.0000e-01 4.1699e+01 3.9880e+00 9.3000e-02 7.5000e+00 1.0000e+01 6.0000e-01 4.1377e+01 4.2490e+00 3.0000e-02 7.7000e+00 9.3000e+00 9.0000e-01 4.9405e+01 4.4400e+00 5.1000e-02 7.0000e+00 7.6000e+00 2.4000e+00 4.9548e+01 4.5960e+00 7.2000e-02 8.2000e+00 8.4000e+00 4.0000e-01 3.6366e+01
5.8180e+00 1.4900e-01 7.9000e+00 9.0000e+00 8.0000e-01 4.5135e+01 4.4400e+00 5.1000e-02 7.7000e+00 8.2000e+00 4.6000e+00 4.9548e+01 4.4400e+00 5.1000e-02 7.0000e+00 7.6000e+00 2.4000e+00 4.9548e+01 4.5960e+00 7.2000e-02 8.2000e+00 8.4000e+00 4.0000e-01 3.6366e+01 4.7540e+00 6.9000e-02 7.8000e+00 9.6000e+00 1.4000e+00 4.8177e+01
5.1990e+00 8.4000e-02 7.1000e+00 7.2000e+00 7.0000e-01 3.9589e+01 5.0830e+00 8.7000e-02 7.5000e+00 7.7000e+00 4.0000e-01 1.4811e+01 4.5960e+00 7.2000e-02 8.2000e+00 8.4000e+00 4.0000e-01 3.6366e+01 4.7540e+00 6.9000e-02 7.8000e+00 9.6000e+00 1.4000e+00 4.8177e+01 5.8740e+00 1.0500e-01 7.6000e+00 9.4000e+00 7.0000e-01 3.3174e+01
5.9160e+00 7.5000e-02 8.0000e+00 1.1500e+01 7.0000e-01 4.9548e+01 4.4400e+00 5.1000e-02 7.8000e+00 9.2000e+00 2.3000e+00 4.9548e+01 4.7540e+00 6.9000e-02 7.8000e+00 9.6000e+00 1.4000e+00 4.8177e+01 5.8740e+00 1.0500e-01 7.6000e+00 9.4000e+00 7.0000e-01 3.3174e+01 6.5160e+00 6.4000e-02 7.5000e+00 1.0100e+01 3.5000e+00 5.1121e+01
6.0070e+00 7.0000e-02 7.1000e+00 1.1600e+01 1.9000e+00 2.1611e+01 4.4400e+00 5.1000e-02 7.7000e+00 1.1200e+01 2.8000e+00 4.9548e+01 5.8740e+00 1.0500e-01 7.6000e+00 9.4000e+00 7.0000e-01 3.3174e+01 6.5160e+00 6.4000e-02 7.5000e+00 1.0100e+01 3.5000e+00 5.1121e+01 6.6420e+00 4.8000e-02 7.2000e+00 1.4300e+01 1.9000e+00 3.1535e+01
7.3880e+00 5.4000e-02 7.3000e+00 1.3600e+01 1.4000e+00 4.5355e+01 5.4670e+00 6.5000e-02 7.9000e+00 1.1400e+01 4.0000e-01 3.6897e+01 6.5160e+00 6.4000e-02 7.5000e+00 1.0100e+01 3.5000e+00 5.1121e+01 6.6420e+00 4.8000e-02 7.2000e+00 1.4300e+01 1.9000e+00 3.1535e+01 4.4400e+00 5.1000e-02 7.6000e+00 8.7000e+00 2.4000e+00 4.9548e+01
6.4150e+00 3.7000e-02 7.5000e+00 1.4300e+01 1.7000e+00 3.7400e+01 7.1320e+00 3.3000e-02 7.6000e+00 1.3800e+01 1.9000e+00 3.6366e+01 6.6420e+00 4.8000e-02 7.2000e+00 1.4300e+01 1.9000e+00 3.1535e+01 4.4400e+00 5.1000e-02 7.6000e+00 8.7000e+00 2.4000e+00 4.9548e+01 4.4400e+00 5.1000e-02 7.4000e+00 9.6000e+00 2.2000e+00 4.9548e+01
5.4180e+00 8.3000e-02 7.9000e+00 1.3800e+01 1.8000e+00 3.9188e+01 6.6950e+00 2.3000e-02 7.7000e+00 1.3000e+01 1.6000e+00 3.3174e+01 4.4400e+00 5.1000e-02 7.6000e+00 8.7000e+00 2.4000e+00 4.9548e+01 4.4400e+00 5.1000e-02 7.4000e+00 9.6000e+00 2.2000e+00 4.9548e+01 6.5460e+00 4.4000e-02 7.2000e+00 1.0000e+01 6.1000e+00 6.0037e+01
4.4400e+00 5.1000e-02 7.8000e+00 1.0600e+01 3.6000e+00 4.9548e+01 4.4400e+00 5.1000e-02 7.8000e+00 1.0300e+01 3.2000e+00 4.9548e+01 4.4400e+00 5.1000e-02 7.4000e+00 9.6000e+00 2.2000e+00 4.9548e+01 6.5460e+00 4.4000e-02 7.2000e+00 1.0000e+01 6.1000e+00 6.0037e+01 4.4400e+00 5.1000e-02 7.6000e+00 9.2000e+00 2.9000e+00 4.9548e+01
4.4400e+00 5.1000e-02 7.7000e+00 7.3000e+00 6.1000e+00 4.9548e+01 4.8680e+00 2.3000e-02 7.4000e+00 9.2000e+00 2.0000e+00 4.4200e+01 6.5460e+00 4.4000e-02 7.2000e+00 1.0000e+01 6.1000e+00 6.0037e+01 4.4400e+00 5.1000e-02 7.6000e+00 9.2000e+00 2.9000e+00 4.9548e+01 4.4400e+00 5.1000e-02 7.8000e+00 8.5000e+00 2.4000e+00 4.9548e+01
4.4400e+00 5.1000e-02 7.9000e+00 8.5000e+00 1.7000e+00 4.9548e+01 4.2490e+00 3.0000e-02 7.7000e+00 9.3000e+00 9.0000e-01 4.9405e+01 4.4400e+00 5.1000e-02 7.6000e+00 9.2000e+00 2.9000e+00 4.9548e+01 4.4400e+00 5.1000e-02 7.8000e+00 8.5000e+00 2.4000e+00 4.9548e+01 5.7570e+00 6.1000e-02 7.6000e+00 9.0000e+00 9.0000e-01 5.8451e+01
5.1850e+00 6.3000e-02 7.4000e+00 1.0300e+01 1.2000e+00 6.2562e+01 4.4400e+00 5.1000e-02 7.0000e+00 7.6000e+00 2.4000e+00 4.9548e+01 4.4400e+00 5.1000e-02 7.8000e+00 8.5000e+00 2.4000e+00 4.9548e+01 5.7570e+00 6.1000e-02 7.6000e+00 9.0000e+00 9.0000e-01 5.8451e+01 4.4400e+00 5.1000e-02 7.7000e+00 7.3000e+00 1.8000e+00 4.9548e+01
3.9880e+00 9.3000e-02 7.5000e+00 1.0000e+01 6.0000e-01 4.1377e+01 4.5960e+00 7.2000e-02 8.2000e+00 8.4000e+00 4.0000e-01 3.6366e+01 5.7570e+00 6.1000e-02 7.6000e+00 9.0000e+00 9.0000e-01 5.8451e+01 4.4400e+00 5.1000e-02 7.7000e+00 7.3000e+00 1.8000e+00 4.9548e+01 4.0980e+00 8.8000e-02 7.9000e+00 8.6000e+00 4.0000e-01 6.3701e+01
4.4400e+00 5.1000e-02 7.7000e+00 8.2000e+00 4.6000e+00 4.9548e+01 4.7540e+00 6.9000e-02 7.8000e+00 9.6000e+00 1.4000e+00 4.8177e+01 4.4400e+00 5.1000e-02 7.7000e+00 7.3000e+00 1.8000e+00 4.9548e+01 4.0980e+00 8.8000e-02 7.9000e+00 8.6000e+00 4.0000e-01 6.3701e+01 4.5930e+00 6.5000e-02 7.5000e+00 9.0000e+00 7.0000e-01 4.2890e+01
5.0830e+00 8.7000e-02 7.5000e+00 7.7000e+00 4.0000e-01 1.4811e+01 5.8740e+00 1.0500e-01 7.6000e+00 9.4000e+00 7.0000e-01 3.3174e+01 4.0980e+00 8.8000e-02 7.9000e+00 8.6000e+00 4.0000e-01 6.3701e+01 4.5930e+00 6.5000e-02 7.5000e+00 9.0000e+00 7.0000e-01 4.2890e+01 5.2980e+00 5.6000e-02 7.5000e+00 1.0100e+01 1.1000e+00 3.9589e+01
4.4400e+00 5.1000e-02 7.8000e+00 9.2000e+00 2.3000e+00 4.9548e+01 6.5160e+00 6.4000e-02 7.5000e+00 1.0100e+01 3.5000e+00 5.1121e+01 4.5930e+00 6.5000e-02 7.5000e+00 9.0000e+00 7.0000e-01 4.2890e+01 5.2980e+00 5.6000e-02 7.5000e+00 1.0100e+01 1.1000e+00 3.9589e+01 4.4400e+00 5.1000e-02 7.5000e+00 1.0000e+01 1.7000e+00 4.9548e+01
4.4400e+00 5.1000e-02 7.7000e+00 1.1200e+01 2.8000e+00 4.9548e+01 6.6420e+00 4.8000e-02 7.2000e+00 1.4300e+01 1.9000e+00 3.1535e+01 5.2980e+00 5.6000e-02 7.5000e+00 1.0100e+01 1.1000e+00 3.9589e+01 4.4400e+00 5.1000e-02 7.5000e+00 1.0000e+01 1.7000e+00 4.9548e+01 4.7680e+00 6.0000e-02 7.8000e+00 1.4600e+01 1.6000e+00 4.9260e+01
7.1320e+00 3.3000e-02 7.6000e+00 1.3800e+01 1.9000e+00 3.6366e+01 4.4400e+00 5.1000e-02 7.4000e+00 9.6000e+00 2.2000e+00 4.9548e+01 4.7680e+00 6.0000e-02 7.8000e+00 1.4600e+01 1.6000e+00 4.9260e+01 4.4400e+00 5.1000e-02 7.8000e+00 1.0400e+01 1.9000e+00 4.9548e+01 7.6910e+00 4.7000e-02 7.6000e+00 1.4200e+01 1.0000e-01 4.5571e+01
6.6950e+00 2.3000e-02 7.7000e+00 1.3000e+01 1.6000e+00 3.3174e+01 6.5460e+00 4.4000e-02 7.2000e+00 1.0000e+01 6.1000e+00 6.0037e+01 4.4400e+00 5.1000e-02 7.8000e+00 1.0400e+01 1.9000e+00 4.9548e+01 7.6910e+00 4.7000e-02 7.6000e+00 1.4200e+01 1.0000e-01 4.5571e+01 4.4400e+00 5.1000e-02 7.2000e+00 1.0600e+01 3.3000e+00 4.9548e+01
4.4400e+00 5.1000e-02 7.8000e+00 1.0300e+01 3.2000e+00 4.9548e+01 4.4400e+00 5.1000e-02 7.6000e+00 9.2000e+00 2.9000e+00 4.9548e+01 7.6910e+00 4.7000e-02 7.6000e+00 1.4200e+01 1.0000e-01 4.5571e+01 4.4400e+00 5.1000e-02 7.2000e+00 1.0600e+01 3.3000e+00 4.9548e+01 4.4400e+00 5.1000e-02 7.5000e+00 9.0000e+00 2.8000e+00 4.9548e+01
4.8680e+00 2.3000e-02 7.4000e+00 9.2000e+00 2.0000e+00 4.4200e+01 4.4400e+00 5.1000e-02 7.8000e+00 8.5000e+00 2.4000e+00 4.9548e+01 4.4400e+00 5.1000e-02 7.2000e+00 1.0600e+01 3.3000e+00 4.9548e+01 4.4400e+00 5.1000e-02 7.5000e+00 9.0000e+00 2.8000e+00 4.9548e+01 4.4400e+00 5.1000e-02 7.5000e+00 6.9000e+00 2.8000e+00 4.9548e+01
4.2490e+00 3.0000e-02 7.7000e+00 9.3000e+00 9.0000e-01 4.9405e+01 5.7570e+00 6.1000e-02 7.6000e+00 9.0000e+00 9.0000e-01 5.8451e+01 4.4400e+00 5.1000e-02 7.5000e+00 9.0000e+00 2.8000e+00 4.9548e+01 4.4400e+00 5.1000e-02 7.5000e+00 6.9000e+00 2.8000e+00 4.9548e+01 4.4400e+00 5.1000e-02 7.6000e+00 6.9000e+00 1.7000e+00 4.9548e+01
4.4400e+00 5.1000e-02 7.0000e+00 7.6000e+00 2.4000e+00 4.9548e+01 4.4400e+00 5.1000e-02 7.7000e+00 7.3000e+00 1.8000e+00 4.9548e+01 4.4400e+00 5.1000e-02 7.5000e+00 6.9000e+00 2.8000e+00 4.9548e+01 4.4400e+00 5.1000e-02 7.6000e+00 6.9000e+00 1.7000e+00 4.9548e+01 4.4400e+00 5.1000e-02 7.8000e+00 7.7000e+00 1.6000e+00 4.9548e+01
4.5960e+00 7.2000e-02 8.2000e+00 8.4000e+00 4.0000e-01 3.6366e+01 4.0980e+00 8.8000e-02 7.9000e+00 8.6000e+00 4.0000e-01 6.3701e+01 4.4400e+00 5.1000e-02 7.6000e+00 6.9000e+00 1.7000e+00 4.9548e+01 4.4400e+00 5.1000e-02 7.8000e+00 7.7000e+00 1.6000e+00 4.9548e+01 4.4400e+00 5.1000e-02 8.2000e+00 8.8000e+00 1.4000e+00 4.9548e+01
4.7540e+00 6.9000e-02 7.8000e+00 9.6000e+00 1.4000e+00 4.8177e+01 4.5930e+00 6.5000e-02 7.5000e+00 9.0000e+00 7.0000e-01 4.2890e+01 4.4400e+00 5.1000e-02 7.8000e+00 7.7000e+00 1.6000e+00 4.9548e+01 4.4400e+00 5.1000e-02 8.2000e+00 8.8000e+00 1.4000e+00 4.9548e+01 3.9910e+00 6.2000e-02 7.5000e+00 8.9000e+00 8.0000e-01 3.9974e+01
5.8740e+00 1.0500e-01 7.6000e+00 9.4000e+00 7.0000e-01 3.3174e+01 5.2980e+00 5.6000e-02 7.5000e+00 1.0100e+01 1.1000e+00 3.9589e+01 4.4400e+00 5.1000e-02 8.2000e+00 8.8000e+00 1.4000e+00 4.9548e+01 3.9910e+00 6.2000e-02 7.5000e+00 8.9000e+00 8.0000e-01 3.9974e+01 4.4400e+00 5.1000e-02 8.1000e+00 1.0500e+01 1.1000e+00 4.9548e+01
6.5160e+00 6.4000e-02 7.5000e+00 1.0100e+01 3.5000e+00 5.1121e+01 4.4400e+00 5.1000e-02 7.5000e+00 1.0000e+01 1.7000e+00 4.9548e+01 3.9910e+00 6.2000e-02 7.5000e+00 8.9000e+00 8.0000e-01 3.9974e+01 4.4400e+00 5.1000e-02 8.1000e+00 1.0500e+01 1.1000e+00 4.9548e+01 4.5300e+00 7.4000e-02 7.7000e+00 7.5000e+00 1.2000e+00 2.8411e+01
6.6420e+00 4.8000e-02 7.2000e+00 1.4300e+01 1.9000e+00 3.1535e+01 4.7680e+00 6.0000e-02 7.8000e+00 1.4600e+01 1.6000e+00 4.9260e+01 4.4400e+00 5.1000e-02 8.1000e+00 1.0500e+01 1.1000e+00 4.9548e+01 4.5300e+00 7.4000e-02 7.7000e+00 7.5000e+00 1.2000e+00 2.8411e+01 4.4400e+00 5.1000e-02 7.8000e+00 1.1000e+01 1.8000e+00 4.9548e+01
4.4400e+00 5.1000e-02 7.6000e+00 8.7000e+00 2.4000e+00 4.9548e+01 4.4400e+00 5.1000e-02 7.8000e+00 1.0400e+01 1.9000e+00 4.9548e+01 4.5300e+00 7.4000e-02 7.7000e+00 7.5000e+00 1.2000e+00 2.8411e+01 4.4400e+00 5.1000e-02 7.8000e+00 1.1000e+01 1.8000e+00 4.9548e+01 5.7770e+00 2.2000e-02 7.8000e+00 1.2900e+01 1.2000e+00 2.1611e+01
4.4400e+00 5.1000e-02 7.4000e+00 9.6000e+00 2.2000e+00 4.9548e+01 7.6910e+00 4.7000e-02 7.6000e+00 1.4200e+01 1.0000e-01 4.5571e+01 4.4400e+00 5.1000e-02 7.8000e+00 1.1000e+01 1.8000e+00 4.9548e+01 5.7770e+00 2.2000e-02 7.8000e+00 1.2900e+01 1.2000e+00 2.1611e+01 6.2490e+00 1.6000e-02 7.2000e+00 1.0000e+01 6.0000e-01 4.5988e+01
6.5460e+00 4.4000e-02 7.2000e+00 1.0000e+01 6.1000e+00 6.0037e+01 4.4400e+00 5.1000e-02 7.2000e+00 1.0600e+01 3.3000e+00 4.9548e+01 5.7770e+00 2.2000e-02 7.8000e+00 1.2900e+01 1.2000e+00 2.1611e+01 6.2490e+00 1.6000e-02 7.2000e+00 1.0000e+01 6.0000e-01 4.5988e+01 4.7400e+00 2.0000e-02 7.2000e+00 1.1300e+01 9.0000e-01 4.4200e+01
4.4400e+00 5.1000e-02 7.6000e+00 9.2000e+00 2.9000e+00 4.9548e+01 4.4400e+00 5.1000e-02 7.5000e+00 9.0000e+00 2.8000e+00 4.9548e+01 6.2490e+00 1.6000e-02 7.2000e+00 1.0000e+01 6.0000e-01 4.5988e+01 4.7400e+00 2.0000e-02 7.2000e+00 1.1300e+01 9.0000e-01 4.4200e+01 5.0800e+00 3.3000e-02 7.4000e+00 1.0900e+01 1.4000e+00 3.8771e+01
5.4670e+00 6.5000e-02 7.9000e+00 1.1400e+01 4.0000e-01 3.6897e+01 4.4400e+00 5.1000e-02 7.6000e+00 8.7000e+00 2.4000e+00 4.9548e+01 4.4400e+00 5.1000e-02 7.5000e+00 1.0000e+01 1.7000e+00 4.9548e+01 4.7680e+00 6.0000e-02 7.8000e+00 1.4600e+01 1.6000e+00 4.9260e+01 4.4400e+00 5.1000e-02 7.8000e+00 1.0400e+01 1.9000e+00 4.9548e+01
