4.4400e+00 5.1000e-02 7.8000e+00 1.0400e+01 1.9000e+00 4.9548e+01 3.7360e+00 9.2000e-02 7.4000e+00 1.5500e+01 1.5000e+00 6.1858e+01 3.6600e+00 1.2800e-01 7.5000e+00 1.4400e+01 9.0000e-01 4.3435e+01 2.6270e+00 7.8000e-02 7.4000e+00 9.5000e+00 7.0000e-01 4.0344e+01 4.5610e+00 1.9300e-01 7.3000e+00 1.1800e+01 5.3000e+00 5.0624e+01
5.5280e+00 2.8300e-01 8.3000e+00 1.4000e+01 3.9000e+00 6.7566e+01 4.7250e+00 1.8700e-01 8.7000e+00 1.5200e+01 5.4000e+00 7.6376e+01 2.6270e+00 7.8000e-02 7.4000e+00 9.5000e+00 7.0000e-01 4.0344e+01 4.5610e+00 1.9300e-01 7.3000e+00 1.1800e+01 5.3000e+00 5.0624e+01 4.0450e+00 9.4000e-02 7.5000e+00 1.8100e+01 1.8000e+00 5.4387e+01
4.6230e+00 1.8200e-01 8.0000e+00 1.4800e+01 4.8000e+00 7.2730e+01 3.5750e+00 1.2200e-01 8.2000e+00 1.3800e+01 5.7000e+00 7.3539e+01 4.5610e+00 1.9300e-01 7.3000e+00 1.1800e+01 5.3000e+00 5.0624e+01 4.0450e+00 9.4000e-02 7.5000e+00 1.8100e+01 1.8000e+00 5.4387e+01 3.4160e+00 3.9000e-02 7.4000e+00 1.2700e+01 3.2000e+00 6.1570e+01
4.4400e+00 5.1000e-02 7.8000e+00 1.0400e+01 1.9000e+00 4.9548e+01 2.2920e+00 4.5000e-02 8.6000e+00 1.3000e+01 3.5000e+00 7.0912e+01 4.0450e+00 9.4000e-02 7.5000e+00 1.8100e+01 1.8000e+00 5.4387e+01 3.4160e+00 3.9000e-02 7.4000e+00 1.2700e+01 3.2000e+00 6.1570e+01 3.9490e+00 9.8000e-02 7.3000e+00 1.1100e+01 3.2000e+00 6.4063e+01
4.4400e+00 5.1000e-02 7.8000e+00 1.0400e+01 1.9000e+00 4.9548e+01 2.5770e+00 1.4200e-01 7.8000e+00 9.4000e+00 2.8000e+00 6.4031e+01 3.4160e+00 3.9000e-02 7.4000e+00 1.2700e+01 3.2000e+00 6.1570e+01 3.9490e+00 9.8000e-02 7.3000e+00 1.1100e+01 3.2000e+00 6.4063e+01 2.7210e+00 6.3000e-02 7.8000e+00 1.0900e+01 2.1000e+00 6.4629e+01
3.2420e+00 1.2200e-01 7.9000e+00 1.0200e+01 1.9000e+00 5.9329e+01 1.6440e+00 9.5000e-02 8.0000e+00 9.1000e+00 1.7000e+00 6.6910e+01 3.9490e+00 9.8000e-02 7.3000e+00 1.1100e+01 3.2000e+00 6.4063e+01 2.7210e+00 6.3000e-02 7.8000e+00 1.0900e+01 2.1000e+00 6.4629e+01 1.9520e+00 7.5000e-02 6.9000e+00 6.5000e+00 1.7000e+00 4.8177e+01
2.9990e+00 8.8000e-02 7.9000e+00 1.2000e+01 7.0000e-01 4.4200e+01 2.5840e+00 6.6000e-02 7.8000e+00 9.2000e+00 1.0000e+00 4.1377e+01 1.9520e+00 7.5000e-02 6.9000e+00 6.5000e+00 1.7000e+00 4.8177e+01 4.4400e+00 5.1000e-02 7.8000e+00 1.0400e+01 1.9000e+00 4.9548e+01 2.2500e+00 4.8000e-02 7.5000e+00 8.5000e+00 1.2000e+00 5.3286e+01
3.0700e+00 1.1400e-01 7.5000e+00 6.5000e+00 9.0000e-01 5.3852e+01 1.9300e+00 7.7000e-02 8.0000e+00 1.0500e+01 8.0000e-01 4.8962e+01 4.4400e+00 5.1000e-02 7.8000e+00 1.0400e+01 1.9000e+00 4.9548e+01 2.2500e+00 4.8000e-02 7.5000e+00 8.5000e+00 1.2000e+00 5.3286e+01 2.9880e+00 1.2300e-01 7.2000e+00 5.6000e+00 1.2000e+00 4.6389e+01
4.0110e+00 2.1000e-01 7.6000e+00 1.0900e+01 1.6000e+00 6.1777e+01 2.9160e+00 1.1400e-01 7.5000e+00 9.8000e+00 8.0000e-01 5.1934e+01 2.2500e+00 4.8000e-02 7.5000e+00 8.5000e+00 1.2000e+00 5.3286e+01 2.9880e+00 1.2300e-01 7.2000e+00 5.6000e+00 1.2000e+00 4.6389e+01 2.9940e+00 5.8000e-02 7.7000e+00 9.6000e+00 1.5000e+00 6.5280e+01
3.1690e+00 1.4300e-01 8.1000e+00 1.0400e+01 1.3000e+00 6.5970e+01 3.6600e+00 1.2800e-01 7.5000e+00 1.4400e+01 9.0000e-01 4.3435e+01 2.9880e+00 1.2300e-01 7.2000e+00 5.6000e+00 1.2000e+00 4.6389e+01 2.9940e+00 5.8000e-02 7.7000e+00 9.6000e+00 1.5000e+00 6.5280e+01 3.5090e+00 1.2000e-01 7.4000e+00 1.0600e+01 1.1000e+00 4.5782e+01
3.8230e+00 1.8600e-01 7.8000e+00 1.3200e+01 8.0000e-01 4.6960e+01 2.6270e+00 7.8000e-02 7.4000e+00 9.5000e+00 7.0000e-01 4.0344e+01 2.9940e+00 5.8000e-02 7.7000e+00 9.6000e+00 1.5000e+00 6.5280e+01 3.5090e+00 1.2000e-01 7.4000e+00 1.0600e+01 1.1000e+00 4.5782e+01 4.0480e+00 1.1000e-01 7.4000e+00 1.3200e+01 1.2000e+00 4.0344e+01
3.7360e+00 9.2000e-02 7.4000e+00 1.5500e+01 1.5000e+00 6.1858e+01 4.5610e+00 1.9300e-01 7.3000e+00 1.1800e+01 5.3000e+00 5.0624e+01 3.5090e+00 1.2000e-01 7.4000e+00 1.0600e+01 1.1000e+00 4.5782e+01 4.0480e+00 1.1000e-01 7.4000e+00 1.3200e+01 1.2000e+00 4.0344e+01 5.4430e+00 1.5900e-01 7.5000e+00 1.4700e+01 2.2000e+00 5.4212e+01
4.7250e+00 1.8700e-01 8.7000e+00 1.5200e+01 5.4000e+00 7.6376e+01 4.0450e+00 9.4000e-02 7.5000e+00 1.8100e+01 1.8000e+00 5.4387e+01 4.0480e+00 1.1000e-01 7.4000e+00 1.3200e+01 1.2000e+00 4.0344e+01 5.4430e+00 1.5900e-01 7.5000e+00 1.4700e+01 2.2000e+00 5.4212e+01 4.4390e+00 1.0100e-01 7.6000e+00 1.3800e+01 1.4000e+00 5.9117e+01
3.5750e+00 1.2200e-01 8.2000e+00 1.3800e+01 5.7000e+00 7.3539e+01 3.4160e+00 3.9000e-02 7.4000e+00 1.2700e+01 3.2000e+00 6.1570e+01 5.4430e+00 1.5900e-01 7.5000e+00 1.4700e+01 2.2000e+00 5.4212e+01 4.4390e+00 1.0100e-01 7.6000e+00 1.3800e+01 1.4000e+00 5.9117e+01 4.0190e+00 1.3200e-01 7.4000e+00 1.2800e+01 1.7000e+00 6.0560e+01
2.2920e+00 4.5000e-02 8.6000e+00 1.3000e+01 3.5000e+00 7.0912e+01 3.9490e+00 9.8000e-02 7.3000e+00 1.1100e+01 3.2000e+00 6.4063e+01 4.4390e+00 1.0100e-01 7.6000e+00 1.3800e+01 1.4000e+00 5.9117e+01 4.0190e+00 1.3200e-01 7.4000e+00 1.2800e+01 1.7000e+00 6.0560e+01 3.8030e+00 1.0500e-01 7.4000e+00 1.0500e+01 4.1000e+00 6.4960e+01
2.5770e+00 1.4200e-01 7.8000e+00 9.4000e+00 2.8000e+00 6.4031e+01 2.7210e+00 6.3000e-02 7.8000e+00 1.0900e+01 2.1000e+00 6.4629e+01 4.0190e+00 1.3200e-01 7.4000e+00 1.2800e+01 1.7000e+00 6.0560e+01 3.8030e+00 1.0500e-01 7.4000e+00 1.0500e+01 4.1000e+00 6.4960e+01 3.5230e+00 1.6800e-01 7.5000e+00 6.4000e+00 2.2000e+00 5.7360e+01
1.6440e+00 9.5000e-02 8.0000e+00 9.1000e+00 1.7000e+00 6.6910e+01 1.9520e+00 7.5000e-02 6.9000e+00 6.5000e+00 1.7000e+00 4.8177e+01 3.8030e+00 1.0500e-01 7.4000e+00 1.0500e+01 4.1000e+00 6.4960e+01 3.5230e+00 1.6800e-01 7.5000e+00 6.4000e+00 2.2000e+00 5.7360e+01 2.5460e+00 1.3200e-01 8.0000e+00 1.0200e+01 2.5000e+00 6.4506e+01
1.9310e+00 1.4700e-01 7.3000e+00 7.3000e+00 9.0000e-01 5.4644e+01 4.4400e+00 5.1000e-02 7.8000e+00 1.0400e+01 1.9000e+00 4.9548e+01 3.5230e+00 1.6800e-01 7.5000e+00 6.4000e+00 2.2000e+00 5.7360e+01 2.5460e+00 1.3200e-01 8.0000e+00 1.0200e+01 2.5000e+00 6.4506e+01 1.8090e+00 1.2400e-01 7.8000e+00 8.8000e+00 2.1000e+00 6.3041e+01
2.5840e+00 6.6000e-02 7.8000e+00 9.2000e+00 1.0000e+00 4.1377e+01 2.2500e+00 4.8000e-02 7.5000e+00 8.5000e+00 1.2000e+00 5.3286e+01 2.5460e+00 1.3200e-01 8.0000e+00 1.0200e+01 2.5000e+00 6.4506e+01 1.8090e+00 1.2400e-01 7.8000e+00 8.8000e+00 2.1000e+00 6.3041e+01 2.2990e+00 1.2900e-01 7.7000e+00 7.0000e+00 1.9000e+00 6.2562e+01
1.9300e+00 7.7000e-02 8.0000e+00 1.0500e+01 8.0000e-01 4.8962e+01 2.9880e+00 1.2300e-01 7.2000e+00 5.6000e+00 1.2000e+00 4.6389e+01 1.8090e+00 1.2400e-01 7.8000e+00 8.8000e+00 2.1000e+00 6.3041e+01 2.2990e+00 1.2900e-01 7.7000e+00 7.0000e+00 1.9000e+00 6.2562e+01 3.1270e+00 1.4500e-01 7.4000e+00 7.1000e+00 1.7000e+00 5.1934e+01
2.9160e+00 1.1400e-01 7.5000e+00 9.8000e+00 8.0000e-01 5.1934e+01 2.9940e+00 5.8000e-02 7.7000e+00 9.6000e+00 1.5000e+00 6.5280e+01 2.2990e+00 1.2900e-01 7.7000e+00 7.0000e+00 1.9000e+00 6.2562e+01 3.1270e+00 1.4500e-01 7.4000e+00 7.1000e+00 1.7000e+00 5.1934e+01 3.7630e+00 1.4100e-01 8.0000e+00 8.5000e+00 1.5000e+00 5.8622e+01
3.6600e+00 1.2800e-01 7.5000e+00 1.4400e+01 9.0000e-01 4.3435e+01 3.5090e+00 1.2000e-01 7.4000e+00 1.0600e+01 1.1000e+00 4.5782e+01 3.1270e+00 1.4500e-01 7.4000e+00 7.1000e+00 1.7000e+00 5.1934e+01 3.7630e+00 1.4100e-01 8.0000e+00 8.5000e+00 1.5000e+00 5.8622e+01 3.7150e+00 1.2700e-01 7.2000e+00 9.9000e+00 8.0000e-01 5.2685e+01
2.6270e+00 7.8000e-02 7.4000e+00 9.5000e+00 7.0000e-01 4.0344e+01 4.0480e+00 1.1000e-01 7.4000e+00 1.3200e+01 1.2000e+00 4.0344e+01 3.7630e+00 1.4100e-01 8.0000e+00 8.5000e+00 1.5000e+00 5.8622e+01 3.7150e+00 1.2700e-01 7.2000e+00 9.9000e+00 8.0000e-01 5.2685e+01 4.9470e+00 1.4500e-01 7.4000e+00 1.5900e+01 1.3000e+00 4.9112e+01
4.5610e+00 1.9300e-01 7.3000e+00 1.1800e+01 5.3000e+00 5.0624e+01 5.4430e+00 1.5900e-01 7.5000e+00 1.4700e+01 2.2000e+00 5.4212e+01 3.7150e+00 1.2700e-01 7.2000e+00 9.9000e+00 8.0000e-01 5.2685e+01 4.9470e+00 1.4500e-01 7.4000e+00 1.5900e+01 1.3000e+00 4.9112e+01 5.6250e+00 1.6300e-01 7.3000e+00 1.3500e+01 1.2000e+00 5.4034e+01
4.0450e+00 9.4000e-02 7.5000e+00 1.8100e+01 1.8000e+00 5.4387e+01 4.4390e+00 1.0100e-01 7.6000e+00 1.3800e+01 1.4000e+00 5.9117e+01 4.9470e+00 1.4500e-01 7.4000e+00 1.5900e+01 1.3000e+00 4.9112e+01 5.6250e+00 1.6300e-01 7.3000e+00 1.3500e+01 1.2000e+00 5.4034e+01 5.2830e+00 1.6000e-01 7.4000e+00 1.4200e+01 2.0000e+00 5.5058e+01
3.4160e+00 3.9000e-02 7.4000e+00 1.2700e+01 3.2000e+00 6.1570e+01 4.0190e+00 1.3200e-01 7.4000e+00 1.2800e+01 1.7000e+00 6.0560e+01 5.6250e+00 1.6300e-01 7.3000e+00 1.3500e+01 1.2000e+00 5.4034e+01 5.2830e+00 1.6000e-01 7.4000e+00 1.4200e+01 2.0000e+00 5.5058e+01 4.9340e+00 9.8000e-02 7.6000e+00 1.2600e+01 4.6000e+00 7.4101e+01
3.9490e+00 9.8000e-02 7.3000e+00 1.1100e+01 3.2000e+00 6.4063e+01 3.8030e+00 1.0500e-01 7.4000e+00 1.0500e+01 4.1000e+00 6.4960e+01 5.2830e+00 1.6000e-01 7.4000e+00 1.4200e+01 2.0000e+00 5.5058e+01 4.9340e+00 9.8000e-02 7.6000e+00 1.2600e+01 4.6000e+00 7.4101e+01 4.3960e+00 2.2600e-01 7.4000e+00 9.1000e+00 2.7000e+00 5.9890e+01
2.7210e+00 6.3000e-02 7.8000e+00 1.0900e+01 2.1000e+00 6.4629e+01 3.5230e+00 1.6800e-01 7.5000e+00 6.4000e+00 2.2000e+00 5.7360e+01 4.9340e+00 9.8000e-02 7.6000e+00 1.2600e+01 4.6000e+00 7.4101e+01 4.3960e+00 2.2600e-01 7.4000e+00 9.1000e+00 2.7000e+00 5.9890e+01 3.8030e+00 1.3800e-01 7.4000e+00 9.1000e+00 3.4000e+00 6.2294e+01
1.9520e+00 7.5000e-02 6.9000e+00 6.5000e+00 1.7000e+00 4.8177e+01 2.5460e+00 1.3200e-01 8.0000e+00 1.0200e+01 2.5000e+00 6.4506e+01 4.3960e+00 2.2600e-01 7.4000e+00 9.1000e+00 2.7000e+00 5.9890e+01 3.8030e+00 1.3800e-01 7.4000e+00 9.1000e+00 3.4000e+00 6.2294e+01 3.9040e+00 2.1100e-01 7.4000e+00 6.8000e+00 9.0000e-01 5.6833e+01
4.4400e+00 5.1000e-02 7.8000e+00 1.0400e+01 1.9000e+00 4.9548e+01 1.8090e+00 1.2400e-01 7.8000e+00 8.8000e+00 2.1000e+00 6.3041e+01 3.8030e+00 1.3800e-01 7.4000e+00 9.1000e+00 3.4000e+00 6.2294e+01 3.9040e+00 2.1100e-01 7.4000e+00 6.8000e+00 9.0000e-01 5.6833e+01 4.1010e+00 2.6400e-01 7.1000e+00 9.2000e+00 3.5000e+00 6.7611e+01
2.2500e+00 4.8000e-02 7.5000e+00 8.5000e+00 1.2000e+00 5.3286e+01 2.2990e+00 1.2900e-01 7.7000e+00 7.0000e+00 1.9000e+00 6.2562e+01 3.9040e+00 2.1100e-01 7.4000e+00 6.8000e+00 9.0000e-01 5.6833e+01 4.1010e+00 2.6400e-01 7.1000e+00 9.2000e+00 3.5000e+00 6.7611e+01 3.5750e+00 1.7600e-01 7.4000e+00 7.5000e+00 1.5000e+00 5.7676e+01
2.9880e+00 1.2300e-01 7.2000e+00 5.6000e+00 1.2000e+00 4.6389e+01 3.1270e+00 1.4500e-01 7.4000e+00 7.1000e+00 1.7000e+00 5.1934e+01 4.1010e+00 2.6400e-01 7.1000e+00 9.2000e+00 3.5000e+00 6.7611e+01 3.5750e+00 1.7600e-01 7.4000e+00 7.5000e+00 1.5000e+00 5.7676e+01 4.8670e+00 2.3400e-01 7.6000e+00 5.3000e+00 4.1000e+00 4.9829e+01
2.9940e+00 5.8000e-02 7.7000e+00 9.6000e+00 1.5000e+00 6.5280e+01 3.7630e+00 1.4100e-01 8.0000e+00 8.5000e+00 1.5000e+00 5.8622e+01 3.5750e+00 1.7600e-01 7.4000e+00 7.5000e+00 1.5000e+00 5.7676e+01 4.8670e+00 2.3400e-01 7.6000e+00 5.3000e+00 4.1000e+00 4.9829e+01 4.5280e+00 2.0000e-01 7.3000e+00 6.8000e+00 2.8000e+00 5.9740e+01
3.5090e+00 1.2000e-01 7.4000e+00 1.0600e+01 1.1000e+00 4.5782e+01 3.7150e+00 1.2700e-01 7.2000e+00 9.9000e+00 8.0000e-01 5.2685e+01 4.8670e+00 2.3400e-01 7.6000e+00 5.3000e+00 4.1000e+00 4.9829e+01 4.5280e+00 2.0000e-01 7.3000e+00 6.8000e+00 2.8000e+00 5.9740e+01 5.2200e+00 2.4600e-01 7.4000e+00 1.0700e+01 1.6000e+00 4.5135e+01
4.0480e+00 1.1000e-01 7.4000e+00 1.3200e+01 1.2000e+00 4.0344e+01 4.9470e+00 1.4500e-01 7.4000e+00 1.5900e+01 1.3000e+00 4.9112e+01 4.5280e+00 2.0000e-01 7.3000e+00 6.8000e+00 2.8000e+00 5.9740e+01 5.2200e+00 2.4600e-01 7.4000e+00 1.0700e+01 1.6000e+00 4.5135e+01 5.4850e+00 1.4500e-01 7.5000e+00 8.4000e+00 1.5000e+00 5.0876e+01
5.4430e+00 1.5900e-01 7.5000e+00 1.4700e+01 2.2000e+00 5.4212e+01 5.6250e+00 1.6300e-01 7.3000e+00 1.3500e+01 1.2000e+00 5.4034e+01 5.2200e+00 2.4600e-01 7.4000e+00 1.0700e+01 1.6000e+00 4.5135e+01 5.4850e+00 1.4500e-01 7.5000e+00 8.4000e+00 1.5000e+00 5.0876e+01 8.4930e+00 3.4000e-02 8.2000e+00 1.5500e+01 6.3000e+00 8.3130e+01
4.4390e+00 1.0100e-01 7.6000e+00 1.3800e+01 1.4000e+00 5.9117e+01 5.2830e+00 1.6000e-01 7.4000e+00 1.4200e+01 2.0000e+00 5.5058e+01 5.4850e+00 1.4500e-01 7.5000e+00 8.4000e+00 1.5000e+00 5.0876e+01 8.4930e+00 3.4000e-02 8.2000e+00 1.5500e+01 6.3000e+00 8.3130e+01 1.1290e+01 1.7500e-01 7.5000e+00 9.9000e+00 4.5000e+00 5.6559e+01
4.0190e+00 1.3200e-01 7.4000e+00 1.2800e+01 1.7000e+00 6.0560e+01 4.9340e+00 9.8000e-02 7.6000e+00 1.2600e+01 4.6000e+00 7.4101e+01 8.4930e+00 3.4000e-02 8.2000e+00 1.5500e+01 6.3000e+00 8.3130e+01 1.1290e+01 1.7500e-01 7.5000e+00 9.9000e+00 4.5000e+00 5.6559e+01 4.0780e+00 1.4000e-02 8.1000e+00 1.3700e+01 1.3000e+00 6.2749e+01
3.8030e+00 1.0500e-01 7.4000e+00 1.0500e+01 4.1000e+00 6.4960e+01 4.3960e+00 2.2600e-01 7.4000e+00 9.1000e+00 2.7000e+00 5.9890e+01 1.1290e+01 1.7500e-01 7.5000e+00 9.9000e+00 4.5000e+00 5.6559e+01 4.0780e+00 1.4000e-02 8.1000e+00 1.3700e+01 1.3000e+00 6.2749e+01 4.1150e+00 3.5000e-02 7.6000e+00 1.0200e+01 2.7000e+00 5.5139e+01
3.5230e+00 1.6800e-01 7.5000e+00 6.4000e+00 2.2000e+00 5.7360e+01 3.8030e+00 1.3800e-01 7.4000e+00 9.1000e+00 3.4000e+00 6.2294e+01 4.0780e+00 1.4000e-02 8.1000e+00 1.3700e+01 1.3000e+00 6.2749e+01 4.1150e+00 3.5000e-02 7.6000e+00 1.0200e+01 2.7000e+00 5.5139e+01 3.0320e+00 4.6000e-02 7.9000e+00 9.6000e+00 2.9000e+00 5.0366e+01
2.5460e+00 1.3200e-01 8.0000e+00 1.0200e+01 2.5000e+00 6.4506e+01 3.9040e+00 2.1100e-01 7.4000e+00 6.8000e+00 9.0000e-01 5.6833e+01 4.1150e+00 3.5000e-02 7.6000e+00 1.0200e+01 2.7000e+00 5.5139e+01 3.0320e+00 4.6000e-02 7.9000e+00 9.6000e+00 2.9000e+00 5.0366e+01 2.9570e+00 6.6000e-02 7.4000e+00 7.2000e+00 1.2000e+00 4.7144e+01
1.8090e+00 1.2400e-01 7.8000e+00 8.8000e+00 2.1000e+00 6.3041e+01 4.1010e+00 2.6400e-01 7.1000e+00 9.2000e+00 3.5000e+00 6.7611e+01 3.0320e+00 4.6000e-02 7.9000e+00 9.6000e+00 2.9000e+00 5.0366e+01 2.9570e+00 6.6000e-02 7.4000e+00 7.2000e+00 1.2000e+00 4.7144e+01 2.7910e+00 2.7000e-02 7.7000e+00 9.3000e+00 1.2000e+00 5.6419e+01
2.2990e+00 1.2900e-01 7.7000e+00 7.0000e+00 1.9000e+00 6.2562e+01 3.5750e+00 1.7600e-01 7.4000e+00 7.5000e+00 1.5000e+00 5.7676e+01 2.9570e+00 6.6000e-02 7.4000e+00 7.2000e+00 1.2000e+00 4.7144e+01 2.7910e+00 2.7000e-02 7.7000e+00 9.3000e+00 1.2000e+00 5.6419e+01 3.1140e+00 7.4000e-02 7.7000e+00 5.1000e+00 1.4000e+00 5.8278e+01
3.1270e+00 1.4500e-01 7.4000e+00 7.1000e+00 1.7000e+00 5.1934e+01 4.8670e+00 2.3400e-01 7.6000e+00 5.3000e+00 4.1000e+00 4.9829e+01 2.7910e+00 2.7000e-02 7.7000e+00 9.3000e+00 1.2000e+00 5.6419e+01 3.1140e+00 7.4000e-02 7.7000e+00 5.1000e+00 1.4000e+00 5.8278e+01 3.7310e+00 7.9000e-02 7.7000e+00 6.3000e+00 2.1000e+00 5.6348e+01
3.7630e+00 1.4100e-01 8.0000e+00 8.5000e+00 1.5000e+00 5.8622e+01 4.5280e+00 2.0000e-01 7.3000e+00 6.8000e+00 2.8000e+00 5.9740e+01 3.1140e+00 7.4000e-02 7.7000e+00 5.1000e+00 1.4000e+00 5.8278e+01 3.7310e+00 7.9000e-02 7.7000e+00 6.3000e+00 2.1000e+00 5.6348e+01 3.6550e+00 5.5000e-02 7.8000e+00 8.6000e+00 1.3000e+00 5.9117e+01
3.7150e+00 1.2700e-01 7.2000e+00 9.9000e+00 8.0000e-01 5.2685e+01 5.2200e+00 2.4600e-01 7.4000e+00 1.0700e+01 1.6000e+00 4.5135e+01 3.7310e+00 7.9000e-02 7.7000e+00 6.3000e+00 2.1000e+00 5.6348e+01 3.6550e+00 5.5000e-02 7.8000e+00 8.6000e+00 1.3000e+00 5.9117e+01 4.6860e+00 4.7000e-02 7.8000e+00 9.7000e+00 9.0000e-01 2.8411e+01
4.9470e+00 1.4500e-01 7.4000e+00 1.5900e+01 1.3000e+00 4.9112e+01 5.4850e+00 1.4500e-01 7.5000e+00 8.4000e+00 1.5000e+00 5.0876e+01 3.6550e+00 5.5000e-02 7.8000e+00 8.6000e+00 1.3000e+00 5.9117e+01 4.6860e+00 4.7000e-02 7.8000e+00 9.7000e+00 9.0000e-01 2.8411e+01 5.6490e+00 3.9000e-02 8.1000e+00 1.0800e+01 1.3000e+00 5.2890e+01
5.6250e+00 1.6300e-01 7.3000e+00 1.3500e+01 1.2000e+00 5.4034e+01 8.4930e+00 3.4000e-02 8.2000e+00 1.5500e+01 6.3000e+00 8.3130e+01 4.6860e+00 4.7000e-02 7.8000e+00 9.7000e+00 9.0000e-01 2.8411e+01 5.6490e+00 3.9000e-02 8.1000e+00 1.0800e+01 1.3000e+00 5.2890e+01 5.2970e+00 3.8000e-02 7.5000e+00 1.2000e+01 1.2000e+00 4.4200e+01
5.2830e+00 1.6000e-01 7.4000e+00 1.4200e+01 2.0000e+00 5.5058e+01 1.1290e+01 1.7500e-01 7.5000e+00 9.9000e+00 4.5000e+00 5.6559e+01 5.6490e+00 3.9000e-02 8.1000e+00 1.0800e+01 1.3000e+00 5.2890e+01 5.2970e+00 3.8000e-02 7.5000e+00 1.2000e+01 1.2000e+00 4.4200e+01 6.0510e+00 3.4000e-02 7.1000e+00 1.2900e+01 3.0000e+00 4.9260e+01
4.9340e+00 9.8000e-02 7.6000e+00 1.2600e+01 4.6000e+00 7.4101e+01 4.0780e+00 1.4000e-02 8.1000e+00 1.3700e+01 1.3000e+00 6.2749e+01 5.2970e+00 3.8000e-02 7.5000e+00 1.2000e+01 1.2000e+00 4.4200e+01 6.0510e+00 3.4000e-02 7.1000e+00 1.2900e+01 3.0000e+00 4.9260e+01 5.1740e+00 3.1000e-02 8.0000e+00 1.3700e+01 4.1000e+00 7.2193e+01
4.3960e+00 2.2600e-01 7.4000e+00 9.1000e+00 2.7000e+00 5.9890e+01 4.1150e+00 3.5000e-02 7.6000e+00 1.0200e+01 2.7000e+00 5.5139e+01 6.0510e+00 3.4000e-02 7.1000e+00 1.2900e+01 3.0000e+00 4.9260e+01 5.1740e+00 3.1000e-02 8.0000e+00 1.3700e+01 4.1000e+00 7.2193e+01 3.3330e+00 3.0000e-02 7.8000e+00 1.0000e+01 3.2000e+00 6.3497e+01
3.8030e+00 1.3800e-01 7.4000e+00 9.1000e+00 3.4000e+00 6.2294e+01 3.0320e+00 4.6000e-02 7.9000e+00 9.6000e+00 2.9000e+00 5.0366e+01 5.1740e+00 3.1000e-02 8.0000e+00 1.3700e+01 4.1000e+00 7.2193e+01 3.3330e+00 3.0000e-02 7.8000e+00 1.0000e+01 3.2000e+00 6.3497e+01 4.3240e+00 4.6000e-02 7.7000e+00 9.0000e+00 6.0000e-01 4.5135e+01
3.9040e+00 2.1100e-01 7.4000e+00 6.8000e+00 9.0000e-01 5.6833e+01 2.9570e+00 6.6000e-02 7.4000e+00 7.2000e+00 1.2000e+00 4.7144e+01 3.3330e+00 3.0000e-02 7.8000e+00 1.0000e+01 3.2000e+00 6.3497e+01 4.3240e+00 4.6000e-02 7.7000e+00 9.0000e+00 6.0000e-01 4.5135e+01 3.5450e+00 3.5000e-02 7.7000e+00 9.9000e+00 1.9000e+00 6.6540e+01
4.1010e+00 2.6400e-01 7.1000e+00 9.2000e+00 3.5000e+00 6.7611e+01 2.7910e+00 2.7000e-02 7.7000e+00 9.3000e+00 1.2000e+00 5.6419e+01 4.3240e+00 4.6000e-02 7.7000e+00 9.0000e+00 6.0000e-01 4.5135e+01 3.5450e+00 3.5000e-02 7.7000e+00 9.9000e+00 1.9000e+00 6.6540e+01 2.7920e+00 1.3100e-01 7.4000e+00 8.4000e+00 1.0000e+00 5.0751e+01
3.5750e+00 1.7600e-01 7.4000e+00 7.5000e+00 1.5000e+00 5.7676e+01 3.1140e+00 7.4000e-02 7.7000e+00 5.1000e+00 1.4000e+00 5.8278e+01 3.5450e+00 3.5000e-02 7.7000e+00 9.9000e+00 1.9000e+00 6.6540e+01 2.7920e+00 1.3100e-01 7.4000e+00 8.4000e+00 1.0000e+00 5.0751e+01 2.7160e+00 4.9000e-02 7.5000e+00 8.7000e+00 1.6000e+00 6.0230e+01
4.8670e+00 2.3400e-01 7.6000e+00 5.3000e+00 4.1000e+00 4.9829e+01 3.7310e+00 7.9000e-02 7.7000e+00 6.3000e+00 2.1000e+00 5.6348e+01 2.7920e+00 1.3100e-01 7.4000e+00 8.4000e+00 1.0000e+00 5.0751e+01 2.7160e+00 4.9000e-02 7.5000e+00 8.7000e+00 1.6000e+00 6.0230e+01 3.1450e+00 1.3000e-02 7.9000e+00 9.2000e+00 1.2000e+00 6.5863e+01
4.5280e+00 2.0000e-01 7.3000e+00 6.8000e+00 2.8000e+00 5.9740e+01 3.6550e+00 5.5000e-02 7.8000e+00 8.6000e+00 1.3000e+00 5.9117e+01 2.7160e+00 4.9000e-02 7.5000e+00 8.7000e+00 1.6000e+00 6.0230e+01 3.1450e+00 1.3000e-02 7.9000e+00 9.2000e+00 1.2000e+00 6.5863e+01 3.1850e+00 1.3000e-02 8.0000e+00 9.8000e+00 1.0000e+00 6.6336e+01
5.2200e+00 2.4600e-01 7.4000e+00 1.0700e+01 1.6000e+00 4.5135e+01 4.6860e+00 4.7000e-02 7.8000e+00 9.7000e+00 9.0000e-01 2.8411e+01 3.1450e+00 1.3000e-02 7.9000e+00 9.2000e+00 1.2000e+00 6.5863e+01 3.1850e+00 1.3000e-02 8.0000e+00 9.8000e+00 1.0000e+00 6.6336e+01 4.1090e+00 4.6000e-02 8.4000e+00 9.1000e+00 1.0000e+00 5.4212e+01
5.4850e+00 1.4500e-01 7.5000e+00 8.4000e+00 1.5000e+00 5.0876e+01 5.6490e+00 3.9000e-02 8.1000e+00 1.0800e+01 1.3000e+00 5.2890e+01 3.1850e+00 1.3000e-02 8.0000e+00 9.8000e+00 1.0000e+00 6.6336e+01 4.1090e+00 4.6000e-02 8.4000e+00 9.1000e+00 1.0000e+00 5.4212e+01 5.2470e+00 2.2000e-02 7.6000e+00 1.5700e+01 1.1000e+00 5.9329e+01
8.4930e+00 3.4000e-02 8.2000e+00 1.5500e+01 6.3000e+00 8.3130e+01 5.2970e+00 3.8000e-02 7.5000e+00 1.2000e+01 1.2000e+00 4.4200e+01 4.1090e+00 4.6000e-02 8.4000e+00 9.1000e+00 1.0000e+00 5.4212e+01 5.2470e+00 2.2000e-02 7.6000e+00 1.5700e+01 1.1000e+00 5.9329e+01 5.3130e+00 2.9000e-02 7.8000e+00 1.4000e+01 6.0000e-01 4.4909e+01
4.0780e+00 1.4000e-02 8.1000e+00 1.3700e+01 1.3000e+00 6.2749e+01 5.1740e+00 3.1000e-02 8.0000e+00 1.3700e+01 4.1000e+00 7.2193e+01 5.3130e+00 2.9000e-02 7.8000e+00 1.4000e+01 6.0000e-01 4.4909e+01 4.4400e+00 5.1000e-02 7.8000e+00 1.0400e+01 1.9000e+00 4.9548e+01 4.1640e+00 1.4000e-02 7.6000e+00 1.4100e+01 2.4000e+00 6.7520e+01
4.1150e+00 3.5000e-02 7.6000e+00 1.0200e+01 2.7000e+00 5.5139e+01 3.3330e+00 3.0000e-02 7.8000e+00 1.0000e+01 3.2000e+00 6.3497e+01 4.4400e+00 5.1000e-02 7.8000e+00 1.0400e+01 1.9000e+00 4.9548e+01 4.1640e+00 1.4000e-02 7.6000e+00 1.4100e+01 2.4000e+00 6.7520e+01 3.7990e+00 1.7000e-02 7.4000e+00 1.0700e+01 2.6000e+00 6.0037e+01
3.0320e+00 4.6000e-02 7.9000e+00 9.6000e+00 2.9000e+00 5.0366e+01 4.3240e+00 4.6000e-02 7.7000e+00 9.0000e+00 6.0000e-01 4.5135e+01 4.1640e+00 1.4000e-02 7.6000e+00 1.4100e+01 2.4000e+00 6.7520e+01 3.7990e+00 1.7000e-02 7.4000e+00 1.0700e+01 2.6000e+00 6.0037e+01 2.6100e+00 1.4000e-02 7.9000e+00 1.1300e+01 1.4000e+00 6.3148e+01
2.9570e+00 6.6000e-02 7.4000e+00 7.2000e+00 1.2000e+00 4.7144e+01 3.5450e+00 3.5000e-02 7.7000e+00 9.9000e+00 1.9000e+00 6.6540e+01 3.7990e+00 1.7000e-02 7.4000e+00 1.0700e+01 2.6000e+00 6.0037e+01 2.6100e+00 1.4000e-02 7.9000e+00 1.1300e+01 1.4000e+00 6.3148e+01 2.6910e+00 3.9000e-02 7.8000e+00 8.9000e+00 1.1000e+00 6.1777e+01
2.7910e+00 2.7000e-02 7.7000e+00 9.3000e+00 1.2000e+00 5.6419e+01 2.7920e+00 1.3100e-01 7.4000e+00 8.4000e+00 1.0000e+00 5.0751e+01 2.6100e+00 1.4000e-02 7.9000e+00 1.1300e+01 1.4000e+00 6.3148e+01 2.6910e+00 3.9000e-02 7.8000e+00 8.9000e+00 1.1000e+00 6.1777e+01 2.8100e+00 5.4000e-02 7.3000e+00 8.7000e+00 1.1000e+00 5.2990e+01
3.1140e+00 7.4000e-02 7.7000e+00 5.1000e+00 1.4000e+00 5.8278e+01 2.7160e+00 4.9000e-02 7.5000e+00 8.7000e+00 1.6000e+00 6.0230e+01 2.6910e+00 3.9000e-02 7.8000e+00 8.9000e+00 1.1000e+00 6.1777e+01 2.8100e+00 5.4000e-02 7.3000e+00 8.7000e+00 1.1000e+00 5.2990e+01 4.0320e+00 7.5000e-02 7.3000e+00 5.9000e+00 3.4000e+00 6.8698e+01
3.7310e+00 7.9000e-02 7.7000e+00 6.3000e+00 2.1000e+00 5.6348e+01 3.1450e+00 1.3000e-02 7.9000e+00 9.2000e+00 1.2000e+00 6.5863e+01 2.8100e+00 5.4000e-02 7.3000e+00 8.7000e+00 1.1000e+00 5.2990e+01 4.0320e+00 7.5000e-02 7.3000e+00 5.9000e+00 3.4000e+00 6.8698e+01 3.0960e+00 5.0000e-02 7.7000e+00 9.6000e+00 8.0000e-01 5.3667e+01
3.6550e+00 5.5000e-02 7.8000e+00 8.6000e+00 1.3000e+00 5.9117e+01 3.1850e+00 1.3000e-02 8.0000e+00 9.8000e+00 1.0000e+00 6.6336e+01 4.0320e+00 7.5000e-02 7.3000e+00 5.9000e+00 3.4000e+00 6.8698e+01 3.0960e+00 5.0000e-02 7.7000e+00 9.6000e+00 8.0000e-01 5.3667e+01 3.4230e+00 2.6000e-02 7.8000e+00 1.0300e+01 1.7000e+00 6.4256e+01
4.6860e+00 4.7000e-02 7.8000e+00 9.7000e+00 9.0000e-01 2.8411e+01 4.1090e+00 4.6000e-02 8.4000e+00 9.1000e+00 1.0000e+00 5.4212e+01 3.0960e+00 5.0000e-02 7.7000e+00 9.6000e+00 8.0000e-01 5.3667e+01 3.4230e+00 2.6000e-02 7.8000e+00 1.0300e+01 1.7000e+00 6.4256e+01 4.0050e+00 1.5000e-02 7.9000e+00 1.1400e+01 5.0000e-01 5.9329e+01
5.6490e+00 3.9000e-02 8.1000e+00 1.0800e+01 1.3000e+00 5.2890e+01 5.2470e+00 2.2000e-02 7.6000e+00 1.5700e+01 1.1000e+00 5.9329e+01 3.4230e+00 2.6000e-02 7.8000e+00 1.0300e+01 1.7000e+00 6.4256e+01 4.0050e+00 1.5000e-02 7.9000e+00 1.1400e+01 5.0000e-01 5.9329e+01 3.2740e+00 1.2000e-02 7.7000e+00 1.2800e+01 7.0000e-01 5.2370e+01
6.0510e+00 3.4000e-02 7.1000e+00 1.2900e+01 3.0000e+00 4.9260e+01 4.4400e+00 5.1000e-02 7.8000e+00 1.0400e+01 1.9000e+00 4.9548e+01 3.2740e+00 1.2000e-02 7.7000e+00 1.2800e+01 7.0000e-01 5.2370e+01 4.4400e+00 5.1000e-02 7.8000e+00 1.0400e+01 1.9000e+00 4.9548e+01 4.9680e+00 1.9000e-02 8.1000e+00 1.3500e+01 1.7000e+00 5.7488e+01
5.1740e+00 3.1000e-02 8.0000e+00 1.3700e+01 4.1000e+00 7.2193e+01 4.1640e+00 1.4000e-02 7.6000e+00 1.4100e+01 2.4000e+00 6.7520e+01 4.4400e+00 5.1000e-02 7.8000e+00 1.0400e+01 1.9000e+00 4.9548e+01 4.9680e+00 1.9000e-02 8.1000e+00 1.3500e+01 1.7000e+00 5.7488e+01 5.1030e+00 1.3000e-02 7.7000e+00 1.1700e+01 3.1000e+00 6.5337e+01
3.3330e+00 3.0000e-02 7.8000e+00 1.0000e+01 3.2000e+00 6.3497e+01 3.7990e+00 1.7000e-02 7.4000e+00 1.0700e+01 2.6000e+00 6.0037e+01 4.9680e+00 1.9000e-02 8.1000e+00 1.3500e+01 1.7000e+00 5.7488e+01 5.1030e+00 1.3000e-02 7.7000e+00 1.1700e+01 3.1000e+00 6.5337e+01 3.7000e+00 1.7000e-02 8.0000e+00 1.2100e+01 3.2000e+00 6.7588e+01
4.3240e+00 4.6000e-02 7.7000e+00 9.0000e+00 6.0000e-01 4.5135e+01 2.6100e+00 1.4000e-02 7.9000e+00 1.1300e+01 1.4000e+00 6.3148e+01 5.1030e+00 1.3000e-02 7.7000e+00 1.1700e+01 3.1000e+00 6.5337e+01 3.7000e+00 1.7000e-02 8.0000e+00 1.2100e+01 3.2000e+00 6.7588e+01 3.3510e+00 1.2000e-02 7.9000e+00 1.0300e+01 2.0000e+00 6.3768e+01
3.5450e+00 3.5000e-02 7.7000e+00 9.9000e+00 1.9000e+00 6.6540e+01 2.6910e+00 3.9000e-02 7.8000e+00 8.9000e+00 1.1000e+00 6.1777e+01 3.7000e+00 1.7000e-02 8.0000e+00 1.2100e+01 3.2000e+00 6.7588e+01 3.3510e+00 1.2000e-02 7.9000e+00 1.0300e+01 2.0000e+00 6.3768e+01 2.8280e+00 3.6000e-02 7.7000e+00 8.7000e+00 2.0000e+00 6.1012e+01
2.7920e+00 1.3100e-01 7.4000e+00 8.4000e+00 1.0000e+00 5.0751e+01 2.8100e+00 5.4000e-02 7.3000e+00 8.7000e+00 1.1000e+00 5.2990e+01 3.3510e+00 1.2000e-02 7.9000e+00 1.0300e+01 2.0000e+00 6.3768e+01 2.8280e+00 3.6000e-02 7.7000e+00 8.7000e+00 2.0000e+00 6.1012e+01 2.9800e+00 3.4000e-02 7.7000e+00 8.5000e+00 1.9000e+00 6.5700e+01
2.7160e+00 4.9000e-02 7.5000e+00 8.7000e+00 1.6000e+00 6.0230e+01 4.0320e+00 7.5000e-02 7.3000e+00 5.9000e+00 3.4000e+00 6.8698e+01 2.8280e+00 3.6000e-02 7.7000e+00 8.7000e+00 2.0000e+00 6.1012e+01 2.9800e+00 3.4000e-02 7.7000e+00 8.5000e+00 1.9000e+00 6.5700e+01 2.7310e+00 7.4000e-02 7.6000e+00 5.5000e+00 1.7000e+00 6.0560e+01
3.1450e+00 1.3000e-02 7.9000e+00 9.2000e+00 1.2000e+00 6.5863e+01 3.0960e+00 5.0000e-02 7.7000e+00 9.6000e+00 8.0000e-01 5.3667e+01 2.9800e+00 3.4000e-02 7.7000e+00 8.5000e+00 1.9000e+00 6.5700e+01 2.7310e+00 7.4000e-02 7.6000e+00 5.5000e+00 1.7000e+00 6.0560e+01 2.5230e+00 8.6000e-02 7.8000e+00 7.8000e+00 8.0000e-01 5.5058e+01
3.1850e+00 1.3000e-02 8.0000e+00 9.8000e+00 1.0000e+00 6.6336e+01 3.4230e+00 2.6000e-02 7.8000e+00 1.0300e+01 1.7000e+00 6.4256e+01 2.7310e+00 7.4000e-02 7.6000e+00 5.5000e+00 1.7000e+00 6.0560e+01 2.5230e+00 8.6000e-02 7.8000e+00 7.8000e+00 8.0000e-01 5.5058e+01 2.7730e+00 1.3000e-02 8.2000e+00 1.1300e+01 1.1000e+00 6.9677e+01
4.1090e+00 4.6000e-02 8.4000e+00 9.1000e+00 1.0000e+00 5.4212e+01 4.0050e+00 1.5000e-02 7.9000e+00 1.1400e+01 5.0000e-01 5.9329e+01 2.5230e+00 8.6000e-02 7.8000e+00 7.8000e+00 8.0000e-01 5.5058e+01 2.7730e+00 1.3000e-02 8.2000e+00 1.1300e+01 1.1000e+00 6.9677e+01 4.1610e+00 2.7000e-02 7.5000e+00 8.7000e+00 8.0000e-01 4.5782e+01
5.2470e+00 2.2000e-02 7.6000e+00 1.5700e+01 1.1000e+00 5.9329e+01 3.2740e+00 1.2000e-02 7.7000e+00 1.2800e+01 7.0000e-01 5.2370e+01 2.7730e+00 1.3000e-02 8.2000e+00 1.1300e+01 1.1000e+00 6.9677e+01 4.1610e+00 2.7000e-02 7.5000e+00 8.7000e+00 8.0000e-01 4.5782e+01 4.9280e+00 3.6000e-02 7.4000e+00 1.1700e+01 7.0000e-01 4.4678e+01
5.3130e+00 2.9000e-02 7.8000e+00 1.4000e+01 6.0000e-01 4.4909e+01 4.4400e+00 5.1000e-02 7.8000e+00 1.0400e+01 1.9000e+00 4.9548e+01 4.1610e+00 2.7000e-02 7.5000e+00 8.7000e+00 8.0000e-01 4.5782e+01 4.9280e+00 3.6000e-02 7.4000e+00 1.1700e+01 7.0000e-01 4.4678e+01 3.6510e+00 1.9000e-02 7.8000e+00 1.2900e+01 6.0000e-01 5.0876e+01
4.4400e+00 5.1000e-02 7.8000e+00 1.0400e+01 1.9000e+00 4.9548e+01 4.9680e+00 1.9000e-02 8.1000e+00 1.3500e+01 1.7000e+00 5.7488e+01 4.9280e+00 3.6000e-02 7.4000e+00 1.1700e+01 7.0000e-01 4.4678e+01 3.6510e+00 1.9000e-02 7.8000e+00 1.2900e+01 6.0000e-01 5.0876e+01 4.0980e+00 1.2000e-02 7.8000e+00 1.4000e+01 1.6000e+00 5.8041e+01
4.1640e+00 1.4000e-02 7.6000e+00 1.4100e+01 2.4000e+00 6.7520e+01 5.1030e+00 1.3000e-02 7.7000e+00 1.1700e+01 3.1000e+00 6.5337e+01 3.6510e+00 1.9000e-02 7.8000e+00 1.2900e+01 6.0000e-01 5.0876e+01 4.0980e+00 1.2000e-02 7.8000e+00 1.4000e+01 1.6000e+00 5.8041e+01 3.9110e+00 9.0000e-03 7.8000e+00 1.2100e+01 1.9000e+00 6.6982e+01
3.7990e+00 1.7000e-02 7.4000e+00 1.0700e+01 2.6000e+00 6.0037e+01 3.7000e+00 1.7000e-02 8.0000e+00 1.2100e+01 3.2000e+00 6.7588e+01 4.0980e+00 1.2000e-02 7.8000e+00 1.4000e+01 1.6000e+00 5.8041e+01 3.9110e+00 9.0000e-03 7.8000e+00 1.2100e+01 1.9000e+00 6.6982e+01 3.6560e+00 4.0000e-03 8.6000e+00 1.3100e+01 3.3000e+00 6.8223e+01
2.7700e+00 1.5200e-01 9.7000e+00 1.0100e+01 5.0000e-01 4.5782e+01 1.9310e+00 1.4700e-01 7.3000e+00 7.3000e+00 9.0000e-01 5.4644e+01 2.7210e+00 6.3000e-02 7.8000e+00 1.0900e+01 2.1000e+00 6.4629e+01 1.9520e+00 7.5000e-02 6.9000e+00 6.5000e+00 1.7000e+00 4.8177e+01 4.4400e+00 5.1000e-02 7.8000e+00 1.0400e+01 1.9000e+00 4.9548e+01
1.1290e+01 1.7500e-01 7.5000e+00 9.9000e+00 4.5000e+00 5.6559e+01 6.0510e+00 3.4000e-02 7.1000e+00 1.2900e+01 3.0000e+00 4.9260e+01 5.2470e+00 2.2000e-02 7.6000e+00 1.5700e+01 1.1000e+00 5.9329e+01 5.3130e+00 2.9000e-02 7.8000e+00 1.4000e+01 6.0000e-01 4.4909e+01 4.4400e+00 5.1000e-02 7.8000e+00 1.0400e+01 1.9000e+00 4.9548e+01
5.2970e+00 3.8000e-02 7.5000e+00 1.2000e+01 1.2000e+00 4.4200e+01 5.3130e+00 2.9000e-02 7.8000e+00 1.4000e+01 6.0000e-01 4.4909e+01 4.0050e+00 1.5000e-02 7.9000e+00 1.1400e+01 5.0000e-01 5.9329e+01 3.2740e+00 1.2000e-02 7.7000e+00 1.2800e+01 7.0000e-01 5.2370e+01 4.4400e+00 5.1000e-02 7.8000e+00 1.0400e+01 1.9000e+00 4.9548e+01
